,fluxes,reduced_costs
biomass_dilution,0.2821114655482083,-0.033291827471529076
protein_biomass_to_biomass,0.10880554231563999,-1.1920128857362917e-35
mRNA_biomass_to_biomass,0.0004932398813673754,-7.932839282305814e-36
tRNA_biomass_to_biomass,0.0029853296680373183,0.0
rRNA_biomass_to_biomass,0.021282196405848417,0.0
ncRNA_biomass_to_biomass,0.0,0.0
tmRNA_biomass_to_biomass,0.0,0.0
DNA_biomass_to_biomass,0.016107448976832205,0.0
lipid_biomass_to_biomass,0.0,0.0
constituent_biomass_to_biomass,0.07109383705904193,0.0
prosthetic_group_biomass_to_biomass,0.00014075368889358446,-4.254107447593664e-36
peptidoglycan_biomass_to_biomass,0.0,0.0
DM_4HBA,0.0,-7.244778409781061e-05
DM_5DRIB,0.0,-1.136967189954717e-05
DM_5MTR,0.0,0.0
DM_GCALD,0.002620674459210081,0.0
DM_HQN,0.0,0.0
DM_atp_c_,0.0,-8.238546644500509e-06
DM_clpn140(c),0.0,-0.0001478903193793648
DM_clpn160(c),0.0,-9.616986972503888e-05
DM_clpn180(c),0.0,-0.00015527125528561685
DM_clpnai15(c),0.0,-0.000427599919315531
DM_clpnai17(c),0.0,-0.0004931387802688153
DM_clpni15(c),0.0,-0.20859414357267414
DM_clpni16(c),0.0,0.0
DM_clpni17(c),0.0,-0.20866125234731667
DM_dad_5,0.001747116306140054,0.0
DM_dhptd(c),0.0029134572660127786,0.0
DM_kdo2lipid4L(c),0.0,-0.0003257811139719697
EX_15dap(e),0.0,-3.0357243044284742e-06
EX_4abut(e),0.0,0.0
EX_4hbz(e),0.0,0.0
EX_ac(e),7.281763946536948,0.0
EX_acac(e),0.0,-3.1820438605065876e-06
EX_acald(e),0.0,-3.639610318526151e-06
EX_acgam(e),-0.15956994166320626,0.0
EX_adn(e),-0.03162108131787862,0.0
EX_adocbl(e),-0.0008735781825841207,0.0
EX_akg(e),0.0,-9.463618279866423e-06
EX_ala_D(e),0.0,0.0
EX_ala_L(e),0.0,0.0
EX_alaasp(e),0.0,0.0
EX_alagln(e),0.0,0.0
EX_alaglu(e),0.0,0.0
EX_alagly(e),0.0,0.0
EX_alahis(e),0.0,0.0
EX_alaleu(e),0.0,-0.05203689796290947
EX_alathr(e),0.0,0.0
EX_alltn(e),0.0,0.0
EX_arab_L(e),0.0,0.0
EX_arbt(e),0.0,-4.28779905943716e-06
EX_arg_L(e),-0.1130387545985029,0.0
EX_asn_L(e),-0.06101823242147073,0.0
EX_asp_L(e),-0.07750421510942174,1.3658357190735287e-35
EX_bhb(e),0.0,-2.1295321882769294e-06
EX_biomass(e),0.0,0.0
EX_but(e),0.0,0.0
EX_ca2(e),0.0,0.0
EX_cbl1(e),0.0,0.0
EX_cbl2(e),0.0,0.0
EX_cd2(e),0.0,-0.0018015518526205048
EX_cgly(e),0.0,0.0
EX_chol(e),0.0,0.0
EX_cit(e),-1.0,-8.755318573932335e-06
EX_cl(e),0.0,0.0
EX_co2(e),3.131844892972288,0.0
EX_cobalt2(e),-0.0008737704130946771,0.0
EX_crn(e),0.0,-6.216278654383072e-07
EX_csn(e),0.0,0.0
EX_ctbt(e),0.0,-2.626666912044891e-06
EX_cu2(e),0.0,0.0
EX_cys_L(e),-0.01634387872222392,0.0
EX_cytd(e),0.0,-2.0414948442866207e-05
EX_dad_2(e),1.205406003229158e-23,0.0
EX_dcyt(e),0.0,0.0
EX_ddca(e),-0.03527955991022261,0.0
EX_dgsn(e),-0.038151689500639574,0.0
EX_din(e),1.718669518766714e-24,0.0
EX_dms(e),0.0,0.0
EX_dmso(e),0.0,-3.3560316269820497e-07
EX_drib(e),0.0,0.0
EX_duri(e),0.0,-5.605855464767733e-07
EX_etoh(e),0.0,-2.405181275627669e-06
EX_fe2(e),-0.0017471401441674726,0.0
EX_fe3(e),-2.8613726462665687e-09,0.0
EX_for(e),4.457444443418208,0.0
EX_fru(e),-0.14898579,-5.563824515558001e-06
EX_fum(e),-1.0,-2.492739443917341e-06
EX_gal(e),0.0,0.0
EX_galt(e),0.0,0.0
EX_galur(e),0.0,-5.964044634337069e-06
EX_gam(e),-1.0,-1.3542129432295035e-06
EX_gbbtn(e),0.0,0.0
EX_gcald(e),0.0,0.0
EX_glc_D(e),-0.14898579,-9.326855982594821e-06
EX_glcur(e),0.0,-4.723749151491825e-06
EX_gln_L(e),0.0,0.0
EX_glu_L(e),-0.18,-6.265214444390363e-07
EX_gly(e),-0.05212253627517313,0.0
EX_glyasn(e),0.0,0.0
EX_glyasp(e),0.0,0.0
EX_glyc(e),-2.427304274893732e-34,0.0
EX_glyc3p(e),-1.0,-8.42562588792112e-06
EX_glycys(e),0.0,0.0
EX_glygln(e),0.0,0.0
EX_glyglu(e),0.0,0.0
EX_glyleu(e),0.0,-0.05204478023422309
EX_glymet(e),0.0,0.0
EX_glyphe(e),0.0,0.0
EX_glypro(e),0.0,0.0
EX_glytyr(e),0.0,0.0
EX_gsn(e),0.0,-3.754847033183946e-06
EX_h(e),4.929074767206194,0.0
EX_h2o(e),-2.578854419008646,0.0
EX_h2s(e),-0.0435932682557641,0.0
EX_hdca(e),3.9005296675032617e-23,0.0
EX_hg2(e),0.0,0.0
EX_his_L(e),-0.033225438059736975,0.0
EX_hxan(e),0.0,0.0
EX_ile_L(e),-0.10932818436791374,0.0
EX_indole(e),0.0,0.0
EX_ins(e),0.0,-3.2415481188684477e-06
EX_k(e),-1.7454785361799576e-06,0.0
EX_lac_D(e),0.0,-6.637868590346712e-07
EX_lac_L(e),0.0,0.0
EX_leu_L(e),-0.15,-0.052041389538529215
EX_lys_L(e),-0.05054222582341661,0.0
EX_mal_L(e),0.0,-3.0818723701520657e-06
EX_malt(e),-0.07449289,-1.664360930424537e-05
EX_malthx(e),0.0,-1.377763995157743e-05
EX_malttr(e),0.0,0.0
EX_man(e),-0.14898579,-5.2915651803099274e-06
EX_mantr(e),0.0,-8.341233577855117e-06
EX_met_D(e),0.0,0.0
EX_met_L(e),0.0,0.0
EX_metala(e),0.0,0.0
EX_metsox_R_L(e),0.0,0.0
EX_metsox_S_L(e),0.0,0.0
EX_mg2(e),-0.0025218325235514837,0.0
EX_mn2(e),-0.001337596995863439,0.0
EX_mnl(e),0.0,0.0
EX_na1(e),0.0,0.0
EX_nac(e),0.9991262924620271,0.0
EX_ncam(e),0.0,0.0
EX_nh4(e),3.7005712821799865,0.0
EX_ni2(e),0.0,0.0
EX_nmn(e),-1.0,-2.0639551365801076e-05
EX_no2(e),-0.8422565034517091,0.0
EX_no3(e),-1.0,-6.8555639737267286e-06
EX_o2(e),0.0,-7.68293200384881e-05
EX_ocdca(e),-0.024031383081258576,0.0
EX_orn(e),0.0,0.0
EX_pb(e),0.0,0.0
EX_phe_L(e),-0.06955202359031053,0.0
EX_pi(e),0.0,0.0
EX_pnto_R(e),-0.0008745496200901665,0.0
EX_ppi(e),0.8914121846249343,0.0
EX_pppn(e),0.0,0.0
EX_pro_L(e),-0.0651299049374394,0.0
EX_ptrc(e),-0.000873558153070027,0.0
EX_pydam(e),0.0,0.0
EX_pydx(e),-0.0008742875053241853,0.0
EX_pydxn(e),0.0,0.0
EX_rib_D(e),0.0,0.0
EX_salcn(e),0.0,0.0
EX_sbt_D(e),0.0,0.0
EX_ser_D(e),0.0,0.0
EX_ser_L(e),-0.14876590841895052,0.0
EX_so4(e),0.0,0.0
EX_spmd(e),-0.000873558153070027,0.0
EX_succ(e),0.9761895630900044,0.0
EX_sucr(e),0.0,0.0
EX_tet(e),0.0,0.0
EX_thm(e),-0.0008738483381795242,0.0
EX_thr_L(e),-0.1269254401165014,0.0
EX_thymd(e),-0.010358947122225393,0.0
EX_tma(e),0.0,0.0
EX_tmao(e),0.0,-9.715379504323163e-07
EX_tre(e),0.0,0.0
EX_trp_L(e),-0.009097099206446711,0.0
EX_tsul(e),0.0,0.0
EX_ttdca(e),-0.007055898371439188,0.0
EX_tyr_L(e),-0.04059411305921994,0.0
EX_ura(e),0.0,0.0
EX_urea(e),0.0,-2.7745195385497335e-06
EX_uri(e),-0.05950208014905636,0.0
EX_val_L(e),-0.0628296956996047,0.0
EX_xan(e),0.0,0.0
EX_xyl_D(e),0.0,0.0
EX_zn2(e),-7.283208964018616e-07,0.0
translation_6x7.59001.peg.1,0.0,-6.094474000374169e-34
transcription_TU_6x7.59001.peg.1,0.0,-0.07557749207513002
translation_6x7.59001.peg.2,0.0,-1.1037120644957322e-35
transcription_TU_6x7.59001.peg.2,0.0,-0.0630781322241361
translation_6x7.59001.peg.4,0.0,1.691427198497502e-33
transcription_TU_6x7.59001.peg.4,0.0,-0.13778534083814967
translation_6x7.59001.peg.10,1.8461439699988994e-07,2.2768882516727626e-33
transcription_TU_6x7.59001.peg.10,2.698392052696077e-09,7.985757348010295e-34
translation_6x7.59001.peg.12,3.9215288790713584e-10,1.8447138352081858e-33
transcription_TU_6x7.59001.peg.12,5.7318511089417456e-12,-1.0041185661284295e-33
translation_6x7.59001.peg.13,1.3039309258742025e-07,-3.3042828090140834e-34
transcription_TU_6x7.59001.peg.13,1.9058734881037925e-09,3.73187130556022e-33
translation_6x7.59001.peg.20,0.0,5.548324688965544e-34
transcription_TU_6x7.59001.peg.20,0.0,-0.1151843235768115
translation_6x7.59001.peg.25,0.0,1.770211873281516e-33
transcription_TU_6x7.59001.peg.25,0.0,-3.116789406022699e-33
translation_6x7.59001.peg.26,0.0,-7.773210029306609e-34
transcription_TU_6x7.59001.peg.26,0.0,7.112963161084934e-33
translation_6x7.59001.peg.29,0.0,3.3424006084635863e-34
transcription_TU_6x7.59001.peg.29,0.0,3.484059056448418e-33
translation_6x7.59001.peg.30,4.606786708588821e-07,2.1733818016901256e-35
transcription_TU_6x7.59001.peg.30,6.733449202734391e-09,6.1185554635447705e-34
translation_6x7.59001.peg.31,1.0955427519192187e-07,5.345168900361722e-34
transcription_TU_6x7.59001.peg.31,1.601285654427792e-09,-4.751954307280623e-34
translation_6x7.59001.peg.34,3.921528879071363e-10,-3.0706832960927095e-34
transcription_TU_6x7.59001.peg.34,5.731851108941753e-12,-1.3583782449547594e-33
translation_6x7.59001.peg.35,0.0,6.767665166613367e-34
transcription_TU_6x7.59001.peg.35,0.0,-0.03685122306955922
translation_6x7.59001.peg.37,0.0,-3.7704059752737026e-34
transcription_TU_6x7.59001.peg.37,0.0,-0.02617200163174523
translation_6x7.59001.peg.38,3.2948457199746875e-09,-3.712274646793981e-34
transcription_TU_6x7.59001.peg.38,4.8158679117775855e-11,-1.3750486487460639e-33
translation_6x7.59001.peg.40,1.4639532493022783e-05,1.3301094815478396e-34
transcription_TU_6x7.59001.peg.40,2.1397680124796668e-07,4.975460973674758e-35
translation_6x7.59001.peg.41,1.4639532493022783e-05,4.7146243996830534e-35
transcription_TU_6x7.59001.peg.41,2.1397680124796668e-07,-3.1874253636219348e-34
translation_6x7.59001.peg.43,2.63389636152192e-09,-4.210837372514931e-34
transcription_TU_6x7.59001.peg.43,3.84979997500417e-11,1.724610328815862e-33
translation_6x7.59001.peg.47,7.1960830091983414e-09,1.0410562006289585e-33
transcription_TU_6x7.59001.peg.47,1.0518060085299659e-10,-2.72854636722804e-34
translation_6x7.59001.peg.48,7.533548881325364e-09,6.740638879766347e-35
transcription_TU_6x7.59001.peg.48,1.1011312638839267e-10,-1.8913509969516768e-34
translation_6x7.59001.peg.54,8.12191083260062e-09,1.308576733300357e-33
transcription_TU_6x7.59001.peg.54,1.187128414660356e-10,-4.069636275357e-34
translation_6x7.59001.peg.55,7.625101620249613e-09,5.494712034675371e-34
transcription_TU_6x7.59001.peg.55,1.114512949555814e-10,-2.4588218603109106e-33
translation_6x7.59001.peg.56,4.986368828161343e-08,-6.361855419125664e-35
transcription_TU_6x7.59001.peg.56,7.288260415426885e-10,2.238149907498406e-33
translation_6x7.59001.peg.57,0.0,5.7465889559832314e-36
transcription_TU_6x7.59001.peg.57,0.0,-0.06862801721472914
translation_6x7.59001.peg.58,0.0,-2.7320391175706854e-34
transcription_TU_6x7.59001.peg.58,0.0,-0.05890793420638631
translation_6x7.59001.peg.61,0.0,4.928113208061356e-34
transcription_TU_6x7.59001.peg.61,0.0,3.170449991863727e-33
translation_6x7.59001.peg.62,0.0,-4.077797329952278e-34
transcription_TU_6x7.59001.peg.62,0.0,-9.923673980630745e-34
translation_6x7.59001.peg.63,4.844573363414172e-07,3.1389423079881554e-34
transcription_TU_6x7.59001.peg.63,7.081006939316709e-09,-5.540247979645427e-34
translation_6x7.59001.peg.64,3.3651771789294886e-08,5.030081066289228e-34
transcription_TU_6x7.59001.peg.64,4.918666963737909e-10,1.7801117442674427e-33
translation_6x7.59001.peg.65,0.0,-1.885047868276024e-33
transcription_TU_6x7.59001.peg.65,0.0,-2.1445837113570233e-33
translation_6x7.59001.peg.67,4.630133765034449e-08,2.6745229872395214e-34
transcription_TU_6x7.59001.peg.67,6.767574120720482e-10,-1.4376040920882096e-33
translation_6x7.59001.peg.70,0.0,-1.4503183099097012e-34
transcription_TU_6x7.59001.peg.70,0.0,2.1532723926511912e-34
translation_6x7.59001.peg.71,1.065457616776198e-09,1.7030155296632827e-33
transcription_TU_6x7.59001.peg.71,1.5573121123349386e-11,3.131245504090846e-33
translation_6x7.59001.peg.72,1.0112513737603095e-07,3.698019105770299e-35
transcription_TU_6x7.59001.peg.72,1.4780822701679308e-09,-8.003768645571936e-34
translation_6x7.59001.peg.74,0.0,4.8763238779321576e-34
transcription_TU_6x7.59001.peg.74,0.0,-0.06279646092192664
translation_6x7.59001.peg.76,0.0,-4.0127613534983494e-36
transcription_TU_6x7.59001.peg.76,0.0,-0.06471346544530834
translation_6x7.59001.peg.77,0.0,9.893590363420728e-35
transcription_TU_6x7.59001.peg.77,0.0,-0.07248025436908344
translation_6x7.59001.peg.78,7.513550669743293e-09,-1.5039937654993072e-34
transcription_TU_6x7.59001.peg.78,1.0982082515902958e-10,-1.8971616127825704e-34
translation_6x7.59001.peg.79,8.738046505336807e-09,-5.8905385275626e-34
transcription_TU_6x7.59001.peg.79,1.2771850749052702e-10,1.7526023175036654e-33
translation_6x7.59001.peg.80,0.0,9.789133963175725e-34
transcription_TU_6x7.59001.peg.80,0.0,-0.040000015999167415
translation_6x7.59001.peg.89,2.475150242666722e-09,-6.401708999601091e-34
transcription_TU_6x7.59001.peg.89,3.6177707982572073e-11,-1.1507586574618721e-33
translation_6x7.59001.peg.90,2.0914650377241447e-09,4.773731146256159e-34
transcription_TU_6x7.59001.peg.90,3.056962364798612e-11,2.5612059665830193e-33
translation_6x7.59001.peg.91,0.0,1.0668291664922938e-33
transcription_TU_6x7.59001.peg.91,0.0,-0.14609935947056113
translation_6x7.59001.peg.94,0.0,8.638653481252781e-35
transcription_TU_6x7.59001.peg.94,0.0,-6.788506153258033e-35
translation_6x7.59001.peg.98,0.0,-1.3715783749210166e-33
transcription_TU_6x7.59001.peg.98,0.0,-0.12345069389832078
translation_6x7.59001.peg.99,4.003430726806934e-09,-8.789523151663802e-34
transcription_TU_6x7.59001.peg.99,5.85156186748618e-11,4.396910859987874e-34
translation_6x7.59001.peg.102,0.0,1.3713608941626607e-34
transcription_TU_6x7.59001.peg.102,0.0,1.895142986579749e-33
translation_6x7.59001.peg.107,0.0,2.36481287096613e-34
transcription_TU_6x7.59001.peg.107,0.0,-0.030056504178667606
translation_6x7.59001.peg.109,0.0,-1.2050777740645346e-33
transcription_TU_6x7.59001.peg.109,0.0,-0.13245452502629979
translation_6x7.59001.peg.114,0.0,3.233041588287835e-33
transcription_TU_6x7.59001.peg.114,0.0,2.210123404811781e-33
translation_6x7.59001.peg.115,-8.596331437980015e-63,-1.3859403663174225e-34
transcription_TU_6x7.59001.peg.115,0.0,-1.040605585239948e-33
translation_6x7.59001.peg.119,1.2214238517579733e-09,-2.3362404865038606e-34
transcription_TU_6x7.59001.peg.119,1.7852781083801995e-11,-2.199045739259632e-33
translation_6x7.59001.peg.121,0.0,-6.359372516182798e-34
transcription_TU_6x7.59001.peg.121,0.0,-0.09368870334417127
translation_6x7.59001.peg.122,2.671365992815669e-08,-5.93301413763992e-35
transcription_TU_6x7.59001.peg.122,3.9045669687725737e-10,-1.8408920344707293e-34
translation_6x7.59001.peg.126,1.3233222310897148e-08,-1.7579852272695678e-35
transcription_TU_6x7.59001.peg.126,1.9342165343316407e-10,-2.844407398727188e-33
translation_6x7.59001.peg.129,0.0,-5.241254542943691e-34
transcription_TU_6x7.59001.peg.129,0.0,-0.08535186703477583
translation_6x7.59001.peg.133,0.0,7.287711751055512e-34
transcription_TU_6x7.59001.peg.133,0.0,2.8102981685467378e-34
translation_6x7.59001.peg.134,2.15791252537439e-09,3.466068693526118e-34
transcription_TU_6x7.59001.peg.134,3.154084461184816e-11,1.2137810623531314e-34
translation_6x7.59001.peg.137,0.0,-1.4127476779014924e-33
transcription_TU_6x7.59001.peg.137,0.0,-0.05955269763198309
translation_6x7.59001.peg.138,1.6997372144332366e-07,3.7979980328150567e-34
transcription_TU_6x7.59001.peg.138,2.484398544010166e-09,-6.511516928248369e-34
translation_6x7.59001.peg.139,1.2007544722860001e-09,-3.3957255433135807e-34
transcription_TU_6x7.59001.peg.139,1.7550669817250204e-11,1.5248746553677223e-33
translation_6x7.59001.peg.142,3.399572043468368e-10,2.573515829896558e-34
transcription_TU_6x7.59001.peg.142,4.9689397651193335e-12,-1.8399468150740083e-34
translation_6x7.59001.peg.143,1.4639140340134875e-05,7.013954962563614e-35
transcription_TU_6x7.59001.peg.143,2.1397106939685772e-07,-1.1789985238246885e-33
translation_6x7.59001.peg.144,1.4639532493022783e-05,1.1222316628443629e-34
transcription_TU_6x7.59001.peg.144,2.1397680124796668e-07,-9.847451821091845e-34
translation_6x7.59001.peg.145,1.4639532493022783e-05,2.536480052582823e-34
transcription_TU_6x7.59001.peg.145,2.1397680124796668e-07,-7.075202014395099e-34
translation_6x7.59001.peg.146,4.606786708588821e-07,1.6587802664365035e-34
transcription_TU_6x7.59001.peg.146,6.733449202734391e-09,-1.5281946995956622e-32
translation_6x7.59001.peg.147,4.606786708588821e-07,1.2150446466148855e-33
transcription_TU_6x7.59001.peg.147,6.733449202734391e-09,6.246741647470268e-33
translation_6x7.59001.peg.148,0.0,1.7848566795435972e-35
transcription_TU_6x7.59001.peg.148,0.0,-4.812119633576899e-34
translation_6x7.59001.peg.149,0.0,9.592601789396809e-34
transcription_TU_6x7.59001.peg.149,0.0,3.385147431406844e-33
translation_6x7.59001.peg.151,9.478234498953064e-10,2.1290756397690637e-34
transcription_TU_6x7.59001.peg.151,1.385373679474195e-11,-2.82511236338286e-34
translation_6x7.59001.peg.156,0.0,1.0487629702055476e-34
transcription_TU_6x7.59001.peg.156,0.0,-1.611800262531913e-33
translation_6x7.59001.peg.157,0.0,-6.095178972932928e-34
transcription_TU_6x7.59001.peg.157,0.0,5.095149611472643e-35
translation_6x7.59001.peg.159,0.0,-7.401392221348295e-36
transcription_TU_6x7.59001.peg.159,0.0,-0.1113301114743985
translation_6x7.59001.peg.161,2.4329846829972215e-07,1.756130553129938e-34
transcription_TU_6x7.59001.peg.161,3.556140062540681e-09,-4.890228803624037e-33
translation_6x7.59001.peg.163,0.0,2.2745363489146604e-34
transcription_TU_6x7.59001.peg.163,0.0,-0.036239599052978966
translation_6x7.59001.peg.167,0.0,-2.1596115673670976e-34
transcription_TU_6x7.59001.peg.167,0.0,-0.1083568160060627
translation_6x7.59001.peg.168,0.0,2.340809368390476e-34
transcription_TU_6x7.59001.peg.168,0.0,-0.1299511478351183
translation_6x7.59001.peg.169,5.0423340327307034e-08,-1.2715647312714772e-34
transcription_TU_6x7.59001.peg.169,7.370061220614123e-10,-2.5049526128591612e-34
translation_6x7.59001.peg.171,2.0029514093742525e-08,-2.2205441194110135e-35
transcription_TU_6x7.59001.peg.171,2.927587584079432e-10,1.2975291463823863e-32
translation_6x7.59001.peg.172,0.0,1.3500445737311268e-33
transcription_TU_6x7.59001.peg.172,0.0,-0.07691028976295355
translation_6x7.59001.peg.175,2.428502041613763e-07,6.0945883887414946e-34
transcription_TU_6x7.59001.peg.175,3.549588068719626e-09,-1.7300341478161117e-33
translation_6x7.59001.peg.176,0.0,-1.1793422467705171e-33
transcription_TU_6x7.59001.peg.176,0.0,8.735147504563853e-34
translation_6x7.59001.peg.179,0.0,-2.541805310166284e-33
transcription_TU_6x7.59001.peg.179,0.0,-3.7324216105944025e-33
translation_6x7.59001.peg.180,0.0,3.4587358963633955e-34
transcription_TU_6x7.59001.peg.180,0.0,-9.312010640167918e-33
translation_6x7.59001.peg.181,0.0,6.656876179469629e-34
transcription_TU_6x7.59001.peg.181,0.0,-4.3981517490571394e-34
translation_6x7.59001.peg.183,0.0,4.4496464884844996e-34
transcription_TU_6x7.59001.peg.183,0.0,-0.07037595957639861
translation_6x7.59001.peg.184,9.275960591735782e-08,2.4032790559678756e-34
transcription_TU_6x7.59001.peg.184,1.3558085798626396e-09,-3.241607547132116e-33
translation_6x7.59001.peg.186,0.0,-2.4741317039277383e-34
transcription_TU_6x7.59001.peg.186,0.0,-7.2548869016560434e-34
translation_6x7.59001.peg.187,0.0,1.1799252880819962e-33
transcription_TU_6x7.59001.peg.187,0.0,-0.04980517114155869
translation_6x7.59001.peg.189,0.0,-2.9682497505007817e-33
transcription_TU_6x7.59001.peg.189,0.0,-0.13980689168063798
translation_6x7.59001.peg.190,0.0,1.1489462049523764e-34
transcription_TU_6x7.59001.peg.190,0.0,-0.0228356021060099
translation_6x7.59001.peg.191,8.731694121949271e-07,-9.454452018629677e-34
transcription_TU_6x7.59001.peg.191,1.2762565871422806e-08,1.1222956348384701e-33
translation_6x7.59001.peg.194,0.0,-2.0595789416911405e-33
transcription_TU_6x7.59001.peg.194,0.0,-1.855427128248917e-33
translation_6x7.59001.peg.195,0.0,3.871805444303283e-35
transcription_TU_6x7.59001.peg.195,0.0,1.937737326166449e-33
translation_6x7.59001.peg.196,0.0,-1.4330382507038094e-34
transcription_TU_6x7.59001.peg.196,0.0,-0.01705193487486914
translation_6x7.59001.peg.204,0.0,1.0062633833128327e-33
transcription_TU_6x7.59001.peg.204,0.0,-0.059325520845655344
translation_6x7.59001.peg.209,0.0,-4.769068033547495e-34
transcription_TU_6x7.59001.peg.209,0.0,-2.643346642161248e-33
translation_6x7.59001.peg.215,0.0,7.841614442855144e-35
transcription_TU_6x7.59001.peg.215,0.0,-0.030243015927335866
translation_6x7.59001.peg.216,0.0,-9.757083109813884e-34
transcription_TU_6x7.59001.peg.216,0.0,1.6857743939282132e-34
translation_6x7.59001.peg.217,0.0,-8.414499439972704e-34
transcription_TU_6x7.59001.peg.217,0.0,-1.2812281251316687e-33
translation_6x7.59001.peg.218,0.0,3.1026141439440877e-34
transcription_TU_6x7.59001.peg.218,0.0,-3.492401299992363e-34
translation_6x7.59001.peg.219,0.0,-2.5461509120042038e-33
transcription_TU_6x7.59001.peg.219,0.0,1.1729273122189638e-32
translation_6x7.59001.peg.220,1.3621652255815292e-06,6.531380199063488e-34
transcription_TU_6x7.59001.peg.220,1.9909908863556014e-08,-1.8955470623938456e-33
translation_6x7.59001.peg.222,0.0,-2.8617543695576535e-33
transcription_TU_6x7.59001.peg.222,0.0,-8.032619145992818e-34
translation_6x7.59001.peg.226,1.2999504137807285e-62,-5.083377543188305e-34
transcription_TU_6x7.59001.peg.226,0.0,2.3584647023536742e-33
translation_6x7.59001.peg.227,0.0,1.8893566364380996e-34
transcription_TU_6x7.59001.peg.227,0.0,-3.8215977718312286e-33
translation_6x7.59001.peg.228,8.475716433445924e-10,-7.433416148196784e-36
transcription_TU_6x7.59001.peg.228,1.238841944971911e-11,-5.0649848088741496e-33
translation_6x7.59001.peg.236,0.0,-6.0021354160577735e-34
transcription_TU_6x7.59001.peg.236,0.0,-0.053258375706507204
translation_6x7.59001.peg.238,0.0,2.221916882642913e-34
transcription_TU_6x7.59001.peg.238,0.0,-0.09665881599787003
translation_6x7.59001.peg.246,1.4526611827999294e-09,-3.923124514356059e-34
transcription_TU_6x7.59001.peg.246,2.1232631119932372e-11,1.2181538771965035e-33
translation_6x7.59001.peg.247,3.5298028510438825e-11,-2.3770213875321427e-34
transcription_TU_6x7.59001.peg.247,5.159289912176484e-13,-1.2747525467730878e-33
translation_6x7.59001.peg.251,0.0,2.068260244261057e-34
transcription_TU_6x7.59001.peg.251,0.0,-0.07573497022264562
translation_6x7.59001.peg.252,0.0,-5.329370847911597e-34
transcription_TU_6x7.59001.peg.252,0.0,-0.12268961044005011
translation_6x7.59001.peg.257,0.0,-2.8413753360684044e-34
transcription_TU_6x7.59001.peg.257,0.0,-0.08313813909861649
translation_6x7.59001.peg.258,0.0,3.23946016652676e-34
transcription_TU_6x7.59001.peg.258,0.0,5.324551792637425e-33
translation_6x7.59001.peg.261,0.0,-4.259100194197191e-34
transcription_TU_6x7.59001.peg.261,0.0,-0.03693644287168637
translation_6x7.59001.peg.262,0.0,-2.926912637901282e-34
transcription_TU_6x7.59001.peg.262,0.0,-0.06570787476259299
translation_6x7.59001.peg.266,0.0,-1.1736600098618766e-33
transcription_TU_6x7.59001.peg.266,0.0,-4.7500143381010694e-33
translation_6x7.59001.peg.267,3.5439994514165906e-09,2.6940142489904484e-34
transcription_TU_6x7.59001.peg.267,5.1800401863932024e-11,-3.839735173039077e-33
translation_6x7.59001.peg.275,0.0,-3.097589802744797e-33
transcription_TU_6x7.59001.peg.275,0.0,-0.09802258137337987
translation_6x7.59001.peg.277,0.0,2.765116338459478e-34
transcription_TU_6x7.59001.peg.277,0.0,5.160510242099947e-33
translation_6x7.59001.peg.278,-4.353711017906395e-41,-5.4054332398209735e-34
transcription_TU_6x7.59001.peg.278,5.247722324397884e-43,-4.492756799610771e-33
translation_6x7.59001.peg.280,3.0578680437043627e-10,1.799403944700234e-35
transcription_TU_6x7.59001.peg.280,4.469492608060287e-12,-6.939001738593938e-35
translation_6x7.59001.peg.281,6.115736087408725e-10,-3.071502066478685e-35
transcription_TU_6x7.59001.peg.281,8.938985216120573e-12,9.727007875202077e-34
translation_6x7.59001.peg.297,0.0,1.3329347548146616e-33
transcription_TU_6x7.59001.peg.297,0.0,-0.058591840849916456
translation_6x7.59001.peg.300,-1.4863420492337775e-28,-2.157706427288976e-34
transcription_TU_6x7.59001.peg.300,-2.1724923074351656e-30,-5.604418046089644e-34
translation_6x7.59001.peg.301,-1.4863420492337775e-28,-7.190228424902297e-35
transcription_TU_6x7.59001.peg.301,-2.1724923074351656e-30,-4.986137051681178e-35
translation_6x7.59001.peg.302,1.1715154974190369e-06,-2.004200271696375e-34
transcription_TU_6x7.59001.peg.302,1.712330218670706e-08,1.2609543616828061e-34
translation_6x7.59001.peg.303,1.1715154974190369e-06,6.6544113986113984e-34
transcription_TU_6x7.59001.peg.303,1.712330218670706e-08,2.9459228662696373e-33
translation_6x7.59001.peg.306,0.0,-3.9473924291494326e-33
transcription_TU_6x7.59001.peg.306,0.0,1.1467927720130713e-32
translation_6x7.59001.peg.307,1.10095223257154e-08,2.4815399735289323e-34
transcription_TU_6x7.59001.peg.307,1.6091923506761057e-10,-2.4694016618840707e-33
translation_6x7.59001.peg.309,1.065457616776198e-09,-2.7182551292252693e-34
transcription_TU_6x7.59001.peg.309,1.5573121123349386e-11,7.873508711717748e-34
translation_6x7.59001.peg.323,-1.9391001873676984e-30,4.135405126699221e-34
transcription_TU_6x7.59001.peg.323,-2.8342602852244456e-32,2.684965298508076e-33
translation_6x7.59001.peg.326,3.5298028510438825e-11,5.5509879599228235e-34
transcription_TU_6x7.59001.peg.326,5.159289912176484e-13,-1.3900520701408077e-33
translation_6x7.59001.peg.331,1.4639532493022783e-05,9.448703971242561e-35
transcription_TU_6x7.59001.peg.331,2.1397680124796668e-07,-1.554828008467706e-33
translation_6x7.59001.peg.332,1.4639532493022783e-05,1.3086899229317193e-34
transcription_TU_6x7.59001.peg.332,2.1397680124796668e-07,6.749660317108075e-35
translation_6x7.59001.peg.338,0.0,-1.1849372133103434e-33
transcription_TU_6x7.59001.peg.338,0.0,-2.1919092844346382e-33
translation_6x7.59001.peg.341,0.0,1.313420489814517e-34
transcription_TU_6x7.59001.peg.341,0.0,-0.03631246837842098
translation_6x7.59001.peg.345,7.119566990765746e-07,2.4137633951344775e-34
transcription_TU_6x7.59001.peg.345,1.0406221453319844e-08,1.3949054130128294e-33
translation_6x7.59001.peg.346,0.0,6.131145960169842e-34
transcription_TU_6x7.59001.peg.346,0.0,-0.057087586108506255
translation_6x7.59001.peg.351,2.23999520340679e-28,-9.333754230594332e-34
transcription_TU_6x7.59001.peg.351,3.274059527954268e-30,-1.5250230215254827e-33
translation_6x7.59001.peg.354,1.4639532493022783e-05,-5.517691107126611e-35
transcription_TU_6x7.59001.peg.354,2.1397680124796668e-07,2.2319785382681716e-34
translation_6x7.59001.peg.355,1.4639532493022783e-05,-5.117493304152831e-35
transcription_TU_6x7.59001.peg.355,2.1397680124796668e-07,-1.991295138289023e-34
translation_6x7.59001.peg.361,3.399572043468368e-10,-2.753225270086517e-34
transcription_TU_6x7.59001.peg.361,4.9689397651193335e-12,1.0988420560686455e-33
translation_6x7.59001.peg.363,1.7649014255219412e-11,1.000670301681318e-34
transcription_TU_6x7.59001.peg.363,2.579644956088242e-13,-6.334237045946957e-34
translation_6x7.59001.peg.364,0.0,8.82205025000919e-34
transcription_TU_6x7.59001.peg.364,0.0,-0.11099288932117685
translation_6x7.59001.peg.365,4.185237560618485e-09,-7.984779526978196e-35
transcription_TU_6x7.59001.peg.365,6.117297434947486e-11,2.0182463755608598e-33
translation_6x7.59001.peg.366,1.3370501529494807e-08,1.0610394005978006e-35
transcription_TU_6x7.59001.peg.366,1.9542817707641207e-10,-2.1796381498909472e-34
translation_6x7.59001.peg.369,6.799144086936736e-10,9.483114685207508e-34
transcription_TU_6x7.59001.peg.369,9.937879530238667e-12,1.9076284279231103e-33
translation_6x7.59001.peg.370,1.968762085060941e-08,-1.4299133802428286e-33
transcription_TU_6x7.59001.peg.370,2.87761520786538e-10,-8.453197068775498e-33
translation_6x7.59001.peg.371,1.7649014255219412e-11,6.211386380620398e-35
transcription_TU_6x7.59001.peg.371,2.579644956088242e-13,-4.333455613471029e-34
translation_6x7.59001.peg.372,0.0,-1.1605725334596977e-33
transcription_TU_6x7.59001.peg.372,0.0,-0.055169303933788785
translation_6x7.59001.peg.373,1.4639532493022783e-05,-2.2873134166854226e-34
transcription_TU_6x7.59001.peg.373,2.1397680124796668e-07,5.699145043667763e-34
translation_6x7.59001.peg.374,1.5981864251642972e-09,-2.420256154056846e-34
transcription_TU_6x7.59001.peg.374,2.3359681685024077e-11,-3.518714476759758e-33
translation_6x7.59001.peg.378,0.0,-2.8983001112551915e-33
transcription_TU_6x7.59001.peg.378,0.0,-0.07538616178555434
translation_6x7.59001.peg.384,0.0,-1.7223234305958657e-33
transcription_TU_6x7.59001.peg.384,0.0,-0.08545074158353559
translation_6x7.59001.peg.388,3.188798909854807e-08,-9.064350585811998e-36
transcription_TU_6x7.59001.peg.388,4.660865986526097e-10,-1.2156429884052688e-33
translation_6x7.59001.peg.399,0.0,4.6256112795436946e-34
transcription_TU_6x7.59001.peg.399,0.0,-0.07392916259887544
translation_6x7.59001.peg.400,0.0,-5.9063807269933425e-34
transcription_TU_6x7.59001.peg.400,0.0,-0.08058353916757122
translation_6x7.59001.peg.401,0.0,3.6725694889442417e-35
transcription_TU_6x7.59001.peg.401,0.0,-0.08462593565389209
translation_6x7.59001.peg.402,0.0,1.2159311339876849e-33
transcription_TU_6x7.59001.peg.402,0.0,-0.0851600583219845
translation_6x7.59001.peg.409,1.7649014255219412e-11,-1.2619870420932827e-33
transcription_TU_6x7.59001.peg.409,2.579644956088242e-13,-4.021131876966983e-33
translation_6x7.59001.peg.410,0.0,-1.347467534960974e-33
transcription_TU_6x7.59001.peg.410,0.0,-0.06626470694438069
translation_6x7.59001.peg.414,0.0,-4.619850883358442e-35
transcription_TU_6x7.59001.peg.414,0.0,-0.13832129760757447
translation_6x7.59001.peg.415,0.0,9.984935203795864e-34
transcription_TU_6x7.59001.peg.415,0.0,-0.05125626656929723
translation_6x7.59001.peg.416,0.0,-2.418134017752416e-34
transcription_TU_6x7.59001.peg.416,0.0,-4.40387772468618e-34
translation_6x7.59001.peg.418,3.399572043468368e-10,9.893925149880606e-34
transcription_TU_6x7.59001.peg.418,4.9689397651193335e-12,2.7084069460075834e-33
translation_6x7.59001.peg.419,0.0,5.109885586386469e-34
transcription_TU_6x7.59001.peg.419,0.0,-0.09968160237893739
translation_6x7.59001.peg.420,1.4639532493022783e-05,-1.0486292735785383e-34
transcription_TU_6x7.59001.peg.420,2.1397680124796668e-07,8.244094536039059e-34
translation_6x7.59001.peg.422,2.8986461647817634e-08,-2.9443317379622418e-34
transcription_TU_6x7.59001.peg.422,4.23676804286815e-10,7.842469783091495e-35
translation_6x7.59001.peg.423,1.042919728534393e-08,5.00813799848445e-35
transcription_TU_6x7.59001.peg.423,1.5243699044115362e-10,1.351393965484915e-33
translation_6x7.59001.peg.424,0.0,-7.934469957954617e-34
transcription_TU_6x7.59001.peg.424,0.0,-3.0780720980215575e-34
translation_6x7.59001.peg.425,3.399572043468368e-10,-6.865206089815697e-34
transcription_TU_6x7.59001.peg.425,4.9689397651193335e-12,-3.08014855929976e-33
translation_6x7.59001.peg.427,8.924430584273822e-07,-7.49543695103117e-34
transcription_TU_6x7.59001.peg.427,1.3044276586650306e-08,1.4485241164803092e-33
translation_6x7.59001.peg.430,0.0,-1.4509305141727584e-33
transcription_TU_6x7.59001.peg.430,0.0,-0.06665809736421748
translation_6x7.59001.peg.432,8.146036885787918e-09,-3.114669539436619e-34
transcription_TU_6x7.59001.peg.432,1.1906547674931508e-10,3.0107364918330894e-34
translation_6x7.59001.peg.433,5.965642249337792e-08,7.679479782982427e-35
transcription_TU_6x7.59001.peg.433,8.719602531784476e-10,-1.3364237454309748e-33
translation_6x7.59001.peg.436,3.1443482229627138e-09,4.897662084963453e-35
transcription_TU_6x7.59001.peg.436,4.595895224659362e-11,2.1774375976642622e-33
translation_6x7.59001.peg.441,1.4639140340134875e-05,-4.0235440813894236e-34
transcription_TU_6x7.59001.peg.441,2.1397106939685772e-07,-5.670012254752943e-34
translation_6x7.59001.peg.443,9.843810425304694e-09,1.4353212561845516e-33
transcription_TU_6x7.59001.peg.443,1.4388076039326883e-10,-1.62492711751939e-33
translation_6x7.59001.peg.446,0.0,-6.153109387486087e-34
transcription_TU_6x7.59001.peg.446,0.0,-4.043355734295888e-33
translation_6x7.59001.peg.449,4.883350538072288e-08,-4.56261716800193e-34
transcription_TU_6x7.59001.peg.449,7.137685086646427e-10,7.900531086890579e-35
translation_6x7.59001.peg.450,0.0,-9.687690197729581e-35
transcription_TU_6x7.59001.peg.450,0.0,-0.07581613476912542
translation_6x7.59001.peg.451,4.4194000170035245e-08,-2.056030135052156e-34
transcription_TU_6x7.59001.peg.451,6.459557909546094e-10,1.885384442604753e-33
translation_6x7.59001.peg.452,2.480362156085533e-07,4.429175915142397e-35
transcription_TU_6x7.59001.peg.452,3.6253887229571257e-09,-3.8008375950109844e-34
translation_6x7.59001.peg.464,5.336171637054113e-08,-4.181318763388857e-34
transcription_TU_6x7.59001.peg.464,7.799545090330966e-10,-2.084502465158231e-34
translation_6x7.59001.peg.465,3.52231667685362e-08,1.1368283285493246e-34
transcription_TU_6x7.59001.peg.465,5.14834784413175e-10,2.020283722409368e-33
translation_6x7.59001.peg.473,0.0,1.4164790343147637e-35
transcription_TU_6x7.59001.peg.473,0.0,-0.07184725053827463
translation_6x7.59001.peg.478,1.4639728569466735e-05,3.718563921339631e-34
transcription_TU_6x7.59001.peg.478,2.1397966717352113e-07,-8.82075179521646e-34
translation_6x7.59001.peg.479,1.4639532493022783e-05,1.7234036363886113e-34
transcription_TU_6x7.59001.peg.479,2.1397680124796668e-07,-4.446047879894304e-34
translation_6x7.59001.peg.483,0.0,-5.289829676943563e-34
transcription_TU_6x7.59001.peg.483,0.0,-0.05002324253874647
translation_6x7.59001.peg.484,0.0,-2.3257398914099067e-34
transcription_TU_6x7.59001.peg.484,0.0,-0.04031510663013245
translation_6x7.59001.peg.489,0.0,2.346861336903426e-34
transcription_TU_6x7.59001.peg.489,0.0,-1.1590275034668909e-33
translation_6x7.59001.peg.490,1.363520548945198e-08,-7.5632820556334265e-34
transcription_TU_6x7.59001.peg.490,1.9929718769244784e-10,6.1027007753887384e-33
translation_6x7.59001.peg.496,0.0,-3.5568387712183314e-34
transcription_TU_6x7.59001.peg.496,0.0,3.001166065722753e-33
translation_6x7.59001.peg.499,0.0,-6.323989168317716e-34
transcription_TU_6x7.59001.peg.499,0.0,-6.364354490128467e-34
translation_6x7.59001.peg.501,0.0,3.66359418019781e-35
transcription_TU_6x7.59001.peg.501,0.0,-0.056169212453627694
translation_6x7.59001.peg.507,0.0,3.7363693881344936e-34
transcription_TU_6x7.59001.peg.507,0.0,1.0240031382441408e-34
translation_6x7.59001.peg.510,1.5743397282736445e-07,2.0932499030152865e-33
transcription_TU_6x7.59001.peg.510,2.3011129576312708e-09,1.695229184257887e-33
translation_6x7.59001.peg.513,0.0,1.574697065623449e-35
transcription_TU_6x7.59001.peg.513,0.0,1.9272908461570983e-33
translation_6x7.59001.peg.514,0.0,-1.0518903144965055e-33
transcription_TU_6x7.59001.peg.514,0.0,1.0249042805608054e-33
translation_6x7.59001.peg.516,4.9232257590181356e-08,1.7104416669022536e-34
transcription_TU_6x7.59001.peg.516,7.195968178890766e-10,1.1458760159148854e-33
translation_6x7.59001.peg.518,7.850999382024259e-09,1.2718770850226522e-33
transcription_TU_6x7.59001.peg.518,1.1475309987979269e-10,-3.5034479921248195e-33
translation_6x7.59001.peg.527,0.0,-6.2961868588147746e-34
transcription_TU_6x7.59001.peg.527,0.0,3.2714970473962316e-33
translation_6x7.59001.peg.528,0.0,-4.693296894989422e-34
transcription_TU_6x7.59001.peg.528,0.0,2.671803489418511e-33
translation_6x7.59001.peg.529,0.0,9.49397282788465e-34
transcription_TU_6x7.59001.peg.529,0.0,4.1853545360465504e-33
translation_6x7.59001.peg.532,0.0,1.007701689969036e-33
transcription_TU_6x7.59001.peg.532,0.0,-0.05429506806240232
translation_6x7.59001.peg.533,0.0,4.722101504019415e-34
transcription_TU_6x7.59001.peg.533,0.0,-0.08346330203516303
translation_6x7.59001.peg.536,6.176592373448651e-08,8.92282466175323e-34
transcription_TU_6x7.59001.peg.536,9.027935006210256e-10,-3.636441869540591e-33
translation_6x7.59001.peg.538,4.935003438016569e-11,6.459244850812368e-34
transcription_TU_6x7.59001.peg.538,7.213182868495173e-13,7.030755248668836e-34
translation_6x7.59001.peg.539,9.870006876033138e-11,5.13867729857209e-34
transcription_TU_6x7.59001.peg.539,1.4426365736990346e-12,-2.812986999261279e-33
translation_6x7.59001.peg.540,0.0,-1.7347553336117316e-33
transcription_TU_6x7.59001.peg.540,0.0,-0.06802400580706332
translation_6x7.59001.peg.542,2.0396422842885365e-09,3.58961483175161e-34
transcription_TU_6x7.59001.peg.542,2.9812163188282334e-11,8.803216114896723e-34
translation_6x7.59001.peg.543,1.0322636492873009e-07,-3.5673089255126094e-35
transcription_TU_6x7.59001.peg.543,1.508794586332053e-09,5.629953798975278e-33
translation_6x7.59001.peg.546,1.2719866666089969e-07,-6.310596009284035e-35
transcription_TU_6x7.59001.peg.546,1.859182581689519e-09,5.72636891428288e-34
translation_6x7.59001.peg.548,0.0,6.5841651596643426e-34
transcription_TU_6x7.59001.peg.548,0.0,-0.027714869737894773
translation_6x7.59001.peg.549,0.0,4.230227192415383e-34
transcription_TU_6x7.59001.peg.549,0.0,-0.04983767968835627
translation_6x7.59001.peg.550,0.0,9.508451576804803e-34
transcription_TU_6x7.59001.peg.550,0.0,-0.13027047952709928
translation_6x7.59001.peg.551,0.0,8.682797089892305e-34
transcription_TU_6x7.59001.peg.551,0.0,1.4818321128472028e-33
translation_6x7.59001.peg.552,0.0,3.104110061077059e-34
transcription_TU_6x7.59001.peg.552,0.0,-0.06151543478962472
translation_6x7.59001.peg.553,0.0,-6.919660002515103e-34
transcription_TU_6x7.59001.peg.553,0.0,-5.585003912805319e-34
translation_6x7.59001.peg.556,5.074631108410244e-09,8.677791898528239e-35
transcription_TU_6x7.59001.peg.556,7.41726781650006e-11,-5.412310752787953e-34
translation_6x7.59001.peg.557,0.0,1.430671275268121e-34
transcription_TU_6x7.59001.peg.557,0.0,-0.047907755020042436
translation_6x7.59001.peg.559,3.5298028510438864e-11,-1.7395852927802304e-35
transcription_TU_6x7.59001.peg.559,5.15928991217649e-13,5.694116676429769e-34
translation_6x7.59001.peg.560,0.0,-7.004175255146942e-34
transcription_TU_6x7.59001.peg.560,0.0,-0.05648381956430488
translation_6x7.59001.peg.561,2.692237486524699e-10,1.0661326058927764e-34
transcription_TU_6x7.59001.peg.561,3.935073513044077e-12,3.8376690695406126e-33
translation_6x7.59001.peg.564,1.7649014255219412e-11,4.659005754710742e-34
transcription_TU_6x7.59001.peg.564,2.579644956088242e-13,3.168131165162937e-34
translation_6x7.59001.peg.567,0.0,-1.3398657441906188e-35
transcription_TU_6x7.59001.peg.567,0.0,1.2229765377637363e-33
translation_6x7.59001.peg.568,0.0,-2.637623785435563e-33
transcription_TU_6x7.59001.peg.568,0.0,-1.5849362367014146e-33
translation_6x7.59001.peg.569,0.0,7.635536272813018e-34
transcription_TU_6x7.59001.peg.569,0.0,-4.242073098221734e-33
translation_6x7.59001.peg.571,0.0,3.0162086381626045e-34
transcription_TU_6x7.59001.peg.571,0.0,-2.7946688336969067e-33
translation_6x7.59001.peg.577,0.0,2.3556742236143694e-34
transcription_TU_6x7.59001.peg.577,0.0,-0.03442610673794304
translation_6x7.59001.peg.578,0.0,5.438533368036718e-34
transcription_TU_6x7.59001.peg.578,0.0,-0.08046728837854247
translation_6x7.59001.peg.579,0.0,-5.154707281258624e-34
transcription_TU_6x7.59001.peg.579,0.0,-0.062036575183336676
translation_6x7.59001.peg.580,0.0,4.62489292294929e-34
transcription_TU_6x7.59001.peg.580,0.0,-0.08986978422014467
translation_6x7.59001.peg.582,2.2528438671399017e-08,3.92630012538157e-35
transcription_TU_6x7.59001.peg.582,3.292839608310197e-10,-3.887594078675709e-33
translation_6x7.59001.peg.583,2.8792435265495116e-08,3.5555197281039926e-34
transcription_TU_6x7.59001.peg.583,4.2084084318854395e-10,2.11555743398438e-33
translation_6x7.59001.peg.584,2.8792435265495116e-08,2.343706279635893e-34
transcription_TU_6x7.59001.peg.584,4.2084084318854395e-10,1.3272911355577611e-33
translation_6x7.59001.peg.587,1.7649014255219412e-11,6.416215346550392e-34
transcription_TU_6x7.59001.peg.587,2.579644956088242e-13,7.173106461362749e-34
translation_6x7.59001.peg.590,0.0,1.8164796390847977e-34
transcription_TU_6x7.59001.peg.590,0.0,-0.08081875322701876
translation_6x7.59001.peg.591,0.0,-1.595110705062974e-33
transcription_TU_6x7.59001.peg.591,0.0,-0.07872954012470995
translation_6x7.59001.peg.592,0.0,2.950287794590881e-34
transcription_TU_6x7.59001.peg.592,0.0,-0.06230761894003055
translation_6x7.59001.peg.593,0.0,-2.3762578959208595e-33
transcription_TU_6x7.59001.peg.593,0.0,-0.07541126754193452
translation_6x7.59001.peg.595,0.0,-1.8376486746459122e-34
transcription_TU_6x7.59001.peg.595,0.0,-0.059755032216823635
translation_6x7.59001.peg.596,0.0,-5.450276966968248e-34
transcription_TU_6x7.59001.peg.596,0.0,-0.08438475136605274
translation_6x7.59001.peg.597,0.0,8.384842012724407e-34
transcription_TU_6x7.59001.peg.597,0.0,-0.05289807231010135
translation_6x7.59001.peg.601,1.7094286793673907e-08,2.4815399735289323e-34
transcription_TU_6x7.59001.peg.601,2.4985639462660475e-10,-1.5732877290944677e-33
translation_6x7.59001.peg.604,6.305176808692037e-07,-6.0237560393468834e-34
transcription_TU_6x7.59001.peg.604,9.215878754801745e-09,1.624656992794795e-33
translation_6x7.59001.peg.608,1.4484058893526415e-09,4.851592965690327e-34
transcription_TU_6x7.59001.peg.608,2.117043418292936e-11,1.2033754567209972e-33
translation_6x7.59001.peg.609,0.0,-6.218618649178614e-34
transcription_TU_6x7.59001.peg.609,0.0,4.270683123829614e-33
translation_6x7.59001.peg.615,3.7643098871396235e-08,-6.826749736302215e-34
transcription_TU_6x7.59001.peg.615,5.502054037177221e-10,2.115878218218989e-33
translation_6x7.59001.peg.617,0.0,8.624667545026949e-34
transcription_TU_6x7.59001.peg.617,0.0,7.046025819094367e-33
translation_6x7.59001.peg.618,0.0,9.660012499389396e-34
transcription_TU_6x7.59001.peg.618,0.0,-5.574229354731314e-33
translation_6x7.59001.peg.619,0.0,8.94342569858288e-34
transcription_TU_6x7.59001.peg.619,0.0,-0.08612774822622156
translation_6x7.59001.peg.621,0.0,-1.31913340231786e-33
transcription_TU_6x7.59001.peg.621,0.0,-2.3287502946701802e-33
translation_6x7.59001.peg.626,0.0,-2.5967935873745483e-35
transcription_TU_6x7.59001.peg.626,0.0,-2.8190468185069084e-34
translation_6x7.59001.peg.627,6.764461890889698e-07,1.201389177286157e-33
transcription_TU_6x7.59001.peg.627,9.887186754537417e-09,-2.900676153964174e-33
translation_6x7.59001.peg.641,0.0,-3.9698079739342493e-35
transcription_TU_6x7.59001.peg.641,0.0,-0.020925265433890415
translation_6x7.59001.peg.642,0.0,4.910150186957075e-34
transcription_TU_6x7.59001.peg.642,0.0,-0.049166054239477376
translation_6x7.59001.peg.643,0.0,-1.946625830233028e-34
transcription_TU_6x7.59001.peg.643,0.0,-0.045387268835473754
translation_6x7.59001.peg.644,0.0,-3.734209674512395e-34
transcription_TU_6x7.59001.peg.644,0.0,-0.028665073444432993
translation_6x7.59001.peg.646,0.0,-5.86276854104589e-34
transcription_TU_6x7.59001.peg.646,0.0,-0.05278062925524455
translation_6x7.59001.peg.651,0.0,-2.9558585312488643e-33
transcription_TU_6x7.59001.peg.651,0.0,-0.1421207405847595
translation_6x7.59001.peg.659,4.173123852629432e-63,-1.725288008921583e-34
transcription_TU_6x7.59001.peg.659,7.3433363009095885e-65,-5.914684972734603e-35
translation_6x7.59001.peg.669,0.0,2.2367923429198326e-34
transcription_TU_6x7.59001.peg.669,0.0,-0.075527959695825
translation_6x7.59001.peg.677,1.7649014255219412e-11,4.281567951471169e-34
transcription_TU_6x7.59001.peg.677,2.579644956088242e-13,-9.623670061718477e-34
translation_6x7.59001.peg.690,0.0,-4.7587520404149343e-35
transcription_TU_6x7.59001.peg.690,0.0,-3.9046468737156946e-33
translation_6x7.59001.peg.692,6.997108496614101e-09,8.097903519478646e-34
transcription_TU_6x7.59001.peg.692,1.0227231605954839e-10,1.1417044010186524e-33
translation_6x7.59001.peg.693,1.4639532493022783e-05,-1.7320929600903541e-34
transcription_TU_6x7.59001.peg.693,2.1397680124796668e-07,-6.7906209204053495e-34
translation_6x7.59001.peg.694,1.8176847049799273e-06,4.353804563432871e-34
transcription_TU_6x7.59001.peg.694,2.6567949422860953e-08,-1.5068545189862989e-33
translation_6x7.59001.peg.695,1.8348564270205556e-07,7.348344838200713e-35
transcription_TU_6x7.59001.peg.695,2.6818937639590146e-09,-9.00229541162349e-34
translation_6x7.59001.peg.696,9.843810425304694e-09,-1.7586716837236757e-34
transcription_TU_6x7.59001.peg.696,1.4388076039326883e-10,-6.637338768330477e-35
translation_6x7.59001.peg.697,1.1130765373234161e-07,5.9271981606531355e-34
transcription_TU_6x7.59001.peg.697,1.6269136812541032e-09,-1.7253262445897185e-33
translation_6x7.59001.peg.699,4.6272619570804764e-08,2.397420292834063e-34
transcription_TU_6x7.59001.peg.699,6.763376580395458e-10,-2.088141294418762e-33
translation_6x7.59001.peg.703,1.6519017746756283e-08,2.0994268123623588e-34
transcription_TU_6x7.59001.peg.703,2.414480502634861e-10,-3.850708021562845e-33
translation_6x7.59001.peg.704,5.419429481498751e-07,3.973269472479433e-34
transcription_TU_6x7.59001.peg.704,7.921237823630715e-09,4.40321752609751e-34
translation_6x7.59001.peg.705,2.586325117049348e-08,3.2731784379988814e-34
transcription_TU_6x7.59001.peg.705,3.780268091192461e-10,5.659067067432456e-34
translation_6x7.59001.peg.706,8.427879502838646e-09,4.004328337049708e-34
transcription_TU_6x7.59001.peg.706,1.2318499229262995e-10,-3.086203028298087e-33
translation_6x7.59001.peg.708,0.0,1.424402492386195e-33
transcription_TU_6x7.59001.peg.708,0.0,-5.2725585405860384e-33
translation_6x7.59001.peg.709,2.265742180521286e-07,-2.445673312348916e-34
transcription_TU_6x7.59001.peg.709,3.311692258421516e-09,-8.322649145511982e-34
translation_6x7.59001.peg.712,0.0,1.2202269711711786e-33
transcription_TU_6x7.59001.peg.712,0.0,-0.07638097965211073
translation_6x7.59001.peg.713,0.0,1.2973530324671757e-34
transcription_TU_6x7.59001.peg.713,0.0,-0.12178795712543038
translation_6x7.59001.peg.715,3.9215288790713584e-10,-1.4657783502092945e-33
transcription_TU_6x7.59001.peg.715,5.7318511089417456e-12,-2.8511116047107813e-33
translation_6x7.59001.peg.725,0.0,-1.2018004831257048e-33
transcription_TU_6x7.59001.peg.725,0.0,-1.187113309182438e-33
translation_6x7.59001.peg.729,0.0,2.273901701450245e-33
transcription_TU_6x7.59001.peg.729,0.0,-1.3071331841089063e-32
translation_6x7.59001.peg.733,6.971367197028702e-10,5.863420287115099e-35
transcription_TU_6x7.59001.peg.733,1.0189607173973323e-11,5.334344695269636e-33
translation_6x7.59001.peg.735,6.915392872936574e-08,-1.78692667449005e-34
transcription_TU_6x7.59001.peg.735,1.0107793039355575e-09,6.91339632819231e-34
translation_6x7.59001.peg.739,0.0,2.839947815695877e-34
transcription_TU_6x7.59001.peg.739,0.0,3.311662611968575e-33
translation_6x7.59001.peg.740,0.0,-2.9747292370888786e-34
transcription_TU_6x7.59001.peg.740,0.0,-0.08295224593103756
translation_6x7.59001.peg.747,0.0,2.7039369739780845e-33
transcription_TU_6x7.59001.peg.747,0.0,-0.08299988623951318
translation_6x7.59001.peg.748,0.0,3.657765475586163e-34
transcription_TU_6x7.59001.peg.748,0.0,-0.026243154527147414
translation_6x7.59001.peg.751,0.0,7.976702656323811e-34
transcription_TU_6x7.59001.peg.751,0.0,-1.6162573304628346e-33
translation_6x7.59001.peg.752,0.0,1.0919470624230941e-33
transcription_TU_6x7.59001.peg.752,0.0,-4.955207068449306e-33
translation_6x7.59001.peg.804,8.858603838189031e-09,-3.835466120874535e-34
transcription_TU_6x7.59001.peg.804,1.2948061789009063e-10,2.467706082432985e-33
translation_6x7.59001.peg.805,0.0,6.421602951225983e-34
transcription_TU_6x7.59001.peg.805,0.0,-0.08037371740786231
translation_6x7.59001.peg.810,0.0,1.4084780840412543e-33
transcription_TU_6x7.59001.peg.810,0.0,-0.0762868854134671
translation_6x7.59001.peg.815,0.0,9.222514253725548e-35
transcription_TU_6x7.59001.peg.815,0.0,-0.07416217441899664
translation_6x7.59001.peg.851,0.0,1.67076569723027e-33
transcription_TU_6x7.59001.peg.851,0.0,-0.1237686966339608
translation_6x7.59001.peg.854,7.257916067645399e-08,5.115340157212332e-34
transcription_TU_6x7.59001.peg.854,1.0608437561931413e-09,9.399949561995306e-36
translation_6x7.59001.peg.856,1.243684182027671e-07,3.755711786843237e-34
transcription_TU_6x7.59001.peg.856,1.8178146273441982e-09,4.695359408569572e-33
translation_6x7.59001.peg.857,7.1958940374906475e-06,4.944822587049877e-34
transcription_TU_6x7.59001.peg.857,1.0517783877288523e-07,4.279448913766283e-34
translation_6x7.59001.peg.858,0.0,2.2601114222599048e-33
transcription_TU_6x7.59001.peg.858,0.0,-0.1309843591123264
translation_6x7.59001.peg.860,0.0,-6.331592290506081e-34
transcription_TU_6x7.59001.peg.860,0.0,-0.06292483143703041
translation_6x7.59001.peg.866,0.0,2.138297147534747e-33
transcription_TU_6x7.59001.peg.866,0.0,8.348510048783697e-34
translation_6x7.59001.peg.868,0.0,-6.907969641855758e-34
transcription_TU_6x7.59001.peg.868,0.0,-0.07218287766770366
translation_6x7.59001.peg.869,0.0,-1.3758580815187264e-33
transcription_TU_6x7.59001.peg.869,0.0,-0.062377207908332295
translation_6x7.59001.peg.875,0.0,9.144869830486732e-35
transcription_TU_6x7.59001.peg.875,0.0,-5.276921274296658e-34
translation_6x7.59001.peg.876,0.0,-1.0314204114187634e-33
transcription_TU_6x7.59001.peg.876,0.0,-0.05015113670795706
translation_6x7.59001.peg.878,0.0,2.8541247347250555e-34
transcription_TU_6x7.59001.peg.878,0.0,-0.037347456932523435
translation_6x7.59001.peg.889,0.0,2.8777241406379854e-34
transcription_TU_6x7.59001.peg.889,0.0,3.5518176478198554e-34
translation_6x7.59001.peg.910,2.875887442243018e-07,1.787462935507446e-33
transcription_TU_6x7.59001.peg.910,4.203503055399105e-09,-8.967083021948065e-34
translation_6x7.59001.peg.914,0.0,2.5746577201412798e-34
transcription_TU_6x7.59001.peg.914,0.0,-0.10254040683280294
translation_6x7.59001.peg.916,0.0,-1.8646163243175426e-35
transcription_TU_6x7.59001.peg.916,0.0,-0.03318169695271895
translation_6x7.59001.peg.927,0.0,-1.4260186258182376e-34
transcription_TU_6x7.59001.peg.927,0.0,-0.0425074763767669
translation_6x7.59001.peg.928,0.0,-1.4414352437341504e-34
transcription_TU_6x7.59001.peg.928,0.0,4.348662819871565e-34
translation_6x7.59001.peg.932,0.0,1.0919470624230941e-33
transcription_TU_6x7.59001.peg.932,0.0,-4.6859875877204084e-33
translation_6x7.59001.peg.934,4.415124194339446e-09,3.8258281826308543e-35
transcription_TU_6x7.59001.peg.934,6.453308209586078e-11,2.7247033441756057e-33
translation_6x7.59001.peg.935,2.0254955643996325e-08,1.2559976903427051e-34
transcription_TU_6x7.59001.peg.935,2.960538951764624e-10,5.015053003429583e-34
translation_6x7.59001.peg.936,1.9607644395356792e-10,-9.497311782313532e-35
transcription_TU_6x7.59001.peg.936,2.8659255544708728e-12,-1.3426317709035599e-34
translation_6x7.59001.peg.937,0.0,-6.586381125842871e-34
transcription_TU_6x7.59001.peg.937,0.0,-1.6828029244039705e-33
translation_6x7.59001.peg.938,5.05950638068747e-08,9.264095781170907e-34
transcription_TU_6x7.59001.peg.938,7.395160957149133e-10,2.1303094607241158e-33
translation_6x7.59001.peg.939,7.870286012476361e-08,3.6183111379026343e-34
transcription_TU_6x7.59001.peg.939,1.1503500037715894e-09,-2.8776565619370463e-33
translation_6x7.59001.peg.940,2.2230086974065822e-08,1.093644645748531e-33
transcription_TU_6x7.59001.peg.940,3.2492314248708113e-10,4.1207248216216224e-33
translation_6x7.59001.peg.944,0.0,4.808819337155376e-34
transcription_TU_6x7.59001.peg.944,0.0,-0.05210365642382299
translation_6x7.59001.peg.950,1.4639140340134875e-05,5.525141630662569e-34
transcription_TU_6x7.59001.peg.950,2.1397106939685772e-07,-3.681487575855198e-33
translation_6x7.59001.peg.959,0.0,-1.768507418737406e-33
transcription_TU_6x7.59001.peg.959,0.0,2.4791125483409095e-33
translation_6x7.59001.peg.963,4.5530732965729926e-06,-1.4414532270678828e-33
transcription_TU_6x7.59001.peg.963,6.654939700516757e-08,1.6152508260671553e-33
translation_6x7.59001.peg.972,7.949211500675059e-13,3.5073194951139974e-33
transcription_TU_6x7.59001.peg.972,1.1618860439489248e-14,-4.8526130958564524e-33
translation_6x7.59001.peg.977,7.405327343103398e-08,-1.7824700426994795e-34
transcription_TU_6x7.59001.peg.977,1.0823899313906204e-09,9.457506505838781e-34
translation_6x7.59001.peg.978,0.0,-2.986271834096164e-33
transcription_TU_6x7.59001.peg.978,0.0,-5.978907104804915e-34
translation_6x7.59001.peg.982,1.064910685225936e-06,-1.0669636873485939e-34
transcription_TU_6x7.59001.peg.982,1.5565126970279098e-08,2.1340594798151163e-33
translation_6x7.59001.peg.983,1.0241141878582316e-09,-1.0595909574610271e-33
transcription_TU_6x7.59001.peg.983,1.4968830332184746e-11,-5.7431991542494746e-33
translation_6x7.59001.peg.984,4.2203656948428953e-08,1.8451079077251138e-34
transcription_TU_6x7.59001.peg.984,6.168642010320579e-10,-3.0717144734760976e-33
translation_6x7.59001.peg.991,0.0,2.748059844381787e-34
transcription_TU_6x7.59001.peg.991,0.0,6.1551697243902156e-34
translation_6x7.59001.peg.996,0.0,3.064563558840672e-33
transcription_TU_6x7.59001.peg.996,0.0,-1.5498754617862345e-33
translation_6x7.59001.peg.1003,0.0,5.560561864321602e-35
transcription_TU_6x7.59001.peg.1003,0.0,-2.2872766666871287e-33
translation_6x7.59001.peg.1005,0.0,5.6686358196104355e-34
transcription_TU_6x7.59001.peg.1005,0.0,-3.648365778085306e-33
translation_6x7.59001.peg.1012,0.0,-4.392572626945383e-34
transcription_TU_6x7.59001.peg.1012,0.0,-2.259719971043501e-33
translation_6x7.59001.peg.1015,0.0,3.765743473070463e-34
transcription_TU_6x7.59001.peg.1015,0.0,-0.04605042808062322
translation_6x7.59001.peg.1016,0.0,-1.772770456596887e-34
transcription_TU_6x7.59001.peg.1016,0.0,1.4708273483913443e-33
translation_6x7.59001.peg.1041,0.0,-6.129662528749178e-35
transcription_TU_6x7.59001.peg.1041,0.0,-0.030890673171850402
translation_6x7.59001.peg.1042,0.0,4.052571472089189e-34
transcription_TU_6x7.59001.peg.1042,0.0,-0.03640057730806485
translation_6x7.59001.peg.1043,0.0,3.311035792326592e-34
transcription_TU_6x7.59001.peg.1043,0.0,4.623333201479645e-33
translation_6x7.59001.peg.1044,0.0,2.8493185711109074e-35
transcription_TU_6x7.59001.peg.1044,0.0,9.515610092445462e-34
translation_6x7.59001.peg.1045,0.0,-7.051051539773039e-35
transcription_TU_6x7.59001.peg.1045,0.0,4.5314384552075865e-33
translation_6x7.59001.peg.1047,0.0,-4.833027730755044e-34
transcription_TU_6x7.59001.peg.1047,0.0,-0.041031397613895466
translation_6x7.59001.peg.1053,0.0,5.687286925743193e-34
transcription_TU_6x7.59001.peg.1053,0.0,2.3072955253358363e-33
translation_6x7.59001.peg.1055,0.0,3.972017294661095e-34
transcription_TU_6x7.59001.peg.1055,0.0,-0.04092050537897008
translation_6x7.59001.peg.1057,3.158382899996997e-40,-4.238126707769934e-34
transcription_TU_6x7.59001.peg.1057,1.275105716626938e-42,6.942226557017066e-34
translation_6x7.59001.peg.1058,0.0,-3.985482821367064e-34
transcription_TU_6x7.59001.peg.1058,0.0,1.132689551080783e-33
translation_6x7.59001.peg.1063,0.0,5.161846840786846e-34
transcription_TU_6x7.59001.peg.1063,0.0,4.2846969125933803e-33
translation_6x7.59001.peg.1073,5.745159527784956e-07,7.223005106580607e-34
transcription_TU_6x7.59001.peg.1073,8.397336861683282e-09,1.0696822416534977e-33
translation_6x7.59001.peg.1074,0.0,-7.002630282024083e-35
transcription_TU_6x7.59001.peg.1074,0.0,-0.04065969434831753
translation_6x7.59001.peg.1075,0.0,-4.827582623471102e-35
transcription_TU_6x7.59001.peg.1075,0.0,-0.05012118353204758
translation_6x7.59001.peg.1076,0.0,7.223116620485368e-35
transcription_TU_6x7.59001.peg.1076,0.0,-0.025723850949340064
translation_6x7.59001.peg.1077,0.0,3.268579784398084e-36
transcription_TU_6x7.59001.peg.1077,0.0,-0.03534744352524521
translation_6x7.59001.peg.1079,0.0,3.905446293216445e-34
transcription_TU_6x7.59001.peg.1079,0.0,-2.8665550890185637e-33
translation_6x7.59001.peg.1082,0.0,6.454918847069155e-36
transcription_TU_6x7.59001.peg.1082,0.0,2.4725895699259917e-33
translation_6x7.59001.peg.1087,0.0,6.968653393383866e-35
transcription_TU_6x7.59001.peg.1087,0.0,7.952583463801893e-34
translation_6x7.59001.peg.1088,8.853896684456455e-07,5.317817353795691e-34
transcription_TU_6x7.59001.peg.1088,1.2941181639665775e-08,-1.5045047767501058e-33
translation_6x7.59001.peg.1091,0.0,1.5951769334017305e-34
transcription_TU_6x7.59001.peg.1091,0.0,-0.05447308126135845
translation_6x7.59001.peg.1092,0.0,-3.5541986053437356e-34
transcription_TU_6x7.59001.peg.1092,0.0,-0.04462475563398154
translation_6x7.59001.peg.1094,0.0,-6.94394065783979e-34
transcription_TU_6x7.59001.peg.1094,0.0,-0.1161269345356307
translation_6x7.59001.peg.1096,1.408150350260629e-07,-5.819876439809519e-34
transcription_TU_6x7.59001.peg.1096,2.0582044390323163e-09,-2.4623546086909324e-33
translation_6x7.59001.peg.1098,1.42548292806556e-07,7.71017748624837e-34
transcription_TU_6x7.59001.peg.1098,2.0835383734175046e-09,1.4134525892797272e-33
translation_6x7.59001.peg.1099,1.3425239043498891e-09,2.131153778416992e-34
transcription_TU_6x7.59001.peg.1099,1.9622824075060673e-11,-3.111585149145657e-33
translation_6x7.59001.peg.1101,0.0,-5.550433516963466e-35
transcription_TU_6x7.59001.peg.1101,0.0,-0.05555417562623329
translation_6x7.59001.peg.1110,7.181182057959653e-09,-2.8464942157042846e-34
transcription_TU_6x7.59001.peg.1110,1.0496280305903521e-10,1.8695797279996645e-34
translation_6x7.59001.peg.1115,0.0,1.5606229167087322e-33
transcription_TU_6x7.59001.peg.1115,0.0,2.127767511707823e-33
translation_6x7.59001.peg.1116,0.0,9.633768622821266e-34
transcription_TU_6x7.59001.peg.1116,0.0,-9.29089543238328e-34
translation_6x7.59001.peg.1136,4.539933919251471e-08,-4.0781423694674e-34
transcription_TU_6x7.59001.peg.1136,6.635734702467883e-10,4.893705129347004e-34
translation_6x7.59001.peg.1137,1.1739252393981584e-07,2.5139678073867578e-33
transcription_TU_6x7.59001.peg.1137,1.715852386340822e-09,-4.809152712091614e-33
translation_6x7.59001.peg.1139,9.111000505988817e-08,3.8259504739301482e-34
transcription_TU_6x7.59001.peg.1139,1.3316974058900085e-09,1.767268676426875e-33
translation_6x7.59001.peg.1141,0.0,-4.537989641355773e-34
transcription_TU_6x7.59001.peg.1141,0.0,-0.033341186311918486
translation_6x7.59001.peg.1143,0.0,-2.228219536934731e-34
transcription_TU_6x7.59001.peg.1143,0.0,-1.9374639962729306e-33
translation_6x7.59001.peg.1151,3.489136739286278e-08,-4.196227965886389e-34
transcription_TU_6x7.59001.peg.1151,5.09985082477918e-10,-8.456752654749242e-35
translation_6x7.59001.peg.1152,0.0,8.587895792115221e-35
transcription_TU_6x7.59001.peg.1152,0.0,4.228775627374155e-34
translation_6x7.59001.peg.1153,0.0,1.8893566364380996e-34
transcription_TU_6x7.59001.peg.1153,0.0,-0.06676642553862017
translation_6x7.59001.peg.1154,0.0,2.0880829868370063e-34
transcription_TU_6x7.59001.peg.1154,0.0,-2.4570378266683834e-34
translation_6x7.59001.peg.1157,0.0,7.394228620760441e-36
transcription_TU_6x7.59001.peg.1157,0.0,8.985513599221542e-34
translation_6x7.59001.peg.1158,0.0,-4.122279984979523e-34
transcription_TU_6x7.59001.peg.1158,0.0,3.915066829173281e-33
translation_6x7.59001.peg.1159,0.0,-3.0139138663883936e-34
transcription_TU_6x7.59001.peg.1159,0.0,-1.7558669430305725e-33
translation_6x7.59001.peg.1162,0.0,7.543535951179541e-36
transcription_TU_6x7.59001.peg.1162,0.0,1.7908847067611636e-33
translation_6x7.59001.peg.1185,2.620995859127826e-41,-2.62183006741418e-34
transcription_TU_6x7.59001.peg.1185,5.3351343464878025e-43,2.958238164110153e-33
translation_6x7.59001.peg.1187,1.4751987061083275e-07,1.4193829195296928e-33
transcription_TU_6x7.59001.peg.1187,2.1562047865165246e-09,-3.6765100223198533e-34
translation_6x7.59001.peg.1188,0.0,-5.955839708638311e-35
transcription_TU_6x7.59001.peg.1188,0.0,4.4646793337418024e-33
translation_6x7.59001.peg.1189,0.0,6.022395702675835e-35
transcription_TU_6x7.59001.peg.1189,0.0,-0.1503478068684259
translation_6x7.59001.peg.1193,0.0,-7.467529857949925e-35
transcription_TU_6x7.59001.peg.1193,0.0,2.982195651470157e-34
translation_6x7.59001.peg.1194,0.0,2.0584333354486393e-34
transcription_TU_6x7.59001.peg.1194,0.0,-3.738097733386221e-34
translation_6x7.59001.peg.1195,0.0,-1.3361336561902721e-34
transcription_TU_6x7.59001.peg.1195,0.0,-0.0520251593904281
translation_6x7.59001.peg.1199,0.0,9.827400978501425e-35
transcription_TU_6x7.59001.peg.1199,0.0,-0.05778043353731155
translation_6x7.59001.peg.1209,3.5298028510438825e-11,7.356995968717405e-34
transcription_TU_6x7.59001.peg.1209,5.159289912176484e-13,-8.965190654767724e-34
translation_6x7.59001.peg.1214,0.0,1.032629446700235e-34
transcription_TU_6x7.59001.peg.1214,0.0,-0.029655187681124313
translation_6x7.59001.peg.1225,0.0,3.9807294517105055e-34
transcription_TU_6x7.59001.peg.1225,0.0,-6.407584734042115e-34
translation_6x7.59001.peg.1229,3.5298028510438825e-11,-1.3678692862558777e-34
transcription_TU_6x7.59001.peg.1229,5.159289912176484e-13,5.649200065523374e-34
translation_6x7.59001.peg.1230,0.0,2.637208927654604e-35
transcription_TU_6x7.59001.peg.1230,0.0,-0.01520602854274014
translation_6x7.59001.peg.1239,8.657729719923674e-09,-7.077339517681498e-35
transcription_TU_6x7.59001.peg.1239,1.2654456776004637e-10,1.721911550571844e-33
translation_6x7.59001.peg.1248,0.0,-7.528996746668652e-35
transcription_TU_6x7.59001.peg.1248,0.0,-0.03168917847215797
translation_6x7.59001.peg.1297,0.0,2.639890753737711e-33
transcription_TU_6x7.59001.peg.1297,0.0,-0.0631837953571403
translation_6x7.59001.peg.1307,0.0,-9.400409887486267e-34
transcription_TU_6x7.59001.peg.1307,0.0,3.714330256500945e-33
translation_6x7.59001.peg.1309,0.0,-2.2315833812856936e-34
transcription_TU_6x7.59001.peg.1309,0.0,-0.06540334558975708
translation_6x7.59001.peg.1312,0.0,9.793461270493344e-34
transcription_TU_6x7.59001.peg.1312,0.0,-1.7545615033736466e-33
translation_6x7.59001.peg.1314,0.0,1.705591377230273e-34
transcription_TU_6x7.59001.peg.1314,0.0,-0.08792082876866134
translation_6x7.59001.peg.1328,0.0,3.295662661851667e-34
transcription_TU_6x7.59001.peg.1328,0.0,-0.049909548899701665
translation_6x7.59001.peg.1330,0.0,-5.474219180247402e-34
transcription_TU_6x7.59001.peg.1330,0.0,-0.04996812365046831
translation_6x7.59001.peg.1346,1.1545458943526498e-06,6.334315125915167e-34
transcription_TU_6x7.59001.peg.1346,1.6875268215381556e-08,-5.272820181686159e-35
translation_6x7.59001.peg.1347,1.3954893262255619e-07,-8.380732768003216e-34
transcription_TU_6x7.59001.peg.1347,2.0396986197731395e-09,-3.280830643199041e-33
translation_6x7.59001.peg.1348,0.0,2.0299819613466446e-34
transcription_TU_6x7.59001.peg.1348,0.0,-0.03531525656677361
translation_6x7.59001.peg.1349,1.5992155302393057e-08,-5.926641430667896e-34
transcription_TU_6x7.59001.peg.1349,2.337472346400188e-10,-3.051111549469134e-33
translation_6x7.59001.peg.1350,4.3330217529948695e-11,4.4800965052657895e-34
transcription_TU_6x7.59001.peg.1350,6.333304256031316e-13,-2.6057467580770895e-33
translation_6x7.59001.peg.1353,3.888211160868047e-08,2.7935789554199647e-34
transcription_TU_6x7.59001.peg.1353,5.683152704334744e-10,2.565390014168044e-33
translation_6x7.59001.peg.1360,0.0,5.659067636300832e-34
transcription_TU_6x7.59001.peg.1360,0.0,-0.05405103975507309
translation_6x7.59001.peg.1367,1.4639140340134875e-05,3.693293231493999e-34
transcription_TU_6x7.59001.peg.1367,2.1397106939685772e-07,-1.177948497048055e-33
translation_6x7.59001.peg.1370,1.3667219016794093e-07,1.0458304478995774e-33
transcription_TU_6x7.59001.peg.1370,1.9976510920432632e-09,7.231641138780643e-34
translation_6x7.59001.peg.1372,0.0,1.9312173933321406e-34
transcription_TU_6x7.59001.peg.1372,0.0,-0.06505041539265367
translation_6x7.59001.peg.1376,7.461433518976061e-08,-4.052979338753984e-34
transcription_TU_6x7.59001.peg.1376,1.0905906167944815e-09,-2.9868973710437038e-34
translation_6x7.59001.peg.1379,1.8727102220998014e-07,1.3024011933584838e-33
transcription_TU_6x7.59001.peg.1379,2.737222265671849e-09,-2.8924183684046266e-33
translation_6x7.59001.peg.1380,0.0,-1.5278585392783447e-34
transcription_TU_6x7.59001.peg.1380,0.0,-0.024898029562780567
translation_6x7.59001.peg.1385,5.790736055101665e-13,-3.360856133391023e-33
transcription_TU_6x7.59001.peg.1385,8.463953193399256e-15,-2.857917047048366e-34
translation_6x7.59001.peg.1386,5.790736055101665e-13,1.3948135864863155e-33
transcription_TU_6x7.59001.peg.1386,8.463953193399256e-15,7.5959558608280144e-34
translation_6x7.59001.peg.1387,2.8953680275508327e-13,9.827400978501425e-35
transcription_TU_6x7.59001.peg.1387,4.231976596699628e-15,-4.402004059335554e-33
translation_6x7.59001.peg.1389,7.99578727549041e-09,8.11872382108995e-34
transcription_TU_6x7.59001.peg.1389,1.16869373081692e-10,1.649315024158359e-33
translation_6x7.59001.peg.1391,0.0,-6.567906423552649e-34
transcription_TU_6x7.59001.peg.1391,0.0,3.1784994691542575e-34
translation_6x7.59001.peg.1393,0.0,-3.8492467216642672e-34
transcription_TU_6x7.59001.peg.1393,0.0,-1.908484833935515e-33
translation_6x7.59001.peg.1394,0.0,8.78182099774e-34
transcription_TU_6x7.59001.peg.1394,0.0,1.7462111675520663e-33
translation_6x7.59001.peg.1395,0.0,1.610084100691416e-33
transcription_TU_6x7.59001.peg.1395,0.0,-0.10432969398622327
translation_6x7.59001.peg.1396,0.0,4.731093456294215e-34
transcription_TU_6x7.59001.peg.1396,0.0,1.2594492901387578e-33
translation_6x7.59001.peg.1403,0.0,-9.52675002443714e-34
transcription_TU_6x7.59001.peg.1403,0.0,-1.1834555936409425e-34
translation_6x7.59001.peg.1404,0.0,3.466236354002256e-34
transcription_TU_6x7.59001.peg.1404,0.0,-3.8177152025766495e-33
translation_6x7.59001.peg.1418,0.0,-3.5218771352332442e-34
transcription_TU_6x7.59001.peg.1418,0.0,-0.07187366397340943
translation_6x7.59001.peg.1427,9.59643967626788e-06,7.801090883321981e-34
transcription_TU_6x7.59001.peg.1427,1.4026509837493334e-07,5.9837265648435406e-34
translation_6x7.59001.peg.1428,0.0,-1.3717525785370256e-34
transcription_TU_6x7.59001.peg.1428,0.0,-0.02336652660698314
translation_6x7.59001.peg.1430,0.0,-6.6572598117633546e-34
transcription_TU_6x7.59001.peg.1430,0.0,-0.036313673262833364
translation_6x7.59001.peg.1431,0.0,-1.1161522395895866e-34
transcription_TU_6x7.59001.peg.1431,0.0,2.2909954634612797e-33
translation_6x7.59001.peg.1434,0.0,-4.000395264183905e-34
transcription_TU_6x7.59001.peg.1434,0.0,-0.05995585252086907
translation_6x7.59001.peg.1441,0.0,-2.0435679229284345e-34
transcription_TU_6x7.59001.peg.1441,0.0,1.0744542880267256e-33
translation_6x7.59001.peg.1444,0.0,4.483071185912788e-34
transcription_TU_6x7.59001.peg.1444,0.0,3.251640302210255e-33
translation_6x7.59001.peg.1447,1.7181758784826166e-08,2.805419740985874e-34
transcription_TU_6x7.59001.peg.1447,2.5113491748069663e-10,-7.74625038824507e-34
translation_6x7.59001.peg.1449,1.1639433224278379e-41,-2.6908193045972103e-33
transcription_TU_6x7.59001.peg.1449,2.7095107764475287e-43,-8.318992537224555e-33
translation_6x7.59001.peg.1452,0.0,3.022887056831159e-34
transcription_TU_6x7.59001.peg.1452,0.0,-0.09290937691102254
translation_6x7.59001.peg.1454,0.0,-4.796937816664299e-34
transcription_TU_6x7.59001.peg.1454,0.0,2.146112971303659e-33
translation_6x7.59001.peg.1455,0.0,1.1451323945688065e-33
transcription_TU_6x7.59001.peg.1455,0.0,-0.05566372982883757
translation_6x7.59001.peg.1456,0.0,-1.2613478891062217e-33
transcription_TU_6x7.59001.peg.1456,0.0,-0.05690003633143477
translation_6x7.59001.peg.1458,0.0,-6.004413904994948e-34
transcription_TU_6x7.59001.peg.1458,0.0,-8.630115538660053e-36
translation_6x7.59001.peg.1460,0.0,5.785572231577119e-35
transcription_TU_6x7.59001.peg.1460,0.0,-0.027978932817166506
translation_6x7.59001.peg.1470,0.0,-7.844464394758284e-34
transcription_TU_6x7.59001.peg.1470,0.0,6.667821035285995e-34
translation_6x7.59001.peg.1471,0.0,4.969838680036209e-34
transcription_TU_6x7.59001.peg.1471,0.0,-5.018782087196852e-33
translation_6x7.59001.peg.1472,0.0,7.0382854796022636e-34
transcription_TU_6x7.59001.peg.1472,0.0,9.116560487952088e-35
translation_6x7.59001.peg.1473,0.0,6.768622345677916e-34
transcription_TU_6x7.59001.peg.1473,0.0,-2.3937396041890137e-33
translation_6x7.59001.peg.1474,0.0,-1.0564146232063817e-35
transcription_TU_6x7.59001.peg.1474,0.0,-1.383868002997257e-33
translation_6x7.59001.peg.1475,0.0,1.1048373560158856e-34
transcription_TU_6x7.59001.peg.1475,0.0,5.285575091770694e-33
translation_6x7.59001.peg.1485,1.7649014255219412e-11,-1.1768631618457773e-34
transcription_TU_6x7.59001.peg.1485,2.579644956088242e-13,-1.4128309160402212e-33
translation_6x7.59001.peg.1486,0.0,6.181404694491985e-34
transcription_TU_6x7.59001.peg.1486,0.0,-0.04245888744188749
translation_6x7.59001.peg.1487,0.0,-2.3281306724366782e-34
transcription_TU_6x7.59001.peg.1487,0.0,-0.034448146454730336
translation_6x7.59001.peg.1488,3.320794360715352e-14,-6.416792229746747e-35
transcription_TU_6x7.59001.peg.1488,4.853795401231681e-16,8.003046843658247e-34
translation_6x7.59001.peg.1492,0.0,1.8857581345972138e-34
transcription_TU_6x7.59001.peg.1492,0.0,-6.33673836521106e-33
translation_6x7.59001.peg.1495,3.5298028510438825e-11,-2.017703070580696e-34
transcription_TU_6x7.59001.peg.1495,5.159289912176484e-13,1.1611666956173757e-33
translation_6x7.59001.peg.1497,1.900329929056616e-07,-4.238427029845506e-34
transcription_TU_6x7.59001.peg.1497,2.7775922470824033e-09,-2.2457825651321436e-33
translation_6x7.59001.peg.1498,0.0,-5.2615115767871e-34
transcription_TU_6x7.59001.peg.1498,0.0,1.6458434179036675e-33
translation_6x7.59001.peg.1499,0.0,-1.7486142866075894e-34
transcription_TU_6x7.59001.peg.1499,0.0,-1.4527878990050348e-33
translation_6x7.59001.peg.1505,3.697498468370018e-09,-3.0706832960927095e-34
transcription_TU_6x7.59001.peg.1505,5.4044000056569373e-11,-2.9848508498229326e-33
translation_6x7.59001.peg.1515,0.0,2.9543879436299964e-33
transcription_TU_6x7.59001.peg.1515,0.0,-0.07380402401326447
translation_6x7.59001.peg.1531,0.0,3.092979156599438e-35
transcription_TU_6x7.59001.peg.1531,0.0,-0.006883637964429512
translation_6x7.59001.peg.1552,0.0,2.311831749503504e-33
transcription_TU_6x7.59001.peg.1552,0.0,-9.748372479272644e-33
translation_6x7.59001.peg.1553,0.0,2.581181590822152e-34
transcription_TU_6x7.59001.peg.1553,0.0,-0.08606901744495658
translation_6x7.59001.peg.1569,0.0,-4.615222469463933e-34
transcription_TU_6x7.59001.peg.1569,0.0,-0.03281101671445995
translation_6x7.59001.peg.1574,0.0,9.511247672953039e-35
transcription_TU_6x7.59001.peg.1574,0.0,-0.043324687017144106
translation_6x7.59001.peg.1575,0.0,1.3843864397893238e-34
transcription_TU_6x7.59001.peg.1575,0.0,-0.023246912315990912
translation_6x7.59001.peg.1579,0.0,3.3276901724406776e-34
transcription_TU_6x7.59001.peg.1579,0.0,6.560650242720093e-34
translation_6x7.59001.peg.1581,1.4582768557678186e-09,-7.934745704199149e-35
transcription_TU_6x7.59001.peg.1581,2.131471186527696e-11,-3.1710403765175404e-34
translation_6x7.59001.peg.1582,9.82730479970199e-08,-4.655754615655882e-34
transcription_TU_6x7.59001.peg.1582,1.4363950808751752e-09,-2.030099629802339e-33
translation_6x7.59001.peg.1583,1.1158394294167912e-09,2.7795779639226174e-36
transcription_TU_6x7.59001.peg.1583,1.6309520261439794e-11,-5.2009028826707835e-33
translation_6x7.59001.peg.1594,0.0,1.2385891408482952e-33
transcription_TU_6x7.59001.peg.1594,0.0,-2.8170781498564573e-33
translation_6x7.59001.peg.1597,0.0,6.5351751634579e-34
transcription_TU_6x7.59001.peg.1597,0.0,-0.05713314938978587
translation_6x7.59001.peg.1599,1.5174774201489426e-07,5.7465889559832314e-36
transcription_TU_6x7.59001.peg.1599,2.2180009128313504e-09,-4.3468743506123446e-33
translation_6x7.59001.peg.1600,0.0,-2.834168550275971e-34
transcription_TU_6x7.59001.peg.1600,0.0,-0.08039431571929001
translation_6x7.59001.peg.1605,0.0,2.735722787145205e-34
transcription_TU_6x7.59001.peg.1605,0.0,-0.038084695901577835
translation_6x7.59001.peg.1608,0.0,1.082092213958295e-33
transcription_TU_6x7.59001.peg.1608,0.0,-0.08508526098987974
translation_6x7.59001.peg.1609,0.0,-2.834168550275971e-34
transcription_TU_6x7.59001.peg.1609,0.0,-0.08044200479286787
translation_6x7.59001.peg.1610,0.0,2.2610193328371334e-34
transcription_TU_6x7.59001.peg.1610,0.0,-1.3138640730007185e-33
translation_6x7.59001.peg.1635,0.0,1.2861586282702904e-33
transcription_TU_6x7.59001.peg.1635,0.0,7.967012712068414e-33
translation_6x7.59001.peg.1636,0.0,3.952525287776271e-35
transcription_TU_6x7.59001.peg.1636,0.0,-0.08733390607189437
translation_6x7.59001.peg.1638,0.0,-1.6582505952382984e-33
transcription_TU_6x7.59001.peg.1638,0.0,2.3738512924229504e-33
translation_6x7.59001.peg.1641,0.0,-1.0096660457436462e-33
transcription_TU_6x7.59001.peg.1641,0.0,-3.95026554344529e-34
translation_6x7.59001.peg.1646,2.5852179504012947e-07,-2.315508160354376e-33
transcription_TU_6x7.59001.peg.1646,3.77864981562313e-09,2.2526203300699685e-33
translation_6x7.59001.peg.1658,9.626744562740373e-06,-9.22514271274205e-34
transcription_TU_6x7.59001.peg.1658,1.4070804576226676e-07,-2.4812361174318306e-33
translation_6x7.59001.peg.1665,0.0,-9.303057950983433e-34
transcription_TU_6x7.59001.peg.1665,0.0,-1.00104755225494e-32
translation_6x7.59001.peg.1666,1.363520548945198e-08,1.808693537239052e-33
transcription_TU_6x7.59001.peg.1666,1.9929718769244784e-10,3.2203830825510166e-33
translation_6x7.59001.peg.1669,0.0,2.035343412146881e-35
transcription_TU_6x7.59001.peg.1669,0.0,-0.0563344518834736
translation_6x7.59001.peg.1676,0.0,-3.855286847130635e-34
transcription_TU_6x7.59001.peg.1676,0.0,2.4402197088062095e-34
translation_6x7.59001.peg.1679,5.7227452925331375e-09,-4.739803059182142e-34
transcription_TU_6x7.59001.peg.1679,8.36457538952637e-11,5.6992031867594125e-33
translation_6x7.59001.peg.1689,8.033602610741213e-10,-1.812385144207494e-33
transcription_TU_6x7.59001.peg.1689,1.174220959557963e-11,2.4084967061800016e-33
translation_6x7.59001.peg.1690,0.0,5.492806929465287e-34
transcription_TU_6x7.59001.peg.1690,0.0,-0.05373587381563734
translation_6x7.59001.peg.1691,0.0,-5.716651221543418e-34
transcription_TU_6x7.59001.peg.1691,0.0,-0.05813070701620816
translation_6x7.59001.peg.1693,6.610229866355769e-10,8.304036108987668e-34
transcription_TU_6x7.59001.peg.1693,9.66175554438438e-12,4.095788872009126e-34
translation_6x7.59001.peg.1694,6.610229866355769e-10,-3.05033685309707e-33
transcription_TU_6x7.59001.peg.1694,9.66175554438438e-12,-1.9037625813845834e-33
translation_6x7.59001.peg.1697,3.9215288790713584e-10,2.419225070027075e-33
transcription_TU_6x7.59001.peg.1697,5.7318511089417456e-12,6.937242163312753e-33
translation_6x7.59001.peg.1698,8.444046568616004e-08,-6.3852944414626646e-34
transcription_TU_6x7.59001.peg.1698,1.2342129608322254e-09,-2.6740121999010064e-33
translation_6x7.59001.peg.1699,1.4639532493022783e-05,-4.647565549782824e-35
transcription_TU_6x7.59001.peg.1699,2.1397680124796668e-07,5.134579199555167e-34
translation_6x7.59001.peg.1700,1.4639532493022783e-05,6.267503183144525e-35
transcription_TU_6x7.59001.peg.1700,2.1397680124796668e-07,8.024981824052798e-34
translation_6x7.59001.peg.1701,9.843810425304694e-09,3.1385707939093016e-35
transcription_TU_6x7.59001.peg.1701,1.4388076039326883e-10,-9.440379639165655e-35
translation_6x7.59001.peg.1702,2.0132344460540929e-07,3.3438887743871596e-33
transcription_TU_6x7.59001.peg.1702,2.9426176493968625e-09,6.080364827400329e-34
translation_6x7.59001.peg.1703,0.0,-1.2895172831402182e-33
transcription_TU_6x7.59001.peg.1703,0.0,-0.11081363252182237
translation_6x7.59001.peg.1707,0.0,2.9957208041095576e-34
transcription_TU_6x7.59001.peg.1707,0.0,-0.028885731939499927
translation_6x7.59001.peg.1708,0.0,-1.978142962505583e-34
transcription_TU_6x7.59001.peg.1708,0.0,2.32487653672803e-33
translation_6x7.59001.peg.1713,0.0,-2.9466610859569974e-34
transcription_TU_6x7.59001.peg.1713,0.0,-0.04645599838618132
translation_6x7.59001.peg.1722,0.0,-5.051215310892823e-34
transcription_TU_6x7.59001.peg.1722,0.0,-4.615168455036098e-33
translation_6x7.59001.peg.1724,0.0,-1.13782723693747e-33
transcription_TU_6x7.59001.peg.1724,0.0,5.732283358701103e-34
translation_6x7.59001.peg.1726,0.0,-3.854865736709453e-34
transcription_TU_6x7.59001.peg.1726,0.0,-0.07783305344510826
translation_6x7.59001.peg.1731,0.0,-3.369105713503167e-34
transcription_TU_6x7.59001.peg.1731,0.0,-2.715545053590738e-34
translation_6x7.59001.peg.1732,0.0,1.5842547183102156e-33
transcription_TU_6x7.59001.peg.1732,0.0,-0.08830241147395207
translation_6x7.59001.peg.1733,0.0,-4.780524330575504e-34
transcription_TU_6x7.59001.peg.1733,0.0,-2.3023146310011566e-33
translation_6x7.59001.peg.1734,6.640577341533385e-06,5.6733590481836355e-34
transcription_TU_6x7.59001.peg.1734,9.706112532338425e-08,1.0024258592846094e-33
translation_6x7.59001.peg.1761,0.0,1.103378703684257e-33
transcription_TU_6x7.59001.peg.1761,0.0,-5.123133585608947e-34
translation_6x7.59001.peg.1762,0.0,1.2598072910569293e-33
transcription_TU_6x7.59001.peg.1762,0.0,-0.11047712276957189
translation_6x7.59001.peg.1765,5.919560628808756e-10,-3.649422466544633e-34
transcription_TU_6x7.59001.peg.1765,8.652247937217845e-12,-1.5541135034922785e-33
translation_6x7.59001.peg.1766,2.959780314404378e-10,-2.065356429995313e-34
transcription_TU_6x7.59001.peg.1766,4.326123968608923e-12,1.228086970765951e-34
translation_6x7.59001.peg.1767,2.959780314404378e-10,2.889432962084087e-35
transcription_TU_6x7.59001.peg.1767,4.326123968608923e-12,3.258482953563856e-34
translation_6x7.59001.peg.1768,0.0,1.820073390660507e-33
transcription_TU_6x7.59001.peg.1768,0.0,-0.07621317386250384
translation_6x7.59001.peg.1769,2.959780314404378e-10,-9.543711433192844e-34
transcription_TU_6x7.59001.peg.1769,4.326123968608923e-12,1.5747399558219277e-33
translation_6x7.59001.peg.1772,0.0,4.378116225890577e-34
transcription_TU_6x7.59001.peg.1772,0.0,1.996307646669043e-33
translation_6x7.59001.peg.1782,0.0,2.9473136060159347e-34
transcription_TU_6x7.59001.peg.1782,0.0,-0.04348426975725116
translation_6x7.59001.peg.1798,0.0,8.190346359381105e-34
transcription_TU_6x7.59001.peg.1798,0.0,-0.07380705063297352
translation_6x7.59001.peg.1800,0.0,-4.366484255922887e-34
transcription_TU_6x7.59001.peg.1800,0.0,-0.07745554350314883
translation_6x7.59001.peg.1805,0.0,-6.860555375049837e-34
transcription_TU_6x7.59001.peg.1805,0.0,-0.052416557280346714
translation_6x7.59001.peg.1808,0.0,-4.172554189664086e-34
transcription_TU_6x7.59001.peg.1808,0.0,-0.04422659119019341
translation_6x7.59001.peg.1811,0.0,4.640855863983475e-34
transcription_TU_6x7.59001.peg.1811,0.0,-1.4815014218954162e-34
translation_6x7.59001.peg.1812,0.0,4.23309586439178e-34
transcription_TU_6x7.59001.peg.1812,0.0,-2.5242977810753957e-33
translation_6x7.59001.peg.1813,3.032001542915211e-08,-1.9685229817213634e-36
transcription_TU_6x7.59001.peg.1813,4.4316851773859905e-10,-4.11460029255712e-33
translation_6x7.59001.peg.1817,0.0,-7.157266588334873e-35
transcription_TU_6x7.59001.peg.1817,0.0,-6.024476959292327e-33
translation_6x7.59001.peg.1842,0.0,-1.7408775338669248e-35
transcription_TU_6x7.59001.peg.1842,0.0,-0.03256237882177524
translation_6x7.59001.peg.1845,1.4639532493022783e-05,6.337005941554814e-35
transcription_TU_6x7.59001.peg.1845,2.1397680124796668e-07,-4.664494662820086e-35
translation_6x7.59001.peg.1846,3.11324436400189e-15,1.5797000732906443e-33
transcription_TU_6x7.59001.peg.1846,4.5504326782967854e-17,1.1521581823843929e-33
translation_6x7.59001.peg.1848,0.0,1.2432088908052172e-34
transcription_TU_6x7.59001.peg.1848,0.0,-0.045417531745220625
translation_6x7.59001.peg.1858,1.3808284194897176e-07,-5.760734327170596e-34
transcription_TU_6x7.59001.peg.1858,2.018269698267443e-09,3.0479950226140633e-33
translation_6x7.59001.peg.1859,0.0,-1.6927904113456788e-34
transcription_TU_6x7.59001.peg.1859,0.0,-6.050337150008874e-34
translation_6x7.59001.peg.1863,0.0,-1.501680282718663e-34
transcription_TU_6x7.59001.peg.1863,0.0,-0.02856599134684924
translation_6x7.59001.peg.1869,0.0,-8.10394816864508e-35
transcription_TU_6x7.59001.peg.1869,0.0,-8.839142967404069e-34
translation_6x7.59001.peg.1870,0.0,-6.042495322502444e-34
transcription_TU_6x7.59001.peg.1870,0.0,1.0733075182832779e-32
translation_6x7.59001.peg.1874,0.0,-9.94237304307868e-35
transcription_TU_6x7.59001.peg.1874,0.0,-0.04092247520898657
translation_6x7.59001.peg.1875,0.0,-6.034242636741626e-35
transcription_TU_6x7.59001.peg.1875,0.0,-0.045571185366729015
translation_6x7.59001.peg.1876,0.0,4.2111971093707734e-35
transcription_TU_6x7.59001.peg.1876,0.0,-0.04493092846027105
translation_6x7.59001.peg.1877,0.0,3.935231141988044e-34
transcription_TU_6x7.59001.peg.1877,0.0,-0.041467341048841776
translation_6x7.59001.peg.1878,0.0,5.641371136488978e-34
transcription_TU_6x7.59001.peg.1878,0.0,-0.06089532322186804
translation_6x7.59001.peg.1879,0.0,-6.257659799088252e-35
transcription_TU_6x7.59001.peg.1879,0.0,-0.04432394362016124
translation_6x7.59001.peg.1880,0.0,5.2209500463719665e-34
transcription_TU_6x7.59001.peg.1880,0.0,-0.03258757571035976
translation_6x7.59001.peg.1881,0.0,2.688835459533234e-35
transcription_TU_6x7.59001.peg.1881,0.0,-0.034783550687133666
translation_6x7.59001.peg.1883,0.0,-1.9093550589342265e-34
transcription_TU_6x7.59001.peg.1883,0.0,-0.03625055087347179
translation_6x7.59001.peg.1884,0.0,-5.937884460009624e-34
transcription_TU_6x7.59001.peg.1884,0.0,-0.05519861535910001
translation_6x7.59001.peg.1885,0.0,4.374386049397278e-34
transcription_TU_6x7.59001.peg.1885,0.0,-0.07879523638403749
translation_6x7.59001.peg.1886,0.0,1.0277539417450175e-33
transcription_TU_6x7.59001.peg.1886,0.0,-0.049272051311798015
translation_6x7.59001.peg.1892,0.0,9.209224864582106e-34
transcription_TU_6x7.59001.peg.1892,0.0,-0.03765385777388079
translation_6x7.59001.peg.1893,0.0,-1.1959424798675831e-34
transcription_TU_6x7.59001.peg.1893,0.0,-9.040802932400677e-34
translation_6x7.59001.peg.1894,0.0,6.993865939343873e-34
transcription_TU_6x7.59001.peg.1894,0.0,3.787630844210046e-33
translation_6x7.59001.peg.1895,0.0,-6.887872390605231e-34
transcription_TU_6x7.59001.peg.1895,0.0,-2.628106117439135e-33
translation_6x7.59001.peg.1910,0.0,-1.3787368628273441e-34
transcription_TU_6x7.59001.peg.1910,0.0,-0.05352829980952957
translation_6x7.59001.peg.1911,0.0,1.8969376881178615e-34
transcription_TU_6x7.59001.peg.1911,0.0,-0.07225575502941779
translation_6x7.59001.peg.1912,0.0,-5.670323620624067e-35
transcription_TU_6x7.59001.peg.1912,0.0,3.676672313278386e-35
translation_6x7.59001.peg.1919,4.740891312106604e-08,8.345653716875942e-34
transcription_TU_6x7.59001.peg.1919,6.929461432681203e-10,-4.085262051678864e-34
translation_6x7.59001.peg.1925,0.0,2.7545156005129006e-35
transcription_TU_6x7.59001.peg.1925,0.0,1.2934577466118962e-33
translation_6x7.59001.peg.1926,1.7649014255219412e-11,2.0289818383519866e-34
transcription_TU_6x7.59001.peg.1926,2.579644956088242e-13,4.333432909057167e-34
translation_6x7.59001.peg.1931,-1.5277760320440018e-30,5.02779748505846e-34
transcription_TU_6x7.59001.peg.1931,-2.2330537434572557e-32,-1.686919706396156e-33
translation_6x7.59001.peg.1936,1.4639140340134875e-05,-3.183782512409147e-34
transcription_TU_6x7.59001.peg.1936,2.1397106939685772e-07,2.284454627153218e-33
translation_6x7.59001.peg.1942,3.399572043468368e-10,-3.3248584317916666e-33
transcription_TU_6x7.59001.peg.1942,4.9689397651193335e-12,-9.646802443338257e-33
translation_6x7.59001.peg.1945,0.0,-2.4940398465421243e-33
transcription_TU_6x7.59001.peg.1945,0.0,-0.07444330336580582
translation_6x7.59001.peg.1952,0.0,-1.4872399926191146e-33
transcription_TU_6x7.59001.peg.1952,0.0,-0.08284910591212503
translation_6x7.59001.peg.1957,0.0,4.216473370035401e-34
transcription_TU_6x7.59001.peg.1957,0.0,-0.041370232942870275
translation_6x7.59001.peg.1960,0.0,-1.3972344129708811e-33
transcription_TU_6x7.59001.peg.1960,0.0,2.6905704025067745e-33
translation_6x7.59001.peg.1961,6.652732136565599e-09,-5.2226442273575635e-34
transcription_TU_6x7.59001.peg.1961,9.723878428633661e-11,-5.268292199543583e-34
translation_6x7.59001.peg.1965,0.0,-2.7792873869586624e-34
transcription_TU_6x7.59001.peg.1965,0.0,1.2954259526853407e-33
translation_6x7.59001.peg.1968,0.0,-1.5209920806059894e-33
transcription_TU_6x7.59001.peg.1968,0.0,-0.056419985986705126
translation_6x7.59001.peg.1969,1.6388065293915263e-08,-3.6678731606235476e-34
transcription_TU_6x7.59001.peg.1969,2.3953400095980443e-10,8.963930743053567e-34
translation_6x7.59001.peg.1971,4.10618493892614e-09,1.0358519924450124e-34
transcription_TU_6x7.59001.peg.1971,6.001751210175243e-11,2.1901124293688406e-33
translation_6x7.59001.peg.1972,2.1074174510972258e-07,3.3614955120227643e-34
transcription_TU_6x7.59001.peg.1972,3.080278999994333e-09,-1.6968929826711776e-33
translation_6x7.59001.peg.1973,9.914670201394766e-07,-3.1838339560007366e-34
transcription_TU_6x7.59001.peg.1973,1.449164729907939e-08,8.539193300733351e-35
translation_6x7.59001.peg.1974,4.694824964859764e-07,6.426715863448763e-35
transcription_TU_6x7.59001.peg.1974,6.862129162106614e-09,-8.879054128908339e-35
translation_6x7.59001.peg.1975,1.7842149015005045e-06,1.471118523528524e-34
transcription_TU_6x7.59001.peg.1975,2.6078742442355378e-08,-3.126033785903996e-33
translation_6x7.59001.peg.1976,2.1074174510972258e-07,9.574956336490907e-35
transcription_TU_6x7.59001.peg.1976,3.080278999994333e-09,-6.733532924664135e-34
translation_6x7.59001.peg.1977,2.8986461647817634e-08,5.4570295080222414e-34
transcription_TU_6x7.59001.peg.1977,4.23676804286815e-10,-1.033639867061342e-33
translation_6x7.59001.peg.1978,1.4639532493022783e-05,1.033134557451804e-34
transcription_TU_6x7.59001.peg.1978,2.1397680124796668e-07,-1.9468906670820633e-34
translation_6x7.59001.peg.1983,1.7649014255219412e-11,3.218555295831482e-34
transcription_TU_6x7.59001.peg.1983,2.579644956088242e-13,3.4448899238708556e-33
translation_6x7.59001.peg.1984,3.6995267851809416e-09,1.810459084512376e-33
transcription_TU_6x7.59001.peg.1984,5.407364668246578e-11,-2.7722526960213377e-33
translation_6x7.59001.peg.1986,0.0,4.523655308279443e-34
transcription_TU_6x7.59001.peg.1986,0.0,-0.05946912727461665
translation_6x7.59001.peg.1989,-1.428835108737685e-28,4.637716639456933e-34
transcription_TU_6x7.59001.peg.1989,-2.0884380442080056e-30,5.053017903140323e-34
translation_6x7.59001.peg.1992,0.0,-1.1775018751714239e-33
transcription_TU_6x7.59001.peg.1992,0.0,-0.07073158770573378
translation_6x7.59001.peg.1993,0.0,3.601841803074757e-34
transcription_TU_6x7.59001.peg.1993,0.0,-0.04400734511869997
translation_6x7.59001.peg.1994,0.0,2.7785803992623262e-34
transcription_TU_6x7.59001.peg.1994,0.0,-5.4067526706129e-34
translation_6x7.59001.peg.1995,0.0,1.7301131091701994e-34
transcription_TU_6x7.59001.peg.1995,0.0,-0.0377969913243098
translation_6x7.59001.peg.1996,0.0,-4.683856341042121e-35
transcription_TU_6x7.59001.peg.1996,0.0,-0.06754407848324696
translation_6x7.59001.peg.2037,0.0,1.394509342366465e-34
transcription_TU_6x7.59001.peg.2037,0.0,-0.07847632662236392
translation_6x7.59001.peg.2038,0.0,5.115340270338257e-34
transcription_TU_6x7.59001.peg.2038,0.0,-0.08089674410042208
translation_6x7.59001.peg.2040,2.9771452169401693e-08,6.172673759892497e-34
transcription_TU_6x7.59001.peg.2040,4.351505150011827e-10,-2.6270888911281696e-33
translation_6x7.59001.peg.2044,8.142888928278812e-09,-1.6870701069994714e-34
transcription_TU_6x7.59001.peg.2044,1.1901946504241228e-10,-1.9984820995056694e-34
translation_6x7.59001.peg.2048,1.4639140340134875e-05,1.7776276850767036e-33
transcription_TU_6x7.59001.peg.2048,2.1397106939685772e-07,-1.1039238527701133e-33
translation_6x7.59001.peg.2049,2.6025839910933405e-07,7.829141890823961e-34
transcription_TU_6x7.59001.peg.2049,3.804032660597155e-09,-1.7744074235772347e-33
translation_6x7.59001.peg.2050,4.204829435851192e-09,9.49397282788465e-34
transcription_TU_6x7.59001.peg.2050,6.145933641703009e-11,2.786623673139849e-33
translation_6x7.59001.peg.2051,0.0,5.643191654653e-34
transcription_TU_6x7.59001.peg.2051,0.0,-3.958345281750891e-34
translation_6x7.59001.peg.2052,0.0,6.8575245177999056e-34
transcription_TU_6x7.59001.peg.2052,0.0,-0.05958058514460777
translation_6x7.59001.peg.2053,1.4639140340134875e-05,-8.992620675057525e-35
transcription_TU_6x7.59001.peg.2053,2.1397106939685772e-07,-3.296348293737045e-33
translation_6x7.59001.peg.2055,0.0,-8.096098330345377e-34
transcription_TU_6x7.59001.peg.2055,0.0,-0.12940336883529235
translation_6x7.59001.peg.2056,8.940672200133913e-06,2.602034291030897e-34
transcription_TU_6x7.59001.peg.2056,1.3068015930857484e-07,-1.8757752103321445e-33
translation_6x7.59001.peg.2065,0.0,1.8673429155833695e-33
transcription_TU_6x7.59001.peg.2065,0.0,-1.4503237360634278e-33
translation_6x7.59001.peg.2066,0.0,-1.295334573175101e-35
transcription_TU_6x7.59001.peg.2066,0.0,-0.03532759722435272
translation_6x7.59001.peg.2067,0.0,4.7866302071441565e-34
transcription_TU_6x7.59001.peg.2067,0.0,-0.09923740362803203
translation_6x7.59001.peg.2068,0.0,-1.3189418892318656e-35
transcription_TU_6x7.59001.peg.2068,0.0,-0.0394747485839414
translation_6x7.59001.peg.2069,2.0133088373557955e-07,-5.3234528600834464e-34
transcription_TU_6x7.59001.peg.2069,2.9427263824645787e-09,4.23947463594002e-34
translation_6x7.59001.peg.2071,0.0,-2.5653781362186366e-34
transcription_TU_6x7.59001.peg.2071,0.0,-0.035026159813473054
translation_6x7.59001.peg.2074,5.010951806967118e-08,-1.6107789088959288e-34
transcription_TU_6x7.59001.peg.2074,7.324191803075454e-10,-1.3268300324013469e-34
translation_6x7.59001.peg.2075,0.0,-4.1817819769635196e-33
transcription_TU_6x7.59001.peg.2075,0.0,-0.10242416769624932
translation_6x7.59001.peg.2076,0.0,-2.7392550681651546e-33
transcription_TU_6x7.59001.peg.2076,0.0,-0.09855561498532052
translation_6x7.59001.peg.2078,9.843810425304694e-09,-5.135406767656964e-35
transcription_TU_6x7.59001.peg.2078,1.4388076039326883e-10,-2.0396040748369405e-34
translation_6x7.59001.peg.2093,0.0,-2.81097350223297e-34
transcription_TU_6x7.59001.peg.2093,0.0,-1.3383365753216178e-33
translation_6x7.59001.peg.2102,0.0,-3.902119254463823e-34
transcription_TU_6x7.59001.peg.2102,0.0,-0.044138625836893194
translation_6x7.59001.peg.2104,0.0,-2.4131723389858658e-33
transcription_TU_6x7.59001.peg.2104,0.0,-0.04107956115110656
translation_6x7.59001.peg.2105,0.0,-1.2140537190370808e-34
transcription_TU_6x7.59001.peg.2105,0.0,-0.03824453060002027
translation_6x7.59001.peg.2106,0.0,-3.4299036865234956e-34
transcription_TU_6x7.59001.peg.2106,0.0,-0.04174027480870531
translation_6x7.59001.peg.2112,0.0,1.1320767124265053e-33
transcription_TU_6x7.59001.peg.2112,0.0,-0.04139837494571489
translation_6x7.59001.peg.2131,0.0,-5.139370386305763e-34
transcription_TU_6x7.59001.peg.2131,0.0,1.2045388573994328e-33
translation_6x7.59001.peg.2132,0.0,4.8459033854969205e-34
transcription_TU_6x7.59001.peg.2132,0.0,-0.07785120418787596
translation_6x7.59001.peg.2138,1.4639140340134875e-05,-1.6034827340810097e-33
transcription_TU_6x7.59001.peg.2138,2.1397106939685772e-07,7.865772634441385e-35
translation_6x7.59001.peg.2142,0.0,1.9914755606788666e-33
transcription_TU_6x7.59001.peg.2142,0.0,-0.05125261911979579
translation_6x7.59001.peg.2143,0.0,-1.385369772579027e-33
transcription_TU_6x7.59001.peg.2143,0.0,-0.0742139244443834
translation_6x7.59001.peg.2144,0.0,8.280613174119148e-34
transcription_TU_6x7.59001.peg.2144,0.0,-0.06112940495050605
translation_6x7.59001.peg.2145,0.0,-1.0807100690778485e-33
transcription_TU_6x7.59001.peg.2145,0.0,-2.195310550138906e-33
translation_6x7.59001.peg.2146,0.0,3.2584080618530327e-34
transcription_TU_6x7.59001.peg.2146,0.0,-0.034532848974196076
translation_6x7.59001.peg.2147,0.0,2.690569755780239e-34
transcription_TU_6x7.59001.peg.2147,0.0,-0.04214024402492236
translation_6x7.59001.peg.2149,0.0,-2.4952434618227063e-34
transcription_TU_6x7.59001.peg.2149,0.0,-1.6361426513569188e-33
translation_6x7.59001.peg.2150,0.0,-1.3717525219740632e-34
transcription_TU_6x7.59001.peg.2150,0.0,1.8052539277397154e-33
translation_6x7.59001.peg.2151,0.0,8.692918722712794e-34
transcription_TU_6x7.59001.peg.2151,0.0,4.721867811039878e-34
translation_6x7.59001.peg.2154,0.0,1.475154538347212e-34
transcription_TU_6x7.59001.peg.2154,0.0,9.043369480189065e-34
translation_6x7.59001.peg.2156,0.0,-1.194969728260871e-33
transcription_TU_6x7.59001.peg.2156,0.0,-0.06801220922378232
translation_6x7.59001.peg.2157,0.0,4.479690017100929e-34
transcription_TU_6x7.59001.peg.2157,0.0,-0.08370795355478458
translation_6x7.59001.peg.2164,7.280915375015698e-07,2.5804162508515216e-34
transcription_TU_6x7.59001.peg.2164,1.0642054197055253e-08,-1.7703214437892735e-35
translation_6x7.59001.peg.2165,0.0,-2.0021018835646114e-34
transcription_TU_6x7.59001.peg.2165,0.0,-6.272259680524603e-34
translation_6x7.59001.peg.2166,5.5932739861979097e-08,1.4665211929663483e-33
transcription_TU_6x7.59001.peg.2166,8.175335357467892e-10,-7.279336312334216e-34
translation_6x7.59001.peg.2167,2.1588764570585295e-07,3.2616899350367314e-34
transcription_TU_6x7.59001.peg.2167,3.155493379253013e-09,2.3129602497894627e-33
translation_6x7.59001.peg.2168,5.5932739861979097e-08,5.993873198778667e-34
transcription_TU_6x7.59001.peg.2168,8.175335357467892e-10,-5.721608179985379e-34
translation_6x7.59001.peg.2173,0.0,5.424155339076882e-34
transcription_TU_6x7.59001.peg.2173,0.0,-2.0367471594089278e-33
translation_6x7.59001.peg.2176,1.7649014255219412e-11,-1.5724781550669368e-34
transcription_TU_6x7.59001.peg.2176,2.579644956088242e-13,2.5191893634877266e-33
translation_6x7.59001.peg.2179,3.5298028510438825e-11,-1.3271095211353734e-34
transcription_TU_6x7.59001.peg.2179,5.159289912176484e-13,-5.149851394766837e-34
translation_6x7.59001.peg.2182,1.4639140340134875e-05,9.970578723967027e-35
transcription_TU_6x7.59001.peg.2182,2.1397106939685772e-07,1.1386176229782791e-34
translation_6x7.59001.peg.2187,0.0,4.001241886210854e-35
transcription_TU_6x7.59001.peg.2187,0.0,1.645584698557679e-33
translation_6x7.59001.peg.2189,0.0,-2.8341538994890617e-34
transcription_TU_6x7.59001.peg.2189,0.0,-0.05087549454629209
translation_6x7.59001.peg.2201,0.0,4.416494759512396e-35
transcription_TU_6x7.59001.peg.2201,0.0,-0.150358175639636
translation_6x7.59001.peg.2203,0.0,2.7452522420994374e-33
transcription_TU_6x7.59001.peg.2203,0.0,-0.12950576090045707
translation_6x7.59001.peg.2204,0.0,-3.99624501328135e-34
transcription_TU_6x7.59001.peg.2204,0.0,-1.2054101433427854e-33
translation_6x7.59001.peg.2206,0.0,2.186560782452776e-33
transcription_TU_6x7.59001.peg.2206,0.0,-0.1301242679278221
translation_6x7.59001.peg.2215,0.0,-1.5528690459571983e-33
transcription_TU_6x7.59001.peg.2215,0.0,-8.012745248661933e-34
translation_6x7.59001.peg.2216,1.9607644395356792e-10,-1.4291121378543875e-34
transcription_TU_6x7.59001.peg.2216,2.8659255544708728e-12,2.4669044466715747e-33
translation_6x7.59001.peg.2219,2.2377794316904476e-09,-1.0559632599341002e-33
transcription_TU_6x7.59001.peg.2219,3.2708208743675866e-11,-1.6243043813977404e-33
translation_6x7.59001.peg.2220,2.0460768719513223e-09,2.7651848373911805e-35
transcription_TU_6x7.59001.peg.2220,2.9906213492558695e-11,-2.493438881322443e-33
translation_6x7.59001.peg.2221,3.48471434140147e-09,-6.989354606073858e-34
transcription_TU_6x7.59001.peg.2221,5.093386885075586e-11,5.8041949070552e-34
translation_6x7.59001.peg.2223,1.6401761068943792e-09,8.65820225654201e-35
transcription_TU_6x7.59001.peg.2223,2.3973418345419846e-11,3.329354451735275e-33
translation_6x7.59001.peg.2224,1.9070009648860577e-09,-1.4712351112128547e-33
transcription_TU_6x7.59001.peg.2224,2.7873428788629936e-11,-1.3802810527062509e-33
translation_6x7.59001.peg.2229,0.0,1.787257590963156e-33
transcription_TU_6x7.59001.peg.2229,0.0,-0.09687505697978922
translation_6x7.59001.peg.2232,0.0,1.2218920441902398e-33
transcription_TU_6x7.59001.peg.2232,0.0,-0.06420889134246606
translation_6x7.59001.peg.2237,0.0,4.520517706597672e-34
transcription_TU_6x7.59001.peg.2237,0.0,-0.13080404453620026
translation_6x7.59001.peg.2239,1.4863420492337775e-28,9.822880436776562e-34
transcription_TU_6x7.59001.peg.2239,0.0,-0.08376490989892911
translation_6x7.59001.peg.2240,1.4863420492337775e-28,1.7012075578548903e-33
transcription_TU_6x7.59001.peg.2240,0.0,-0.0876146501214995
translation_6x7.59001.peg.2241,1.4863420492337775e-28,-7.60444953572473e-34
transcription_TU_6x7.59001.peg.2241,0.0,-0.10600260240565432
translation_6x7.59001.peg.2242,1.4863420492337775e-28,3.7868814813623413e-34
transcription_TU_6x7.59001.peg.2242,0.0,-0.017423776812069185
translation_6x7.59001.peg.2243,1.4863420492337775e-28,4.257310237098292e-34
transcription_TU_6x7.59001.peg.2243,0.0,-0.032995891567090936
translation_6x7.59001.peg.2244,1.4863420492337775e-28,-8.041942279995098e-35
transcription_TU_6x7.59001.peg.2244,0.0,-0.031075221847918506
translation_6x7.59001.peg.2245,1.4863420492337775e-28,1.6939304722373424e-33
transcription_TU_6x7.59001.peg.2245,0.0,-0.056246244262529534
translation_6x7.59001.peg.2246,1.4863420492337775e-28,2.3311437463142696e-33
transcription_TU_6x7.59001.peg.2246,0.0,-0.1562270152866088
translation_6x7.59001.peg.2247,1.4863420492337775e-28,-5.888174488079252e-34
transcription_TU_6x7.59001.peg.2247,0.0,-0.07702258938293394
translation_6x7.59001.peg.2248,1.4863420492337775e-28,1.8376908977947502e-34
transcription_TU_6x7.59001.peg.2248,0.0,-0.028572539848216748
translation_6x7.59001.peg.2249,1.4863420492337775e-28,9.03740386980011e-34
transcription_TU_6x7.59001.peg.2249,0.0,-0.10240515186955362
translation_6x7.59001.peg.2250,1.4863420492337775e-28,-5.774021391418853e-34
transcription_TU_6x7.59001.peg.2250,0.0,-0.03866989271564199
translation_6x7.59001.peg.2251,1.4863420492337775e-28,-2.762521117780976e-34
transcription_TU_6x7.59001.peg.2251,0.0,-0.020676162163215488
translation_6x7.59001.peg.2257,0.0,-1.0839753131156995e-33
transcription_TU_6x7.59001.peg.2257,0.0,-0.06930103939724472
translation_6x7.59001.peg.2263,0.0,-5.052049509445633e-34
transcription_TU_6x7.59001.peg.2263,0.0,-0.06790191283941165
translation_6x7.59001.peg.2264,7.365897521606113e-06,-8.369804796060586e-34
transcription_TU_6x7.59001.peg.2264,1.0766267233907826e-07,1.085897227759872e-33
translation_6x7.59001.peg.2273,0.0,6.2975071887758234e-34
transcription_TU_6x7.59001.peg.2273,0.0,-0.0330789055480596
translation_6x7.59001.peg.2274,0.0,7.619929012585291e-34
transcription_TU_6x7.59001.peg.2274,0.0,-1.3715442914843712e-33
translation_6x7.59001.peg.2277,1.0568184402647789e-08,-8.05567272473582e-34
transcription_TU_6x7.59001.peg.2277,1.544684773612127e-10,1.9814245462013337e-33
translation_6x7.59001.peg.2278,2.265742180521286e-07,-4.2025860882568435e-34
transcription_TU_6x7.59001.peg.2278,3.311692258421516e-09,1.622527030063994e-33
translation_6x7.59001.peg.2280,0.0,1.279620582168567e-34
transcription_TU_6x7.59001.peg.2280,0.0,-0.04734068501514122
translation_6x7.59001.peg.2282,0.0,-1.353450593896817e-35
transcription_TU_6x7.59001.peg.2282,0.0,1.1224316518729302e-33
translation_6x7.59001.peg.2286,3.488918547321557e-08,4.633442036296219e-34
transcription_TU_6x7.59001.peg.2286,5.099531907363673e-10,-8.800742537024716e-34
translation_6x7.59001.peg.2287,3.399572043468368e-10,1.8821879553394712e-33
transcription_TU_6x7.59001.peg.2287,4.9689397651193335e-12,-7.902669069651412e-33
translation_6x7.59001.peg.2310,6.7438534577209695e-09,3.624115718991643e-34
transcription_TU_6x7.59001.peg.2310,9.85706470924479e-11,2.0207766134933724e-33
translation_6x7.59001.peg.2311,1.4639140340134875e-05,1.0151580933351643e-33
transcription_TU_6x7.59001.peg.2311,2.1397106939685772e-07,1.3768901183785699e-34
translation_6x7.59001.peg.2315,0.0,-9.269233415238635e-35
transcription_TU_6x7.59001.peg.2315,0.0,-4.647595956040639e-33
translation_6x7.59001.peg.2344,0.0,5.110788022675568e-34
transcription_TU_6x7.59001.peg.2344,0.0,6.340517486481617e-33
translation_6x7.59001.peg.2367,0.0,-3.925474314372065e-34
transcription_TU_6x7.59001.peg.2367,0.0,-0.048916123952303624
translation_6x7.59001.peg.2372,0.0,5.609638457262311e-34
transcription_TU_6x7.59001.peg.2372,0.0,-4.3348868744486444e-33
translation_6x7.59001.peg.2386,0.0,-2.805181527963523e-34
transcription_TU_6x7.59001.peg.2386,0.0,-0.05480584336558563
translation_6x7.59001.peg.2391,0.0,-7.793322724277316e-35
transcription_TU_6x7.59001.peg.2391,0.0,-0.0395400570224525
translation_6x7.59001.peg.2393,0.0,1.4890028231910996e-34
transcription_TU_6x7.59001.peg.2393,0.0,1.5583732439568128e-34
translation_6x7.59001.peg.2394,0.0,4.790129602536233e-34
transcription_TU_6x7.59001.peg.2394,0.0,-0.056283821981365584
translation_6x7.59001.peg.2395,0.0,-6.958026444176851e-34
transcription_TU_6x7.59001.peg.2395,0.0,3.7990600333675404e-33
translation_6x7.59001.peg.2396,0.0,3.97721445891438e-34
transcription_TU_6x7.59001.peg.2396,0.0,-0.07369041768063861
translation_6x7.59001.peg.2405,0.0,8.758556854415958e-34
transcription_TU_6x7.59001.peg.2405,0.0,-0.0576952385650375
translation_6x7.59001.peg.2406,0.0,4.792028822912679e-34
transcription_TU_6x7.59001.peg.2406,0.0,2.2346735057489498e-33
translation_6x7.59001.peg.2407,0.0,-1.6006022452413843e-34
transcription_TU_6x7.59001.peg.2407,0.0,-1.3446290537500628e-33
translation_6x7.59001.peg.2408,0.0,-8.616458636405676e-34
transcription_TU_6x7.59001.peg.2408,0.0,-0.05970480990754099
translation_6x7.59001.peg.2410,0.0,-2.774170857295182e-34
transcription_TU_6x7.59001.peg.2410,0.0,-0.04277228537275962
translation_6x7.59001.peg.2411,0.0,-6.8060681032464846e-34
transcription_TU_6x7.59001.peg.2411,0.0,-0.06065079008603194
translation_6x7.59001.peg.2420,0.0,5.926388662672687e-34
transcription_TU_6x7.59001.peg.2420,0.0,-0.06544646664340227
translation_6x7.59001.peg.2421,0.0,1.3960517412134968e-33
transcription_TU_6x7.59001.peg.2421,0.0,-0.0896609640371436
translation_6x7.59001.peg.2422,1.9675011392940665e-08,1.1421243720275514e-34
transcription_TU_6x7.59001.peg.2422,2.875772163069574e-10,-5.573314391886484e-34
translation_6x7.59001.peg.2423,1.9675011392940665e-08,-1.5368087290004038e-34
transcription_TU_6x7.59001.peg.2423,2.875772163069574e-10,-3.979624088336685e-34
translation_6x7.59001.peg.2424,9.584470378655393e-09,9.509566491802442e-34
transcription_TU_6x7.59001.peg.2424,1.4009015071061923e-10,-1.190403215789558e-33
translation_6x7.59001.peg.2425,9.584470378655393e-09,-4.192614557300601e-34
transcription_TU_6x7.59001.peg.2425,1.4009015071061923e-10,-1.0406366407978974e-32
translation_6x7.59001.peg.2426,0.0,-6.265620400710549e-34
transcription_TU_6x7.59001.peg.2426,0.0,3.8128858079456277e-34
translation_6x7.59001.peg.2427,0.0,-9.948101702672023e-34
transcription_TU_6x7.59001.peg.2427,0.0,-7.927983666833527e-34
translation_6x7.59001.peg.2428,0.0,3.0162086381626045e-34
transcription_TU_6x7.59001.peg.2428,0.0,-9.977025714735625e-34
translation_6x7.59001.peg.2429,0.0,9.81707334474258e-35
transcription_TU_6x7.59001.peg.2429,0.0,1.0540143801579884e-33
translation_6x7.59001.peg.2430,1.4616821848226597e-06,-3.59340650833456e-34
transcription_TU_6x7.59001.peg.2430,2.1364485409527702e-08,-4.084501142400872e-34
translation_6x7.59001.peg.2442,0.0,4.5633849556905434e-33
transcription_TU_6x7.59001.peg.2442,0.0,2.127767511707823e-33
translation_6x7.59001.peg.2443,0.0,-1.4197662401298013e-33
transcription_TU_6x7.59001.peg.2443,0.0,-0.11760020786658383
translation_6x7.59001.peg.2444,0.0,1.1884158684455206e-33
transcription_TU_6x7.59001.peg.2444,0.0,-0.03526379262853901
translation_6x7.59001.peg.2447,1.5079321985465894e-07,4.119434434206949e-34
transcription_TU_6x7.59001.peg.2447,2.2040492652179588e-09,2.9656840868095192e-33
translation_6x7.59001.peg.2453,0.0,-8.162411866737498e-34
transcription_TU_6x7.59001.peg.2453,0.0,-0.1520295971985633
translation_6x7.59001.peg.2457,5.4766203189901495e-08,2.2425037392808247e-33
transcription_TU_6x7.59001.peg.2457,8.00483005905855e-10,-3.34410333639701e-33
translation_6x7.59001.peg.2458,6.907386556431402e-08,2.025394390427504e-33
transcription_TU_6x7.59001.peg.2458,1.0096090712137324e-09,3.012158718002873e-33
translation_6x7.59001.peg.2459,2.3828635266220984e-06,4.748066548793819e-34
transcription_TU_6x7.59001.peg.2459,3.482881133533833e-08,-1.267245186337249e-33
translation_6x7.59001.peg.2460,2.356987869368686e-07,3.115083594050074e-34
transcription_TU_6x7.59001.peg.2460,3.4450603194339784e-09,-4.447634250099611e-33
translation_6x7.59001.peg.2465,0.0,-5.943776534607359e-35
transcription_TU_6x7.59001.peg.2465,0.0,-5.6620338674308864e-33
translation_6x7.59001.peg.2466,0.0,-1.6965029513707888e-33
transcription_TU_6x7.59001.peg.2466,0.0,-0.06766889509418647
translation_6x7.59001.peg.2474,0.0,-6.745914180451846e-34
transcription_TU_6x7.59001.peg.2474,0.0,-0.05109342406670834
translation_6x7.59001.peg.2475,0.0,1.4540672826622204e-33
transcription_TU_6x7.59001.peg.2475,0.0,-0.04237979952659545
translation_6x7.59001.peg.2476,0.0,2.329915895117294e-34
transcription_TU_6x7.59001.peg.2476,0.0,-0.03876850711667167
translation_6x7.59001.peg.2477,0.0,-5.537942966189156e-34
transcription_TU_6x7.59001.peg.2477,0.0,-0.04145630676645356
translation_6x7.59001.peg.2478,0.0,3.5371998537136284e-34
transcription_TU_6x7.59001.peg.2478,0.0,1.3313106160537848e-33
translation_6x7.59001.peg.2480,1.5226049105896246e-07,5.518543141087969e-33
transcription_TU_6x7.59001.peg.2480,2.2254954417956434e-09,-6.52668780884375e-33
translation_6x7.59001.peg.2482,0.0,9.91083180125108e-35
transcription_TU_6x7.59001.peg.2482,0.0,-0.05874036945610265
translation_6x7.59001.peg.2483,0.0,5.828882677602498e-34
transcription_TU_6x7.59001.peg.2483,0.0,-0.03774290652582248
translation_6x7.59001.peg.2496,0.0,1.78783796768829e-33
transcription_TU_6x7.59001.peg.2496,0.0,-0.05885149299076903
translation_6x7.59001.peg.2502,0.0,-4.275687789775441e-34
transcription_TU_6x7.59001.peg.2502,0.0,-0.04502313254097811
translation_6x7.59001.peg.2504,0.0,-3.075982601416884e-34
transcription_TU_6x7.59001.peg.2504,0.0,-0.0694170054956097
translation_6x7.59001.peg.2506,0.0,-4.2696716079548715e-34
transcription_TU_6x7.59001.peg.2506,0.0,-0.08732377574418708
translation_6x7.59001.peg.2523,0.0,-1.556036987480339e-33
transcription_TU_6x7.59001.peg.2523,0.0,-0.13935898137395403
translation_6x7.59001.peg.2529,0.0,4.277578731530133e-34
transcription_TU_6x7.59001.peg.2529,0.0,-1.2015166165546619e-34
translation_6x7.59001.peg.2530,0.0,-1.2341961271525773e-33
transcription_TU_6x7.59001.peg.2530,0.0,-0.07449941152869219
translation_6x7.59001.peg.2533,0.0,-2.3278725260384366e-34
transcription_TU_6x7.59001.peg.2533,0.0,-5.6268002095829e-34
translation_6x7.59001.peg.2535,2.7794287647942356e-08,4.528011501902365e-34
transcription_TU_6x7.59001.peg.2535,4.0625154981602603e-10,1.5814472923623256e-33
translation_6x7.59001.peg.2537,1.7988880807763237e-08,3.6079120258870484e-34
transcription_TU_6x7.59001.peg.2537,2.6293211037378765e-10,1.9830666459820438e-33
translation_6x7.59001.peg.2540,0.0,1.0255105767495289e-34
transcription_TU_6x7.59001.peg.2540,0.0,-0.029014466149464804
translation_6x7.59001.peg.2541,0.0,-8.311643282518742e-34
transcription_TU_6x7.59001.peg.2541,0.0,-0.0609300862893458
translation_6x7.59001.peg.2547,0.0,7.218056203776885e-37
transcription_TU_6x7.59001.peg.2547,0.0,-3.3894597121184437e-34
translation_6x7.59001.peg.2549,6.797751556825374e-29,2.4081116818538907e-34
transcription_TU_6x7.59001.peg.2549,0.0,-0.06348378417860294
translation_6x7.59001.peg.2551,6.6783722398441235e-06,1.8451079077251138e-34
transcription_TU_6x7.59001.peg.2551,9.761354948364198e-08,5.439297317795376e-33
translation_6x7.59001.peg.2552,4.503628084778716e-08,-5.697011068913577e-34
transcription_TU_6x7.59001.peg.2552,6.582668757016272e-10,-1.5743504143678926e-33
translation_6x7.59001.peg.2554,0.0,1.963276709107028e-33
transcription_TU_6x7.59001.peg.2554,0.0,8.062998465766217e-33
translation_6x7.59001.peg.2555,1.7649014255219412e-11,5.431654578253006e-35
transcription_TU_6x7.59001.peg.2555,2.579644956088242e-13,1.0341600058593814e-33
translation_6x7.59001.peg.2558,0.0,2.4579439259402895e-34
transcription_TU_6x7.59001.peg.2558,0.0,-3.4785384024057042e-34
translation_6x7.59001.peg.2559,0.0,-1.8103316428083398e-34
transcription_TU_6x7.59001.peg.2559,0.0,-0.04180216443177457
translation_6x7.59001.peg.2561,3.5298028510438825e-11,9.14224592964924e-35
transcription_TU_6x7.59001.peg.2561,5.159289912176484e-13,-3.08730130976154e-33
translation_6x7.59001.peg.2562,5.5174537540947e-10,8.962541716590504e-34
transcription_TU_6x7.59001.peg.2562,8.064513712425227e-12,1.4535437184280312e-33
translation_6x7.59001.peg.2568,4.603387136545353e-07,-2.7062401623098467e-34
transcription_TU_6x7.59001.peg.2568,6.728480262969272e-09,3.689942119854901e-35
translation_6x7.59001.peg.2569,0.0,8.416543288302604e-34
transcription_TU_6x7.59001.peg.2569,0.0,2.63911057468231e-33
translation_6x7.59001.peg.2572,0.0,-3.932509506186277e-35
transcription_TU_6x7.59001.peg.2572,0.0,-1.7166001834523254e-34
translation_6x7.59001.peg.2576,9.870006876033138e-11,-1.5029414726685937e-34
transcription_TU_6x7.59001.peg.2576,1.4426365736990346e-12,4.504676821716749e-35
translation_6x7.59001.peg.2577,1.44119835645848e-13,-4.7468036166788883e-35
transcription_TU_6x7.59001.peg.2577,2.1065086226338723e-15,-1.6625948179421232e-33
translation_6x7.59001.peg.2610,0.0,3.3358487730708058e-34
transcription_TU_6x7.59001.peg.2610,0.0,-0.029741790449506887
translation_6x7.59001.peg.2620,0.0,-2.8507509046544562e-33
transcription_TU_6x7.59001.peg.2620,0.0,5.972233254235444e-33
translation_6x7.59001.peg.2621,5.318758941959365e-09,-3.134824929640744e-34
transcription_TU_6x7.59001.peg.2621,7.774094053562844e-11,-4.940465344496693e-34
translation_6x7.59001.peg.2622,3.3051149331778845e-10,-1.1410065538252571e-33
transcription_TU_6x7.59001.peg.2622,4.83087777219219e-12,-8.802730829209756e-34
translation_6x7.59001.peg.2624,4.250414448042291e-14,8.19300594993311e-37
transcription_TU_6x7.59001.peg.2624,6.21256237522404e-16,4.554556204568115e-34
translation_6x7.59001.peg.2626,1.6045666140233305e-08,-5.40792680946407e-34
transcription_TU_6x7.59001.peg.2626,2.3452936876340097e-10,-1.825638307380896e-33
translation_6x7.59001.peg.2627,0.0,-7.984779526978196e-35
transcription_TU_6x7.59001.peg.2627,0.0,-6.549797177418405e-34
translation_6x7.59001.peg.2635,0.0,2.5235979985742403e-34
transcription_TU_6x7.59001.peg.2635,0.0,2.899066235168764e-33
translation_6x7.59001.peg.2636,0.0,3.7622696828865677e-34
transcription_TU_6x7.59001.peg.2636,0.0,-0.08354985684714959
translation_6x7.59001.peg.2644,1.3263254222756804e-06,-4.125444435427719e-34
transcription_TU_6x7.59001.peg.2644,1.9386061092297142e-08,8.230196400421585e-33
translation_6x7.59001.peg.2650,8.05056317299038e-08,4.353105489143622e-34
transcription_TU_6x7.59001.peg.2650,1.1766999778320597e-09,-4.6692905863344114e-33
translation_6x7.59001.peg.2651,9.687870211126436e-08,3.47776667550377e-34
transcription_TU_6x7.59001.peg.2651,1.4160148076246852e-09,-1.0056119864678626e-33
translation_6x7.59001.peg.2654,1.7649014255219412e-11,8.813573612178621e-34
transcription_TU_6x7.59001.peg.2654,2.579644956088242e-13,-5.329104329641053e-33
translation_6x7.59001.peg.2655,0.005317740261773676,3.705753643117908e-35
transcription_TU_6x7.59001.peg.2655,7.772605113067427e-05,-4.99614341782711e-34
translation_6x7.59001.peg.2657,0.0,-1.1955018553290346e-33
transcription_TU_6x7.59001.peg.2657,0.0,-0.07450327200184002
translation_6x7.59001.peg.2662,0.0,-1.3116133383542117e-35
transcription_TU_6x7.59001.peg.2662,0.0,-3.4559667689313625e-35
translation_6x7.59001.peg.2668,0.0,-7.728811711659796e-34
transcription_TU_6x7.59001.peg.2668,0.0,-0.045723265579485486
translation_6x7.59001.peg.2670,6.53490434317528e-08,7.19904168420133e-34
transcription_TU_6x7.59001.peg.2670,9.55165698413205e-10,1.2793094931267217e-33
translation_6x7.59001.peg.2671,0.0,1.1462654365160428e-33
transcription_TU_6x7.59001.peg.2671,0.0,-0.06744455434161163
translation_6x7.59001.peg.2675,0.0,5.130107898416609e-34
transcription_TU_6x7.59001.peg.2675,0.0,-0.043078869414002297
translation_6x7.59001.peg.2680,7.059605702087761e-11,8.498928813454879e-36
transcription_TU_6x7.59001.peg.2680,1.0318579824352962e-12,-2.694250933722605e-33
translation_6x7.59001.peg.2684,0.0,-2.8144872078990754e-33
transcription_TU_6x7.59001.peg.2684,0.0,-0.0658195738057044
translation_6x7.59001.peg.2685,0.0,-3.183782512409147e-34
transcription_TU_6x7.59001.peg.2685,0.0,-0.06451656221048305
translation_6x7.59001.peg.2686,0.0,-1.0735760041237135e-33
transcription_TU_6x7.59001.peg.2686,0.0,-0.06157112628370546
translation_6x7.59001.peg.2696,1.4639532493022783e-05,1.0467657527939517e-34
transcription_TU_6x7.59001.peg.2696,2.1397680124796668e-07,-1.8466950944919266e-34
translation_6x7.59001.peg.2697,3.399572043468368e-10,5.84522903167517e-34
transcription_TU_6x7.59001.peg.2697,4.9689397651193335e-12,2.508381347186532e-34
translation_6x7.59001.peg.2698,1.7649014255219412e-11,1.0641252748465323e-34
transcription_TU_6x7.59001.peg.2698,2.579644956088242e-13,-1.0671348911143118e-33
translation_6x7.59001.peg.2699,1.4639532493022783e-05,-3.089513547021034e-35
transcription_TU_6x7.59001.peg.2699,2.1397680124796668e-07,1.708187736007766e-34
translation_6x7.59001.peg.2703,5.4505239728896095e-09,7.1663513825911e-36
transcription_TU_6x7.59001.peg.2703,7.966686678007858e-11,-1.1758935534121115e-33
translation_718251.5.peg.2703,0.0,2.8540407474035857e-34
transcription_TU_718251.5.peg.2703,0.0,-0.05355555575710509
translation_6x7.59001.peg.2704,7.100981597959179e-10,-4.612064019977127e-35
transcription_TU_6x7.59001.peg.2704,1.0379056358364922e-11,5.849148181940414e-33
translation_6x7.59001.peg.2708,9.390468683007122e-07,-2.1854396747996832e-33
transcription_TU_6x7.59001.peg.2708,1.3725455044187545e-08,-3.903929674492581e-34
translation_6x7.59001.peg.2716,0.0,1.5205142818532983e-33
transcription_TU_6x7.59001.peg.2716,0.0,-0.09060514805331675
translation_6x7.59001.peg.2717,0.0,-2.1537940604153784e-35
transcription_TU_6x7.59001.peg.2717,0.0,-0.07992315774005386
translation_6x7.59001.peg.2725,0.0,5.538445048860713e-34
transcription_TU_6x7.59001.peg.2725,0.0,-0.04379001868178674
translation_6x7.59001.peg.2727,2.4495715497470796e-07,-5.783522678782674e-35
transcription_TU_6x7.59001.peg.2727,3.580384038170042e-09,7.627607305371972e-34
translation_6x7.59001.peg.2728,1.5987170487866434e-07,7.801824823165596e-34
transcription_TU_6x7.59001.peg.2728,2.336743747541085e-09,6.720278229133504e-34
translation_6x7.59001.peg.2735,2.827050359221755e-09,-1.3429511117952477e-34
transcription_TU_6x7.59001.peg.2735,4.1321209753214e-11,4.236825559047191e-33
translation_6x7.59001.peg.2740,0.0,-4.534172600763856e-34
transcription_TU_6x7.59001.peg.2740,0.0,-0.03490402233852828
translation_6x7.59001.peg.2741,0.0,-2.409047113392945e-33
transcription_TU_6x7.59001.peg.2741,0.0,1.304367402119777e-33
translation_6x7.59001.peg.2742,0.0,6.728938495543835e-34
transcription_TU_6x7.59001.peg.2742,0.0,-0.05373726694811631
translation_6x7.59001.peg.2743,0.0,-8.794457156025887e-34
transcription_TU_6x7.59001.peg.2743,0.0,-0.09653631026079725
translation_6x7.59001.peg.2744,0.0,2.0311165543566238e-34
transcription_TU_6x7.59001.peg.2744,0.0,-0.03172633829386783
translation_6x7.59001.peg.2745,0.0,4.360085131093205e-35
transcription_TU_6x7.59001.peg.2745,0.0,-0.04670635441814089
translation_6x7.59001.peg.2748,0.0,9.883652272764292e-34
transcription_TU_6x7.59001.peg.2748,0.0,-0.1222440632283887
translation_6x7.59001.peg.2749,0.0,-8.020598270195919e-35
transcription_TU_6x7.59001.peg.2749,0.0,4.326653616758746e-34
translation_6x7.59001.peg.2750,8.24735571141936e-07,9.857653907792839e-36
transcription_TU_6x7.59001.peg.2750,1.2054639003839376e-08,-1.2571779116807253e-33
translation_6x7.59001.peg.2760,0.0,-3.2374152670843402e-34
transcription_TU_6x7.59001.peg.2760,0.0,1.3464573775290741e-33
translation_6x7.59001.peg.2763,0.0,-6.110251872747562e-35
transcription_TU_6x7.59001.peg.2763,0.0,-0.08693730281000162
translation_6x7.59001.peg.2768,0.0,2.454609327769727e-34
transcription_TU_6x7.59001.peg.2768,0.0,-1.6193230698071827e-34
translation_6x7.59001.peg.2772,1.2265218098190444e-07,3.327977841506603e-34
transcription_TU_6x7.59001.peg.2772,1.7927294717302528e-09,-1.0473668158016227e-33
translation_6x7.59001.peg.2773,9.800480207774744e-09,1.1291052957330249e-33
transcription_TU_6x7.59001.peg.2773,1.432474299676657e-10,-5.7879332015095246e-34
translation_6x7.59001.peg.2782,5.893430307071509e-09,5.74655476340727e-36
transcription_TU_6x7.59001.peg.2782,8.614054896124619e-11,1.831212209470701e-33
translation_6x7.59001.peg.2786,7.893759378262457e-10,-3.8157083906155353e-34
transcription_TU_6x7.59001.peg.2786,1.1537809574088222e-11,1.4167824649183755e-33
translation_6x7.59001.peg.2788,0.0,-2.3181736663272647e-33
transcription_TU_6x7.59001.peg.2788,0.0,6.6465388752473116e-34
translation_6x7.59001.peg.2789,0.0,2.1540430396885635e-34
transcription_TU_6x7.59001.peg.2789,0.0,-3.741963421610827e-34
translation_6x7.59001.peg.2790,0.0,5.265729945903489e-34
transcription_TU_6x7.59001.peg.2790,0.0,1.0821709016958884e-33
translation_6x7.59001.peg.2792,0.0,-1.8012705434216344e-33
transcription_TU_6x7.59001.peg.2792,0.0,-0.06948198477539182
translation_6x7.59001.peg.2793,0.0,-1.6721979161835033e-33
transcription_TU_6x7.59001.peg.2793,0.0,-4.8585663087248914e-34
translation_6x7.59001.peg.2797,0.0,3.28949316910268e-34
transcription_TU_6x7.59001.peg.2797,0.0,-8.997321112330114e-34
translation_6x7.59001.peg.2798,0.0,2.1041572757001106e-34
transcription_TU_6x7.59001.peg.2798,0.0,-6.734589911237581e-34
translation_6x7.59001.peg.2799,1.2251093655764007e-06,-1.2315936239902e-34
transcription_TU_6x7.59001.peg.2799,1.7906649911798936e-08,-2.2378473689512884e-34
translation_6x7.59001.peg.2804,2.9673376034561256e-06,-9.297436834267154e-34
transcription_TU_6x7.59001.peg.2804,4.3371699807556215e-08,-7.325207019222776e-36
translation_6x7.59001.peg.2805,6.108582356003356e-06,7.873208733124995e-35
transcription_TU_6x7.59001.peg.2805,8.92852905869999e-08,-1.5394099511211076e-35
translation_6x7.59001.peg.2806,0.0,-5.992445724172302e-34
transcription_TU_6x7.59001.peg.2806,0.0,-3.82544456943574e-33
translation_6x7.59001.peg.2807,5.000271827626642e-07,-1.5421994342609445e-33
transcription_TU_6x7.59001.peg.2807,7.30858155173882e-09,2.46309114241695e-33
translation_6x7.59001.peg.2809,0.0,-7.568933143797608e-34
transcription_TU_6x7.59001.peg.2809,0.0,-0.10287945242089352
translation_6x7.59001.peg.2810,0.0,1.0166958923081103e-34
transcription_TU_6x7.59001.peg.2810,0.0,-0.05230525341513421
translation_6x7.59001.peg.2811,0.0,-2.597739138177866e-33
transcription_TU_6x7.59001.peg.2811,0.0,-0.11287087976854424
translation_6x7.59001.peg.2813,8.115942326287265e-09,-4.96688108864558e-34
transcription_TU_6x7.59001.peg.2813,1.1862560357850273e-10,5.577042392132259e-34
translation_6x7.59001.peg.2814,0.0,5.152409161311578e-34
transcription_TU_6x7.59001.peg.2814,0.0,5.116077912679798e-33
translation_6x7.59001.peg.2821,0.0,3.5953184109535045e-34
transcription_TU_6x7.59001.peg.2821,0.0,-0.08025005763143785
translation_6x7.59001.peg.2825,1.1500741079165292e-06,5.567583518868303e-34
transcription_TU_6x7.59001.peg.2825,1.6809906937081092e-08,-1.2980211232908571e-33
translation_6x7.59001.peg.2827,0.0,-1.3960966978970112e-34
transcription_TU_6x7.59001.peg.2827,0.0,1.4967853686443307e-33
translation_6x7.59001.peg.2830,0.0,-3.7214570814206516e-35
transcription_TU_6x7.59001.peg.2830,0.0,-0.04247157840198473
translation_6x7.59001.peg.2831,1.4282391258001078e-06,6.479916256789659e-34
transcription_TU_6x7.59001.peg.2831,2.0875669335858465e-08,-1.6195562104585704e-33
translation_6x7.59001.peg.2833,-6.738318437194095e-30,1.8867977302550744e-33
transcription_TU_6x7.59001.peg.2833,-9.848974519287353e-32,2.9688477784705157e-33
translation_6x7.59001.peg.2834,0.0,-6.049706011623619e-35
transcription_TU_6x7.59001.peg.2834,0.0,-0.049208023818958585
translation_6x7.59001.peg.2841,0.0,1.3276844623641616e-33
transcription_TU_6x7.59001.peg.2841,0.0,-0.06547010077465329
translation_6x7.59001.peg.2842,0.0,1.366257618377719e-33
transcription_TU_6x7.59001.peg.2842,0.0,-0.08856048256205096
translation_6x7.59001.peg.2847,0.0,-3.996245076914683e-34
transcription_TU_6x7.59001.peg.2847,0.0,-0.04221154895365672
translation_6x7.59001.peg.2848,0.0,6.106334134985157e-34
transcription_TU_6x7.59001.peg.2848,0.0,-0.10204043867386275
translation_6x7.59001.peg.2849,0.0,4.93960518523316e-34
transcription_TU_6x7.59001.peg.2849,0.0,-0.06401842617604642
translation_6x7.59001.peg.2851,0.0,-2.922521418956836e-34
transcription_TU_6x7.59001.peg.2851,0.0,-1.0214107246384683e-33
translation_6x7.59001.peg.2852,-7.426765173073838e-29,1.8893566364380996e-34
transcription_TU_6x7.59001.peg.2852,-1.0855233636125572e-30,7.719043440909658e-34
translation_6x7.59001.peg.2853,0.0,-4.826592943583697e-34
transcription_TU_6x7.59001.peg.2853,0.0,-2.999875152973303e-33
translation_6x7.59001.peg.2854,0.0,5.858949405153864e-34
transcription_TU_6x7.59001.peg.2854,0.0,-0.12100128481548865
translation_6x7.59001.peg.2859,0.0,-1.477119819418741e-34
transcription_TU_6x7.59001.peg.2859,0.0,-0.07894401421894168
translation_6x7.59001.peg.2860,0.0,-1.095921248352255e-34
transcription_TU_6x7.59001.peg.2860,0.0,-0.055722705985114196
translation_6x7.59001.peg.2872,0.0,-5.2043004875971475e-34
transcription_TU_6x7.59001.peg.2872,0.0,-3.8558346688157846e-33
translation_6x7.59001.peg.2929,0.0,1.274838947723084e-33
transcription_TU_6x7.59001.peg.2929,0.0,-4.983681145666938e-34
translation_6x7.59001.peg.2931,1.2213577071666374e-07,8.630267289830057e-34
transcription_TU_6x7.59001.peg.2931,1.7851814290082272e-09,-5.6438198363132874e-33
translation_6x7.59001.peg.2936,0.0,2.64449024184416e-33
transcription_TU_6x7.59001.peg.2936,0.0,-7.508283922330975e-33
translation_6x7.59001.peg.2939,0.0,1.1578364350189314e-33
transcription_TU_6x7.59001.peg.2939,0.0,-0.07967185409241015
translation_6x7.59001.peg.2942,0.0,4.412563879735258e-34
transcription_TU_6x7.59001.peg.2942,0.0,-0.05696361147053942
translation_6x7.59001.peg.2945,0.0,4.55890766447625e-34
transcription_TU_6x7.59001.peg.2945,0.0,9.841567475289394e-34
translation_6x7.59001.peg.2946,0.0,-4.40368823737975e-34
transcription_TU_6x7.59001.peg.2946,0.0,-3.994978563848005e-34
translation_6x7.59001.peg.2947,9.041309138843516e-07,-3.356429060707244e-34
transcription_TU_6x7.59001.peg.2947,1.3215110588714433e-08,2.904994487632763e-33
translation_6x7.59001.peg.2948,0.0,6.345939388593091e-35
transcription_TU_6x7.59001.peg.2948,0.0,-5.577204010202661e-34
translation_6x7.59001.peg.2956,0.0,8.716605455466437e-35
transcription_TU_6x7.59001.peg.2956,0.0,-0.0531917529167311
translation_6x7.59001.peg.2965,2.117881710626332e-10,-3.3404798079280704e-34
transcription_TU_6x7.59001.peg.2965,3.095573947305894e-12,-1.561638424336547e-33
translation_6x7.59001.peg.2976,9.000430067164896e-09,5.371404936736446e-35
transcription_TU_6x7.59001.peg.2976,1.315536023124949e-10,1.750249710064291e-34
translation_6x7.59001.peg.2977,1.6997372144332366e-07,4.023423870684153e-35
transcription_TU_6x7.59001.peg.2977,2.484398544010166e-09,3.320947907869411e-35
translation_6x7.59001.peg.2978,1.6997372144332366e-07,1.1012036147772336e-33
transcription_TU_6x7.59001.peg.2978,2.484398544010166e-09,-2.251987343367579e-33
translation_6x7.59001.peg.2980,7.721088450594435e-10,-4.371749226526843e-34
transcription_TU_6x7.59001.peg.2980,1.128542738368336e-11,9.825812145401266e-34
translation_6x7.59001.peg.2981,1.4639140340134875e-05,5.315335554420167e-34
transcription_TU_6x7.59001.peg.2981,2.1397106939685772e-07,-1.9155477659611435e-33
translation_6x7.59001.peg.2984,0.0,3.7028567502558198e-34
transcription_TU_6x7.59001.peg.2984,0.0,-0.057257561910208435
translation_6x7.59001.peg.2996,0.0,2.062458972592212e-34
transcription_TU_6x7.59001.peg.2996,0.0,-0.0751340673361462
translation_6x7.59001.peg.3014,0.0,2.435368817258327e-35
transcription_TU_6x7.59001.peg.3014,0.0,-5.74243244729555e-35
translation_6x7.59001.peg.3018,0.0,1.7296785695561604e-33
transcription_TU_6x7.59001.peg.3018,0.0,-3.8632414011988384e-33
translation_6x7.59001.peg.3019,0.0,3.133521549773496e-34
transcription_TU_6x7.59001.peg.3019,0.0,-0.047453999686366516
translation_6x7.59001.peg.3021,0.0,-1.524428896109362e-33
transcription_TU_6x7.59001.peg.3021,0.0,-1.0810174526279071e-33
translation_6x7.59001.peg.3026,0.0,-3.029350775408231e-34
transcription_TU_6x7.59001.peg.3026,0.0,-1.8173235819857592e-33
translation_6x7.59001.peg.3031,9.843810425304694e-09,-3.470838403623102e-34
transcription_TU_6x7.59001.peg.3031,1.4388076039326883e-10,-5.7174600560479475e-34
translation_6x7.59001.peg.3032,1.023596331321183e-08,1.0599805060275206e-34
transcription_TU_6x7.59001.peg.3032,1.496126115022106e-10,-4.289878515597867e-34
translation_6x7.59001.peg.3033,1.7649014255219412e-11,1.8557171951559848e-33
transcription_TU_6x7.59001.peg.3033,2.579644956088242e-13,-5.775813589877072e-33
translation_6x7.59001.peg.3034,0.0,-9.382504763402531e-34
transcription_TU_6x7.59001.peg.3034,0.0,-0.07839278496952695
translation_6x7.59001.peg.3035,0.0,4.500745870005754e-34
transcription_TU_6x7.59001.peg.3035,0.0,-5.956610248550151e-33
translation_6x7.59001.peg.3039,1.4639532493022783e-05,3.101031057808034e-35
transcription_TU_6x7.59001.peg.3039,2.1397680124796668e-07,3.09984626711972e-35
translation_6x7.59001.peg.3040,4.606786708588821e-07,8.054983663095375e-34
transcription_TU_6x7.59001.peg.3040,6.733449202734391e-09,9.001855410531584e-34
translation_6x7.59001.peg.3041,1.4639728569466735e-05,-1.5069970396769172e-34
transcription_TU_6x7.59001.peg.3041,2.1397966717352113e-07,1.9745480780172474e-33
translation_6x7.59001.peg.3042,1.4639532493022783e-05,7.766561231882865e-35
transcription_TU_6x7.59001.peg.3042,2.1397680124796668e-07,-7.538507079312555e-34
translation_6x7.59001.peg.3044,1.4639532493022783e-05,2.799433807425398e-34
transcription_TU_6x7.59001.peg.3044,2.1397680124796668e-07,-6.158426124741297e-34
translation_6x7.59001.peg.3045,1.4639532493022783e-05,4.531786226824655e-35
transcription_TU_6x7.59001.peg.3045,2.1397680124796668e-07,-1.0575193359373466e-34
translation_6x7.59001.peg.3046,1.4639532493022783e-05,9.73670974411464e-35
transcription_TU_6x7.59001.peg.3046,2.1397680124796668e-07,1.8374223321485076e-33
translation_6x7.59001.peg.3047,1.4639532493022783e-05,2.008797425295843e-35
transcription_TU_6x7.59001.peg.3047,2.1397680124796668e-07,2.9580056488933972e-34
translation_6x7.59001.peg.3048,1.4639532493022783e-05,4.231172860681778e-34
transcription_TU_6x7.59001.peg.3048,2.1397680124796668e-07,-7.72271072828593e-34
translation_6x7.59001.peg.3049,1.4639532493022783e-05,1.3615737757316418e-35
transcription_TU_6x7.59001.peg.3049,2.1397680124796668e-07,-7.558983770348665e-34
translation_6x7.59001.peg.3050,1.4639532493022783e-05,-1.7009125470882233e-35
transcription_TU_6x7.59001.peg.3050,2.1397680124796668e-07,4.396660618912473e-34
translation_6x7.59001.peg.3051,1.4639532493022783e-05,1.6579281399862184e-34
transcription_TU_6x7.59001.peg.3051,2.1397680124796668e-07,3.131110943011397e-34
translation_6x7.59001.peg.3052,1.4639532493022783e-05,5.734423385988348e-35
transcription_TU_6x7.59001.peg.3052,2.1397680124796668e-07,4.495820246910455e-34
translation_6x7.59001.peg.3053,1.4639532493022783e-05,5.883978826161759e-35
transcription_TU_6x7.59001.peg.3053,2.1397680124796668e-07,-2.5811124188797867e-34
translation_6x7.59001.peg.3054,1.4639532493022783e-05,-5.465416245603341e-36
transcription_TU_6x7.59001.peg.3054,2.1397680124796668e-07,1.2008807252073681e-34
translation_6x7.59001.peg.3055,1.4639532493022783e-05,2.7029484767069527e-34
transcription_TU_6x7.59001.peg.3055,2.1397680124796668e-07,-2.103493168563613e-34
translation_6x7.59001.peg.3056,1.4639532493022783e-05,1.3196036468528697e-34
transcription_TU_6x7.59001.peg.3056,2.1397680124796668e-07,-4.4006449785779904e-35
translation_6x7.59001.peg.3057,1.4639532493022783e-05,-1.5447170047612983e-34
transcription_TU_6x7.59001.peg.3057,2.1397680124796668e-07,-1.5858361798626115e-33
translation_6x7.59001.peg.3058,1.4639532493022783e-05,1.8621002971721958e-34
transcription_TU_6x7.59001.peg.3058,2.1397680124796668e-07,1.3133889403176264e-33
translation_6x7.59001.peg.3060,1.4639532493022783e-05,-5.135741171167712e-34
transcription_TU_6x7.59001.peg.3060,2.1397680124796668e-07,1.5408593380020043e-33
translation_6x7.59001.peg.3061,1.4639532493022783e-05,1.166781660337688e-34
transcription_TU_6x7.59001.peg.3061,2.1397680124796668e-07,1.1619977950531052e-34
translation_6x7.59001.peg.3062,1.4639728569466735e-05,1.751505820041439e-34
transcription_TU_6x7.59001.peg.3062,2.1397966717352113e-07,-5.014981173529892e-34
translation_6x7.59001.peg.3063,1.4639728569466735e-05,2.785647380083553e-34
transcription_TU_6x7.59001.peg.3063,2.1397966717352113e-07,-1.4868140769446034e-33
translation_6x7.59001.peg.3064,1.4639728569466735e-05,5.883978826161759e-35
transcription_TU_6x7.59001.peg.3064,2.1397966717352113e-07,8.548803574167645e-34
translation_6x7.59001.peg.3065,1.8176847049799273e-06,4.688518697153791e-34
transcription_TU_6x7.59001.peg.3065,2.6567949422860953e-08,2.5652047293092705e-33
translation_6x7.59001.peg.3066,1.8176847049799273e-06,-1.724539715097628e-33
transcription_TU_6x7.59001.peg.3066,2.6567949422860953e-08,1.969353619065832e-33
translation_6x7.59001.peg.3067,1.4639532493022783e-05,5.663182587216774e-34
transcription_TU_6x7.59001.peg.3067,2.1397680124796668e-07,-1.4298238124132417e-33
translation_6x7.59001.peg.3068,1.4639532493022783e-05,-4.3747239088656196e-35
transcription_TU_6x7.59001.peg.3068,2.1397680124796668e-07,9.323897807439132e-34
translation_6x7.59001.peg.3081,7.615722248290729e-29,-1.1169445827255215e-34
transcription_TU_6x7.59001.peg.3081,1.113142025989482e-30,2.2892132919553156e-33
translation_6x7.59001.peg.3083,4.483035324623647e-09,-3.8283371659855936e-35
transcription_TU_6x7.59001.peg.3083,6.552569619977926e-11,2.5008912775280503e-33
translation_6x7.59001.peg.3086,0.0,-1.1758747863417355e-33
transcription_TU_6x7.59001.peg.3086,0.0,-0.07347337558727168
translation_6x7.59001.peg.3087,0.0,-2.1591121325985673e-34
transcription_TU_6x7.59001.peg.3087,0.0,-0.07196353898906134
translation_6x7.59001.peg.3088,2.8265277051524727e-09,1.6489112161686362e-34
transcription_TU_6x7.59001.peg.3088,4.1313570448751405e-11,-7.248300089993993e-33
translation_6x7.59001.peg.3089,2.2523237787998508e-08,8.263301477407635e-34
transcription_TU_6x7.59001.peg.3089,3.292079428028323e-10,-7.456391278498182e-34
translation_6x7.59001.peg.3090,0.0,7.409392976549924e-34
transcription_TU_6x7.59001.peg.3090,0.0,-1.3058681454592957e-34
translation_6x7.59001.peg.3091,9.511037290489417e-07,3.236220019634388e-34
transcription_TU_6x7.59001.peg.3091,1.3901682563558666e-08,-1.7350600907718002e-33
translation_6x7.59001.peg.3094,4.699947869884388e-09,-4.621446769523208e-34
transcription_TU_6x7.59001.peg.3094,6.869616988857834e-11,-4.533308723827899e-33
translation_6x7.59001.peg.3095,8.371064144278743e-09,-5.402900925505447e-35
transcription_TU_6x7.59001.peg.3095,1.2235455807676968e-10,1.9007817229122493e-33
translation_6x7.59001.peg.3101,0.0,-8.92854153667343e-34
transcription_TU_6x7.59001.peg.3101,0.0,5.177493950193179e-33
translation_6x7.59001.peg.3111,0.0,-1.0074240122490324e-34
transcription_TU_6x7.59001.peg.3111,0.0,-0.09192665906411257
translation_6x7.59001.peg.3114,3.399572043468368e-10,6.038972928529938e-35
transcription_TU_6x7.59001.peg.3114,4.9689397651193335e-12,1.1831544583024896e-33
translation_6x7.59001.peg.3117,1.0777186851156205e-09,2.3968686042516483e-33
transcription_TU_6x7.59001.peg.3117,1.5752333416119165e-11,2.916400094446275e-33
translation_6x7.59001.peg.3123,0.0,9.929404569238075e-34
transcription_TU_6x7.59001.peg.3123,0.0,-0.06091981851833699
translation_6x7.59001.peg.3128,0.0,-1.3160106491388905e-34
transcription_TU_6x7.59001.peg.3128,0.0,-0.04981133494773556
translation_6x7.59001.peg.3129,0.0,-7.793322724277316e-35
transcription_TU_6x7.59001.peg.3129,0.0,-1.3010388699614218e-35
translation_6x7.59001.peg.3134,0.0,2.116152691467256e-34
transcription_TU_6x7.59001.peg.3134,0.0,-1.2395020086037262e-34
translation_6x7.59001.peg.3136,0.0,2.1849242765541977e-33
transcription_TU_6x7.59001.peg.3136,0.0,-6.455576469064811e-33
translation_6x7.59001.peg.3137,0.0,-2.686557508641441e-34
transcription_TU_6x7.59001.peg.3137,0.0,6.141433616673205e-33
translation_6x7.59001.peg.3138,0.0,-1.6600690175772742e-34
transcription_TU_6x7.59001.peg.3138,0.0,-0.07489358796970591
translation_6x7.59001.peg.3141,0.0,3.01722928322247e-34
transcription_TU_6x7.59001.peg.3141,0.0,-4.703215025974748e-33
translation_6x7.59001.peg.3142,0.0,9.636036391440506e-34
transcription_TU_6x7.59001.peg.3142,0.0,8.187763327079337e-34
translation_6x7.59001.peg.3143,0.0,1.4627555257959307e-33
transcription_TU_6x7.59001.peg.3143,0.0,-5.897208023063586e-33
translation_6x7.59001.peg.3144,9.315719011486696e-07,-8.345580784069281e-34
transcription_TU_6x7.59001.peg.3144,1.3616198169940364e-08,4.7214809936834365e-33
translation_6x7.59001.peg.3147,0.0,1.0782240384793036e-35
transcription_TU_6x7.59001.peg.3147,0.0,-0.018952314049285317
translation_6x7.59001.peg.3149,0.0,1.7356001272102795e-34
transcription_TU_6x7.59001.peg.3149,0.0,-0.04274834453013281
translation_6x7.59001.peg.3150,0.0,-3.3005709205507284e-34
transcription_TU_6x7.59001.peg.3150,0.0,-0.06318898544484887
translation_6x7.59001.peg.3151,0.0,8.860764298370308e-35
transcription_TU_6x7.59001.peg.3151,0.0,-0.048569683941597656
translation_6x7.59001.peg.3152,0.0,1.9125698769694147e-34
transcription_TU_6x7.59001.peg.3152,0.0,-2.4967102018500703e-34
translation_6x7.59001.peg.3153,0.0,3.999939526307066e-34
transcription_TU_6x7.59001.peg.3153,0.0,-0.07538149149142169
translation_6x7.59001.peg.3155,0.0,-6.5940906280352835e-34
transcription_TU_6x7.59001.peg.3155,0.0,-1.6804307266481164e-33
translation_6x7.59001.peg.3161,1.8486277008432216e-08,-1.000151829288112e-33
transcription_TU_6x7.59001.peg.3161,2.702022365217889e-10,-4.272619498164312e-33
translation_6x7.59001.peg.3162,1.7649014255219412e-11,-1.960536654630465e-34
transcription_TU_6x7.59001.peg.3162,2.579644956088242e-13,6.288326545186465e-34
translation_6x7.59001.peg.3168,0.0,-2.047029683073348e-34
transcription_TU_6x7.59001.peg.3168,0.0,4.0917970725980305e-33
translation_6x7.59001.peg.3169,0.0,-5.716916973080853e-34
transcription_TU_6x7.59001.peg.3169,0.0,-4.897535683526921e-33
translation_6x7.59001.peg.3170,8.24735571141936e-07,4.744649133438401e-34
transcription_TU_6x7.59001.peg.3170,1.2054639003839376e-08,-4.23947463594002e-34
translation_6x7.59001.peg.3171,0.0,-4.8662608856036215e-34
transcription_TU_6x7.59001.peg.3171,0.0,6.001214996133779e-33
translation_6x7.59001.peg.3172,8.24735571141936e-07,2.39987796262025e-34
transcription_TU_6x7.59001.peg.3172,1.2054639003839376e-08,-8.437532483603926e-34
translation_6x7.59001.peg.3173,8.24735571141936e-07,3.5008077642833043e-34
transcription_TU_6x7.59001.peg.3173,1.2054639003839376e-08,1.5403104624713653e-33
translation_6x7.59001.peg.3176,4.274747391125279e-29,7.583961507102712e-34
transcription_TU_6x7.59001.peg.3176,0.0,-0.058720531478401755
translation_6x7.59001.peg.3177,0.0,3.3020858784486514e-34
transcription_TU_6x7.59001.peg.3177,0.0,-1.8738458991925826e-33
translation_6x7.59001.peg.3180,0.0,-1.425309527226296e-34
transcription_TU_6x7.59001.peg.3180,0.0,-3.389399783377607e-34
translation_6x7.59001.peg.3186,3.705583578881329e-07,-3.3389222826072166e-35
transcription_TU_6x7.59001.peg.3186,5.4162175010979385e-09,5.0608155282406265e-33
translation_6x7.59001.peg.3192,0.0,-1.0042100382066072e-33
transcription_TU_6x7.59001.peg.3192,0.0,-1.216260863034568e-34
translation_6x7.59001.peg.3194,0.0,-5.05608168526833e-34
transcription_TU_6x7.59001.peg.3194,0.0,-0.0929304836967252
translation_6x7.59001.peg.3200,0.0,9.975444112300956e-34
transcription_TU_6x7.59001.peg.3200,0.0,-0.07693209006046599
translation_6x7.59001.peg.3203,0.0,-3.5998113030002357e-34
transcription_TU_6x7.59001.peg.3203,0.0,-0.06684723725069727
translation_6x7.59001.peg.3206,0.0,-1.0349619835523914e-33
transcription_TU_6x7.59001.peg.3206,0.0,-2.530449528902098e-34
translation_6x7.59001.peg.3209,0.0,-8.65918378849127e-34
transcription_TU_6x7.59001.peg.3209,0.0,-0.05098943890996933
translation_6x7.59001.peg.3226,0.0,-1.141369691313811e-33
transcription_TU_6x7.59001.peg.3226,0.0,3.2366533658513097e-33
translation_6x7.59001.peg.3232,0.0,4.877077122403886e-35
transcription_TU_6x7.59001.peg.3232,0.0,-1.1288543809350834e-33
translation_6x7.59001.peg.3233,0.0,2.4456156025622544e-34
transcription_TU_6x7.59001.peg.3233,0.0,-1.8432373774507786e-34
translation_6x7.59001.peg.3242,0.0,2.2130058529528745e-33
transcription_TU_6x7.59001.peg.3242,0.0,7.029162690782668e-33
translation_6x7.59001.peg.3243,1.2823922043325425e-07,-1.1741934024208884e-33
transcription_TU_6x7.59001.peg.3243,1.87439169904631e-09,-5.1955085850337375e-34
translation_6x7.59001.peg.3245,1.4639532493022783e-05,8.977471909611443e-35
transcription_TU_6x7.59001.peg.3245,2.1397680124796668e-07,-9.380481229956554e-35
translation_6x7.59001.peg.3246,0.0,-9.558320698052307e-34
transcription_TU_6x7.59001.peg.3246,0.0,3.6604122243703033e-34
translation_6x7.59001.peg.3251,2.168387457957061e-09,-7.7000807550939854e-34
transcription_TU_6x7.59001.peg.3251,3.169395008624744e-11,2.1914572977746243e-33
translation_6x7.59001.peg.3254,-5.9458940965985994e-40,4.546943936204556e-34
transcription_TU_6x7.59001.peg.3254,-5.0267666828060326e-42,8.418378769141624e-34
translation_6x7.59001.peg.3255,1.0688668597726561e-08,-3.4597838893277387e-35
transcription_TU_6x7.59001.peg.3255,1.5622951875212998e-10,5.738149125224071e-33
translation_6x7.59001.peg.3256,0.0,-4.014638544762986e-34
transcription_TU_6x7.59001.peg.3256,0.0,-1.4607087345477802e-33
translation_6x7.59001.peg.3259,0.0,2.6577389301769305e-34
transcription_TU_6x7.59001.peg.3259,0.0,-7.724552758300984e-34
translation_6x7.59001.peg.3262,5.5633627416947155e-06,-3.1642284876100134e-34
transcription_TU_6x7.59001.peg.3262,8.131615980341678e-08,9.661059247716183e-34
translation_6x7.59001.peg.3263,3.5782542972254986e-06,1.992591082870911e-34
transcription_TU_6x7.59001.peg.3263,5.230108331239534e-08,-2.537025796424772e-34
translation_6x7.59001.peg.3268,3.399572043468368e-10,-4.886455413999978e-34
transcription_TU_6x7.59001.peg.3268,4.9689397651193335e-12,-5.4853180091044245e-34
translation_6x7.59001.peg.3269,0.0,-2.6516246045934635e-34
transcription_TU_6x7.59001.peg.3269,0.0,-0.04709261950527572
translation_6x7.59001.peg.3270,0.0,-5.775317435529207e-35
transcription_TU_6x7.59001.peg.3270,0.0,-0.05836044013953312
translation_6x7.59001.peg.3271,2.522012813578098e-06,-1.4729296173230558e-34
transcription_TU_6x7.59001.peg.3271,3.686266858678887e-08,-2.9779299047303704e-35
translation_6x7.59001.peg.3274,4.811752532737136e-06,-3.2879081471670213e-34
transcription_TU_6x7.59001.peg.3274,7.03303480382727e-08,-2.617598123264097e-33
translation_6x7.59001.peg.3279,0.0,1.624910126086052e-33
transcription_TU_6x7.59001.peg.3279,0.0,-0.04494871286346632
translation_6x7.59001.peg.3280,0.0,4.648269620967029e-34
transcription_TU_6x7.59001.peg.3280,0.0,-1.0570949225145907e-33
translation_6x7.59001.peg.3282,0.0,-1.8165820418020377e-34
transcription_TU_6x7.59001.peg.3282,0.0,-0.04137501718193604
translation_6x7.59001.peg.3288,1.1678778357727543e-06,9.180349637415094e-35
transcription_TU_6x7.59001.peg.3288,1.707013278369061e-08,-5.0009879288298406e-33
translation_6x7.59001.peg.3291,0.0,-7.53837145212535e-34
transcription_TU_6x7.59001.peg.3291,0.0,2.7679766307739828e-33
translation_6x7.59001.peg.3292,0.0,-1.1097085940772394e-33
transcription_TU_6x7.59001.peg.3292,0.0,-1.8470582661268182e-34
translation_6x7.59001.peg.3293,0.0,-1.4367632152113255e-34
transcription_TU_6x7.59001.peg.3293,0.0,-1.1195344033335007e-33
translation_6x7.59001.peg.3294,-1.07734226594079e-28,-1.8290913884836525e-34
transcription_TU_6x7.59001.peg.3294,-1.5746831534758062e-30,-1.2250435120562522e-33
translation_6x7.59001.peg.3295,7.264103958201983e-29,8.420515083284823e-34
transcription_TU_6x7.59001.peg.3295,1.0617482010778407e-30,7.575586367386858e-34
translation_6x7.59001.peg.3296,0.0,-2.6799903008510873e-34
transcription_TU_6x7.59001.peg.3296,0.0,3.573993583468054e-33
translation_6x7.59001.peg.3297,7.742356915643906e-07,1.9451253996341308e-33
transcription_TU_6x7.59001.peg.3297,1.131651415589353e-08,-2.529452755641243e-33
translation_6x7.59001.peg.3298,8.158108655285916e-08,7.49769557019952e-35
transcription_TU_6x7.59001.peg.3298,1.1924192218046634e-09,1.6262985874517772e-35
translation_6x7.59001.peg.3306,0.0,1.5550655017782647e-33
transcription_TU_6x7.59001.peg.3306,0.0,4.02332529458308e-33
translation_6x7.59001.peg.3311,7.665253905794493e-10,4.825268880651385e-34
transcription_TU_6x7.59001.peg.3311,1.1203817555629616e-11,8.528378019953733e-34
translation_6x7.59001.peg.3315,0.0,1.3269343622374708e-33
transcription_TU_6x7.59001.peg.3315,0.0,1.8884244635271745e-33
translation_6x7.59001.peg.3324,0.0,-1.9492734897041218e-34
transcription_TU_6x7.59001.peg.3324,0.0,2.367461897811273e-33
translation_6x7.59001.peg.3325,0.0,-4.3279332313474296e-34
transcription_TU_6x7.59001.peg.3325,0.0,-7.534582207728063e-34
translation_6x7.59001.peg.3326,0.0,9.039081479765042e-34
transcription_TU_6x7.59001.peg.3326,0.0,1.2898121007990294e-33
translation_6x7.59001.peg.3327,0.0,7.895522789559411e-34
transcription_TU_6x7.59001.peg.3327,0.0,-4.146645299794558e-34
translation_6x7.59001.peg.3328,0.0,-2.4264446903489655e-34
transcription_TU_6x7.59001.peg.3328,0.0,3.89965919408092e-35
translation_6x7.59001.peg.3332,0.0,7.300841997780185e-34
transcription_TU_6x7.59001.peg.3332,0.0,-4.32703192126775e-33
translation_6x7.59001.peg.3336,1.7649014255219412e-11,2.002329037272685e-34
transcription_TU_6x7.59001.peg.3336,2.579644956088242e-13,-1.1986352732614836e-33
translation_6x7.59001.peg.3337,6.223473873831352e-07,1.225265806866638e-34
transcription_TU_6x7.59001.peg.3337,9.096458734644731e-09,-2.8036295251814373e-34
translation_6x7.59001.peg.3338,6.223473873831352e-07,-7.338183214438676e-34
transcription_TU_6x7.59001.peg.3338,9.096458734644731e-09,-1.030354445348046e-33
translation_6x7.59001.peg.3339,6.223473873831352e-07,2.163739940711216e-34
transcription_TU_6x7.59001.peg.3339,9.096458734644731e-09,-6.515095984722985e-34
translation_6x7.59001.peg.3340,6.223473873831352e-07,1.3959968544957525e-34
transcription_TU_6x7.59001.peg.3340,9.096458734644731e-09,1.3662229554450936e-33
translation_6x7.59001.peg.3341,6.223473873831352e-07,1.4105592844489311e-34
transcription_TU_6x7.59001.peg.3341,9.096458734644731e-09,4.404693946953825e-34
translation_6x7.59001.peg.3342,6.223473873831352e-07,-4.867177310485038e-34
transcription_TU_6x7.59001.peg.3342,9.096458734644731e-09,-4.9135727161063785e-33
translation_6x7.59001.peg.3343,6.223473873831352e-07,6.737978009084299e-34
transcription_TU_6x7.59001.peg.3343,9.096458734644731e-09,-1.8800271876915814e-33
translation_6x7.59001.peg.3344,6.223473873831352e-07,6.006988660435686e-34
transcription_TU_6x7.59001.peg.3344,9.096458734644731e-09,-2.3172379600291732e-33
translation_6x7.59001.peg.3345,6.223473873831352e-07,-4.263142845374429e-34
transcription_TU_6x7.59001.peg.3345,9.096458734644731e-09,-5.006319235644425e-34
translation_6x7.59001.peg.3346,3.532147353514093e-08,-1.0966388993000988e-33
transcription_TU_6x7.59001.peg.3346,5.16271672337645e-10,6.596931670492766e-34
translation_6x7.59001.peg.3347,0.0,-3.411993389201599e-33
transcription_TU_6x7.59001.peg.3347,0.0,-2.782629865144333e-34
translation_6x7.59001.peg.3349,0.0,-9.93471569506632e-34
transcription_TU_6x7.59001.peg.3349,0.0,-0.05940578777953654
translation_6x7.59001.peg.3350,0.0,-9.934748632632786e-34
transcription_TU_6x7.59001.peg.3350,0.0,-1.7351976430922362e-34
translation_6x7.59001.peg.3351,0.0,1.9400466369861376e-34
transcription_TU_6x7.59001.peg.3351,0.0,-0.05091462970240606
translation_6x7.59001.peg.3352,0.0,-1.2946222548326872e-34
transcription_TU_6x7.59001.peg.3352,0.0,-0.043871453319236746
translation_6x7.59001.peg.3355,0.0,5.4897330823804305e-34
transcription_TU_6x7.59001.peg.3355,0.0,-3.5379498620959705e-33
translation_6x7.59001.peg.3356,0.0,-2.0632858944218053e-33
transcription_TU_6x7.59001.peg.3356,0.0,-1.5912544171214563e-33
translation_6x7.59001.peg.3362,1.3659578677078132e-09,1.218311384936292e-33
transcription_TU_6x7.59001.peg.3362,1.9965343518374897e-11,9.218115180759826e-36
translation_6x7.59001.peg.3363,3.399572043468368e-10,-5.138670012230589e-35
transcription_TU_6x7.59001.peg.3363,4.9689397651193335e-12,-2.4767761844008095e-34
translation_6x7.59001.peg.3364,1.4639532493022783e-05,1.7368438772601748e-35
transcription_TU_6x7.59001.peg.3364,2.1397680124796668e-07,-3.8158168562532814e-34
transcription_TU_ETAF_RS00415,8.852339151119482e-06,2.9004631454502506e-35
transcription_TU_ETAF_RS00420,2.6019646730361297e-06,-1.1151523494170388e-34
transcription_TU_ETAF_RS00425,0.0,2.981487960733314e-35
transcription_TU_ETAF_RS00430,0.0,2.0616995850391285e-34
transcription_TU_ETAF_RS00675,1.4639140340134875e-05,-1.0624057888665518e-33
transcription_TU_ETAF_RS00680,8.340716149449118e-06,1.0611553164590657e-35
transcription_TU_ETAF_RS00685,1.4639140340134875e-05,-8.838565828668629e-33
transcription_TU_ETAF_RS00690,0.0,3.2631221853391975e-34
transcription_TU_ETAF_RS00715,6.525944576537223e-06,-6.620627091291892e-35
transcription_TU_ETAF_RS00720,1.5580439426722304e-06,-1.739139537326378e-34
transcription_TU_ETAF_RS00725,0.0,-3.637187533592559e-35
transcription_TU_ETAF_RS00730,0.0,3.444311020353134e-35
transcription_TU_ETAF_RS00830,0.0,-1.0624057888665518e-33
transcription_TU_ETAF_RS00835,0.0,1.0611553164590657e-35
transcription_TU_ETAF_RS00840,0.0,-1.4377091174105028e-32
transcription_TU_ETAF_RS00845,0.0,-1.0101354923838107e-34
transcription_TU_ETAF_RS01135,5.446787729172717e-06,-1.1394005275724374e-34
transcription_TU_ETAF_RS01345,0.0,1.5840402437526787e-34
transcription_TU_ETAF_RS01535,5.009074881971486e-06,9.216030584433183e-35
transcription_TU_ETAF_RS01540,2.282368769234626e-06,9.216030584433183e-35
transcription_TU_ETAF_RS01545,8.210126604951123e-07,9.216030584433183e-35
transcription_TU_ETAF_RS01840,0.0,2.981487960733314e-35
transcription_TU_ETAF_RS01845,0.0,6.567618248452584e-35
transcription_TU_ETAF_RS02080,0.0,1.260134746072258e-34
transcription_TU_ETAF_RS02190,0.0,2.981487960733314e-35
transcription_TU_ETAF_RS02195,0.0,2.981487960733314e-35
transcription_TU_ETAF_RS02200,0.0,2.981487960733314e-35
transcription_TU_ETAF_RS02590,0.0,-1.0624057888665518e-33
transcription_TU_ETAF_RS02595,0.0,1.0611553164590657e-35
transcription_TU_ETAF_RS02600,0.0,-1.4377091174105028e-32
transcription_TU_ETAF_RS02605,0.0,1.1264933464776935e-34
transcription_TU_ETAF_RS03355,3.1605209252480113e-06,-5.73875571954137e-35
transcription_TU_ETAF_RS03360,6.394742392310816e-07,-5.73875571954137e-35
transcription_TU_ETAF_RS03365,0.0,-5.73875571954137e-35
transcription_TU_ETAF_RS03775,0.0,3.444311020353134e-35
transcription_TU_ETAF_RS05355,0.0,8.423322616881238e-35
transcription_TU_ETAF_RS05360,0.0,-4.3483203402669356e-35
transcription_TU_ETAF_RS05365,0.0,8.423322616881238e-35
transcription_TU_ETAF_RS05370,0.0,8.423322616881238e-35
transcription_TU_ETAF_RS05375,0.0,-2.536112490885172e-36
transcription_TU_ETAF_RS05380,0.0,8.423322616881238e-35
transcription_TU_ETAF_RS05385,0.0,-2.536112490885172e-36
transcription_TU_ETAF_RS05400,0.0,5.377454744424457e-35
transcription_TU_ETAF_RS05405,0.0,-0.00260012294610121
transcription_TU_ETAF_RS05410,0.0,-0.00260012294610121
transcription_TU_ETAF_RS05415,0.0,-0.00260012294610121
transcription_TU_ETAF_RS05695,0.0,-3.4980232463586758e-34
transcription_TU_ETAF_RS05700,3.4050489372558234e-06,-2.536709333306568e-34
transcription_TU_ETAF_RS05705,1.3734368989977837e-06,-2.536709333306568e-34
transcription_TU_ETAF_RS05710,0.0,-1.5753954202544608e-34
transcription_TU_ETAF_RS05720,0.0,-3.4323084280836293e-34
transcription_TU_ETAF_RS05725,0.0,-1.5753954202544608e-34
transcription_TU_ETAF_RS06050,0.0,1.349788220131532e-36
transcription_TU_ETAF_RS06120,3.958084340459273e-06,-4.3483203402669356e-35
transcription_TU_ETAF_RS06150,3.192751138026497e-07,9.216030584433183e-35
transcription_TU_ETAF_RS06155,0.0,-5.271667489672594e-35
transcription_TU_ETAF_RS06610,0.0,3.4401602437085645e-34
transcription_TU_ETAF_RS06615,0.0,3.4401602437085645e-34
transcription_TU_ETAF_RS07035,0.0,-7.642669923940216e-35
transcription_TU_ETAF_RS07040,1.6209795490096448e-06,-1.739139537326378e-34
transcription_TU_ETAF_RS07335,5.460033015336365e-06,1.1304335814566507e-34
transcription_TU_ETAF_RS07340,1.7024622447127427e-06,1.1304335814566507e-34
transcription_TU_ETAF_RS07345,7.456020373554672e-07,1.1304335814566507e-34
transcription_TU_ETAF_RS08610,0.0,1.349788220131532e-36
transcription_TU_ETAF_RS09225,9.864908042581311e-06,2.981487960733314e-35
transcription_TU_ETAF_RS09230,1.1430302383646431e-06,-2.7693681709534235e-34
transcription_TU_ETAF_RS09235,0.0,-7.966339327914545e-35
transcription_TU_ETAF_RS10450,0.0,3.0589358681974742e-34
transcription_TU_ETAF_RS11155,0.0,2.247975322770289e-34
transcription_TU_ETAF_RS11535,0.0,-4.3483203402669356e-35
transcription_TU_ETAF_RS11540,0.0,-4.3483203402669356e-35
transcription_TU_ETAF_RS11545,0.0,-0.0029220146419397593
transcription_TU_ETAF_RS11550,0.0,-0.0029220146419397593
transcription_TU_ETAF_RS11555,0.0,-0.0029220146419397593
transcription_TU_ETAF_RS11560,0.0,-0.0029220146419397593
transcription_TU_ETAF_RS11825,0.0,1.887399221644654e-34
transcription_TU_ETAF_RS11830,0.0,-3.201792761123483e-35
transcription_TU_ETAF_RS11835,0.0,-3.519402027330803e-34
transcription_TU_ETAF_RS11840,0.0,-3.984472033637537e-05
transcription_TU_ETAF_RS11845,0.0,1.887399221644654e-34
transcription_TU_ETAF_RS11850,3.336901266894753e-06,-6.493070251554284e-35
transcription_TU_ETAF_RS11855,2.205456954943483e-07,-6.493070251554284e-35
transcription_TU_ETAF_RS12165,0.0,1.2586063649907597e-34
transcription_TU_ETAF_RS12845,3.57448687825715e-06,1.2849494418020263e-34
transcription_TU_ETAF_RS12880,0.0,1.2849494418020263e-34
transcription_TU_ETAF_RS12885,2.4950562640644726e-06,1.2849494418020263e-34
transcription_TU_ETAF_RS12890,0.0,1.1264933464776935e-34
transcription_TU_ETAF_RS12895,0.0,-1.4377091174105028e-32
transcription_TU_ETAF_RS12900,0.0,1.0611553164590657e-35
transcription_TU_ETAF_RS12905,0.0,-1.0624057888665518e-33
transcription_TU_ETAF_RS13040,0.0,2.2271664154364943e-34
transcription_TU_ETAF_RS13045,0.0,2.2271664154364943e-34
transcription_TU_ETAF_RS13050,0.0,2.2271664154364943e-34
transcription_TU_ETAF_RS13055,6.526186188238286e-06,-1.8129584065252375e-34
transcription_TU_ETAF_RS13370,0.0,-7.295153003213462e-35
transcription_TU_ETAF_RS14000,0.0,-3.201792761123483e-35
transcription_TU_ETAF_RS14460,0.0,1.1264933464776935e-34
transcription_TU_ETAF_RS14465,0.0,-1.4377091174105028e-32
transcription_TU_ETAF_RS14470,1.5243043024631373e-05,4.571267359378137e-34
transcription_TU_ETAF_RS14475,6.679799473879876e-06,1.2086120732689112e-34
transcription_TU_ETAF_RS14480,0.0,1.9745669045106185e-33
transcription_TU_ETAF_RS14485,1.4639140340134875e-05,1.1264933464776935e-34
transcription_TU_ETAF_RS14490,0.0,-1.4377091174105028e-32
transcription_TU_ETAF_RS14495,0.0,1.0611553164590657e-35
transcription_TU_ETAF_RS14500,0.0,-1.0624057888665518e-33
transcription_TU_ETAF_RS15490,3.825562805967672e-06,2.0616995850391285e-34
transcription_TU_ETAF_RS15495,1.2749180816200678e-06,5.053408434514166e-34
transcription_TU_ETAF_RS15560,0.0,-0.005571536550073929
transcription_TU_ETAF_RS15750,7.124159121610912e-07,6.862692254310534e-35
transcription_TU_ETAF_RS15755,0.0,-3.6227920738253233e-35
transcription_TU_ETAF_RS15760,0.0,3.2631221853391975e-34
transcription_TU_ETAF_RS15765,0.0,-1.4377091174105028e-32
transcription_TU_ETAF_RS15770,0.0,1.0611553164590657e-35
transcription_TU_ETAF_RS15775,0.0,-1.0624057888665518e-33
transcription_TU_ETAF_RS15985,0.0,-2.624916622436289e-34
transcription_TU_ETAF_RS15990,0.0,3.444311020353134e-35
transcription_TU_ETAF_RS15995,0.0,3.2631221853391975e-34
transcription_TU_ETAF_RS16000,0.0,-1.4377091174105028e-32
transcription_TU_ETAF_RS16005,0.0,1.0611553164590657e-35
transcription_TU_ETAF_RS16010,0.0,-1.0624057888665518e-33
charging_tRNA_ETAF_RS00415_CGU,0.03541640183954493,-1.0981146925935195e-38
charging_tRNA_ETAF_RS00415_CGC,0.07122819362645129,8.156899743735102e-39
charging_tRNA_ETAF_RS00415_CGA,0.00013033632156857688,-5.813529693701673e-39
charging_tRNA_ETAF_RS00415_CGG,0.006137567870580271,1.0125246930673192e-38
charging_tRNA_ETAF_RS00415_AGA,7.919553547660786e-05,1.3291654761749675e-38
charging_tRNA_ETAF_RS00415_AGG,3.8207065730124735e-05,-8.988617118632638e-40
charging_tRNA_ETAF_RS00420_CAU,0.0068695413343921215,-9.221621817282041e-39
charging_tRNA_ETAF_RS00420_CAC,0.026353294760671817,8.517024232112412e-36
charging_tRNA_ETAF_RS00425_UUA,0.0,-1.2702903613323986e-07
charging_tRNA_ETAF_RS00425_UUG,0.0,-1.2702903613323986e-07
charging_tRNA_ETAF_RS00425_CUU,0.0,-1.2702903613323986e-07
charging_tRNA_ETAF_RS00425_CUC,0.0,-1.2702903613323986e-07
charging_tRNA_ETAF_RS00425_CUA,0.0,-1.2702903613323986e-07
charging_tRNA_ETAF_RS00425_CUG,0.0,-1.2702903613323986e-07
charging_tRNA_ETAF_RS00430_CCU,0.0,-8.468602408882349e-08
charging_tRNA_ETAF_RS00430_CCC,0.0,-8.468602408882349e-08
charging_tRNA_ETAF_RS00430_CCA,0.0,-8.468602408882349e-08
charging_tRNA_ETAF_RS00430_CCG,0.0,-8.468602408882349e-08
charging_tRNA_ETAF_RS00680_GAA,0.053612720287295475,3.273946071253633e-38
charging_tRNA_ETAF_RS00680_GAG,0.05288459246263559,-1.0533587951328213e-38
charging_tRNA_ETAF_RS00715_ACU,0.002048939219312997,-4.9723688310553636e-39
charging_tRNA_ETAF_RS00715_ACC,0.04941647344251615,-7.463231497240477e-39
charging_tRNA_ETAF_RS00715_ACA,0.00023185206778353026,4.19083942219981e-39
charging_tRNA_ETAF_RS00715_ACG,0.03162838118654809,-3.718206872472881e-39
charging_tRNA_ETAF_RS00720_UAU,0.019893674603931856,-1.3054556677616923e-38
charging_tRNA_ETAF_RS00720_UAC,0.0,2.0702264586457148e-38
charging_tRNA_ETAF_RS00725_GGU,0.0,-3.0911806101104426e-07
charging_tRNA_ETAF_RS00725_GGC,0.0,-3.0911806101104426e-07
charging_tRNA_ETAF_RS00725_GGA,0.0,-3.0911806101104426e-07
charging_tRNA_ETAF_RS00725_GGG,0.0,-3.0911806101104426e-07
charging_tRNA_ETAF_RS00730_ACU,0.0,-9.092718630783166e-08
charging_tRNA_ETAF_RS00730_ACC,0.0,-9.092718630783166e-08
charging_tRNA_ETAF_RS00730_ACA,0.0,-9.092718630783166e-08
charging_tRNA_ETAF_RS00730_ACG,0.0,-9.092718630783166e-08
charging_tRNA_ETAF_RS00835_GAA,0.0,3.273946071253633e-38
charging_tRNA_ETAF_RS00835_GAG,0.0,-1.0533587951328213e-38
charging_tRNA_ETAF_RS01135_UUU,0.029138689677478003,5.926044181998022e-39
charging_tRNA_ETAF_RS01135_UUC,0.04040788712510335,7.993128420004488e-39
charging_tRNA_ETAF_RS01345_UUU,0.0,-8.385911578299086e-39
charging_tRNA_ETAF_RS01345_UUC,0.0,-1.2469280335207003e-38
charging_tRNA_ETAF_RS01535_GGU,0.0,4.2850560286187115e-39
charging_tRNA_ETAF_RS01535_GGC,0.0639576991633236,-6.662812538364817e-39
charging_tRNA_ETAF_RS01535_GGA,0.0,-2.6471218739787384e-39
charging_tRNA_ETAF_RS01535_GGG,0.0,9.579252939599038e-39
charging_tRNA_ETAF_RS01540_GGU,0.029142118766853024,4.2850560286187115e-39
charging_tRNA_ETAF_RS01540_GGC,0.0,-6.662812538364817e-39
charging_tRNA_ETAF_RS01540_GGA,0.0,-2.6471218739787384e-39
charging_tRNA_ETAF_RS01540_GGG,0.0,9.579252939599038e-39
charging_tRNA_ETAF_RS01545_GGU,0.0,4.2850560286187115e-39
charging_tRNA_ETAF_RS01545_GGC,0.0,-6.662812538364817e-39
charging_tRNA_ETAF_RS01545_GGA,0.0,-2.6471218739787384e-39
charging_tRNA_ETAF_RS01545_GGG,0.010482989770869477,9.579252939599038e-39
charging_tRNA_ETAF_RS01840_UUA,0.0,-1.8962554732517765e-07
charging_tRNA_ETAF_RS01840_UUG,0.0,-1.8962554732517765e-07
charging_tRNA_ETAF_RS01840_CUU,0.0,-1.8962554732517765e-07
charging_tRNA_ETAF_RS01840_CUC,0.0,-1.8962554732517765e-07
charging_tRNA_ETAF_RS01840_CUA,0.0,-1.8962554732517765e-07
charging_tRNA_ETAF_RS01840_CUG,0.0,-1.8962554732517765e-07
charging_tRNA_ETAF_RS01845_AUG,0.0,-2.452556774954189e-38
charging_tRNA_ETAF_RS01845_START,0.0,7.861462607504325e-39
charging_tRNA_ETAF_RS02080_AUU,0.0,-5.298888633027764e-07
charging_tRNA_ETAF_RS02080_AUC,0.0,-5.298888633027764e-07
charging_tRNA_ETAF_RS02080_AUA,0.0,-5.298888633027764e-07
charging_tRNA_ETAF_RS02190_UUA,0.0,-1.2702903613323986e-07
charging_tRNA_ETAF_RS02190_UUG,0.0,-1.2702903613323986e-07
charging_tRNA_ETAF_RS02190_CUU,0.0,-1.2702903613323986e-07
charging_tRNA_ETAF_RS02190_CUC,0.0,-1.2702903613323986e-07
charging_tRNA_ETAF_RS02190_CUA,0.0,-1.2702903613323986e-07
charging_tRNA_ETAF_RS02190_CUG,0.0,-1.2702903613323986e-07
charging_tRNA_ETAF_RS02195_UUA,0.0,-1.6937204817764698e-07
charging_tRNA_ETAF_RS02195_UUG,0.0,-1.6937204817764698e-07
charging_tRNA_ETAF_RS02195_CUU,0.0,-1.6937204817764698e-07
charging_tRNA_ETAF_RS02195_CUC,0.0,-1.6937204817764698e-07
charging_tRNA_ETAF_RS02195_CUA,0.0,-1.6937204817764698e-07
charging_tRNA_ETAF_RS02195_CUG,0.0,-1.6937204817764698e-07
charging_tRNA_ETAF_RS02200_UUA,0.0,-1.6937204817764698e-07
charging_tRNA_ETAF_RS02200_UUG,0.0,-1.6937204817764698e-07
charging_tRNA_ETAF_RS02200_CUU,0.0,-1.6937204817764698e-07
charging_tRNA_ETAF_RS02200_CUC,0.0,-1.6937204817764698e-07
charging_tRNA_ETAF_RS02200_CUA,0.0,-1.6937204817764698e-07
charging_tRNA_ETAF_RS02200_CUG,0.0,-1.6937204817764698e-07
charging_tRNA_ETAF_RS02595_GAA,0.0,3.273946071253633e-38
charging_tRNA_ETAF_RS02595_GAG,0.0,-1.0533587951328213e-38
charging_tRNA_ETAF_RS03355_AUG,0.04035468650387649,-1.5399775098549558e-38
charging_tRNA_ETAF_RS03355_START,0.0,1.526048623809663e-38
charging_tRNA_ETAF_RS03360_AUG,0.0,-1.5399775098549558e-38
charging_tRNA_ETAF_RS03360_START,0.00816504084669213,1.526048623809663e-38
charging_tRNA_ETAF_RS03365_AUG,0.0,-6.273982447557227e-39
charging_tRNA_ETAF_RS03365_START,0.0,2.2659509868688935e-38
charging_tRNA_ETAF_RS03775_ACU,0.0,-1.239084550237404e-07
charging_tRNA_ETAF_RS03775_ACC,0.0,-1.239084550237404e-07
charging_tRNA_ETAF_RS03775_ACA,0.0,-1.239084550237404e-07
charging_tRNA_ETAF_RS03775_ACG,0.0,-1.239084550237404e-07
charging_tRNA_ETAF_RS05355_GUU,0.0,-6.784559659437006e-07
charging_tRNA_ETAF_RS05355_GUC,0.0,-6.784559659437006e-07
charging_tRNA_ETAF_RS05355_GUA,0.0,-6.784559659437006e-07
charging_tRNA_ETAF_RS05355_GUG,0.0,-6.784559659437006e-07
charging_tRNA_ETAF_RS05360_AAA,0.0,-2.288479782600853e-07
charging_tRNA_ETAF_RS05360_AAG,0.0,-2.288479782600853e-07
charging_tRNA_ETAF_RS05365_GUU,0.0,-7.207989779881077e-07
charging_tRNA_ETAF_RS05365_GUC,0.0,-7.207989779881077e-07
charging_tRNA_ETAF_RS05365_GUA,0.0,-7.207989779881077e-07
charging_tRNA_ETAF_RS05365_GUG,0.0,-7.207989779881077e-07
charging_tRNA_ETAF_RS05370_GUU,0.0,-7.207989779881077e-07
charging_tRNA_ETAF_RS05370_GUC,0.0,-7.207989779881077e-07
charging_tRNA_ETAF_RS05370_GUA,0.0,-7.207989779881077e-07
charging_tRNA_ETAF_RS05370_GUG,0.0,-7.207989779881077e-07
charging_tRNA_ETAF_RS05375_GUU,0.0,-7.600214089230061e-07
charging_tRNA_ETAF_RS05375_GUC,0.0,-7.600214089230061e-07
charging_tRNA_ETAF_RS05375_GUA,0.0,-7.600214089230061e-07
charging_tRNA_ETAF_RS05375_GUG,0.0,-7.600214089230061e-07
charging_tRNA_ETAF_RS05380_GUU,0.0,-7.207989779881077e-07
charging_tRNA_ETAF_RS05380_GUC,0.0,-7.207989779881077e-07
charging_tRNA_ETAF_RS05380_GUA,0.0,-7.207989779881077e-07
charging_tRNA_ETAF_RS05380_GUG,0.0,-7.207989779881077e-07
charging_tRNA_ETAF_RS05385_GUU,0.0,-7.600214089230061e-07
charging_tRNA_ETAF_RS05385_GUC,0.0,-7.600214089230061e-07
charging_tRNA_ETAF_RS05385_GUA,0.0,-7.600214089230061e-07
charging_tRNA_ETAF_RS05385_GUG,0.0,-7.600214089230061e-07
charging_tRNA_ETAF_RS05400_GCU,0.0,-2.0363788425369088e-07
charging_tRNA_ETAF_RS05400_GCC,0.0,-2.0363788425369088e-07
charging_tRNA_ETAF_RS05400_GCA,0.0,-2.0363788425369088e-07
charging_tRNA_ETAF_RS05400_GCG,0.0,-2.0363788425369088e-07
charging_tRNA_ETAF_RS05405_GCU,0.0,3.400816771538853e-39
charging_tRNA_ETAF_RS05405_GCC,0.0,-1.1552894058954938e-38
charging_tRNA_ETAF_RS05405_GCA,0.0,-1.9474008102245532e-38
charging_tRNA_ETAF_RS05405_GCG,0.0,-8.694538795017818e-39
charging_tRNA_ETAF_RS05410_GCU,0.0,1.0202450314616559e-38
charging_tRNA_ETAF_RS05410_GCC,0.0,3.850964686318313e-39
charging_tRNA_ETAF_RS05410_GCA,0.0,-7.490003116248282e-39
charging_tRNA_ETAF_RS05410_GCG,0.0,-9.660598661130908e-40
charging_tRNA_ETAF_RS05415_GCU,0.0,1.0202450314616559e-38
charging_tRNA_ETAF_RS05415_GCC,0.0,3.850964686318313e-39
charging_tRNA_ETAF_RS05415_GCA,0.0,-7.490003116248282e-39
charging_tRNA_ETAF_RS05415_GCG,0.0,-9.660598661130908e-40
charging_tRNA_ETAF_RS05695_AAU,0.0,7.137964325254776e-39
charging_tRNA_ETAF_RS05695_AAC,0.0,1.7148708972635188e-38
charging_tRNA_ETAF_RS05700_AAU,0.0,-1.6472225365972562e-39
charging_tRNA_ETAF_RS05700_AAC,0.04347690954855291,1.0113341188989983e-38
charging_tRNA_ETAF_RS05705_AAU,0.017536544387081562,-1.6472225365972562e-39
charging_tRNA_ETAF_RS05705_AAC,0.0,1.0113341188989983e-38
charging_tRNA_ETAF_RS05710_AAU,0.0,-1.043240939844929e-38
charging_tRNA_ETAF_RS05710_AAC,0.0,3.077973405344777e-39
charging_tRNA_ETAF_RS05720_AAU,0.0,-2.578055879698878e-06
charging_tRNA_ETAF_RS05720_AAC,0.0,-2.578055879698878e-06
charging_tRNA_ETAF_RS05725_AAU,0.0,-1.043240939844929e-38
charging_tRNA_ETAF_RS05725_AAC,0.0,3.077973405344777e-39
charging_tRNA_ETAF_RS06050_UCU,0.0,-4.2945168534782765e-06
charging_tRNA_ETAF_RS06050_UCC,0.0,-4.2945168534782765e-06
charging_tRNA_ETAF_RS06050_UCA,0.0,-4.2945168534782765e-06
charging_tRNA_ETAF_RS06050_UCG,0.0,-4.2945168534782765e-06
charging_tRNA_ETAF_RS06050_AGU,0.0,-4.2945168534782765e-06
charging_tRNA_ETAF_RS06050_AGC,0.0,-4.2945168534782765e-06
charging_tRNA_ETAF_RS06120_AAA,0.03028851290998084,1.455331043189776e-38
charging_tRNA_ETAF_RS06120_AAG,0.020249754829095308,1.7076800507095516e-38
charging_tRNA_ETAF_RS06150_GGU,0.0,4.2850560286187115e-39
charging_tRNA_ETAF_RS06150_GGC,0.0,-6.662812538364817e-39
charging_tRNA_ETAF_RS06150_GGA,0.00407662136424057,-2.6471218739787384e-39
charging_tRNA_ETAF_RS06150_GGG,0.0,9.579252939599038e-39
charging_tRNA_ETAF_RS06155_UGU,0.0,-3.1205811094994488e-09
charging_tRNA_ETAF_RS06155_UGC,0.0,-3.1205811094994488e-09
charging_tRNA_ETAF_RS06610_UCU,0.0,-2.87910755760978e-06
charging_tRNA_ETAF_RS06610_UCC,0.0,-2.87910755760978e-06
charging_tRNA_ETAF_RS06610_UCA,0.0,-2.87910755760978e-06
charging_tRNA_ETAF_RS06610_UCG,0.0,-2.87910755760978e-06
charging_tRNA_ETAF_RS06610_AGU,0.0,-2.87910755760978e-06
charging_tRNA_ETAF_RS06610_AGC,0.0,-2.87910755760978e-06
charging_tRNA_ETAF_RS06615_UCU,0.0,-2.87910755760978e-06
charging_tRNA_ETAF_RS06615_UCC,0.0,-2.87910755760978e-06
charging_tRNA_ETAF_RS06615_UCA,0.0,-2.87910755760978e-06
charging_tRNA_ETAF_RS06615_UCG,0.0,-2.87910755760978e-06
charging_tRNA_ETAF_RS06615_AGU,0.0,-2.87910755760978e-06
charging_tRNA_ETAF_RS06615_AGC,0.0,-2.87910755760978e-06
charging_tRNA_ETAF_RS07035_UAU,0.0,-2.2135987409872174e-38
charging_tRNA_ETAF_RS07035_UAC,0.0,1.1627299288284152e-38
charging_tRNA_ETAF_RS07040_UAU,0.0,-1.3054556677616923e-38
charging_tRNA_ETAF_RS07040_UAC,0.020697259431796407,2.0702264586457148e-38
charging_tRNA_ETAF_RS07335_GUU,0.0,-2.0864465663243227e-35
charging_tRNA_ETAF_RS07335_GUC,0.0,-3.2337037002427525e-35
charging_tRNA_ETAF_RS07335_GUA,0.011780825004049856,-1.8092883349876585e-38
charging_tRNA_ETAF_RS07335_GUG,0.057934872454091214,-6.120063568192205e-35
charging_tRNA_ETAF_RS07340_GUU,0.0,-2.0864465663243227e-35
charging_tRNA_ETAF_RS07340_GUC,0.02173766027658159,-3.2337037002427525e-35
charging_tRNA_ETAF_RS07340_GUA,0.0,-1.8092883349876585e-38
charging_tRNA_ETAF_RS07340_GUG,0.0,-6.120063568192205e-35
charging_tRNA_ETAF_RS07345_GUU,0.009520119368224207,-2.0864465663243227e-35
charging_tRNA_ETAF_RS07345_GUC,0.0,-3.2337037002427525e-35
charging_tRNA_ETAF_RS07345_GUA,0.0,-1.8092883349876585e-38
charging_tRNA_ETAF_RS07345_GUG,0.0,-6.120063568192205e-35
charging_tRNA_ETAF_RS08610_UCU,0.0,-4.2945168534782765e-06
charging_tRNA_ETAF_RS08610_UCC,0.0,-4.2945168534782765e-06
charging_tRNA_ETAF_RS08610_UCA,0.0,-4.2945168534782765e-06
charging_tRNA_ETAF_RS08610_UCG,0.0,-4.2945168534782765e-06
charging_tRNA_ETAF_RS08610_AGU,0.0,-4.2945168534782765e-06
charging_tRNA_ETAF_RS08610_AGC,0.0,-4.2945168534782765e-06
charging_tRNA_ETAF_RS09225_UUA,0.0074165493096384925,1.1298637993797256e-39
charging_tRNA_ETAF_RS09225_UUG,0.004231459419644389,-1.7438275714150448e-39
charging_tRNA_ETAF_RS09225_CUU,0.002191254957624196,1.6245373439916966e-38
charging_tRNA_ETAF_RS09225_CUC,0.0063216988926280086,-1.2336171710768227e-38
charging_tRNA_ETAF_RS09225_CUA,0.0020699972455763826,-3.485456015804697e-39
charging_tRNA_ETAF_RS09225_CUG,0.10372779218558736,1.159617170283276e-38
charging_tRNA_ETAF_RS09230_UGU,0.00226938318856684,1.202905716170303e-38
charging_tRNA_ETAF_RS09230_UGC,0.01232524473025852,-3.5536935193189585e-35
charging_tRNA_ETAF_RS09235_GGU,0.0,1.7040571648693014e-38
charging_tRNA_ETAF_RS09235_GGC,0.0,3.0285511538021894e-39
charging_tRNA_ETAF_RS09235_GGA,0.0,1.275431448371574e-38
charging_tRNA_ETAF_RS09235_GGG,0.0,2.2623342048840283e-38
charging_tRNA_ETAF_RS10450_CCU,0.0,-4.234301204441638e-08
charging_tRNA_ETAF_RS10450_CCC,0.0,-4.234301204441638e-08
charging_tRNA_ETAF_RS10450_CCA,0.0,-4.234301204441638e-08
charging_tRNA_ETAF_RS10450_CCG,0.0,-4.234301204441638e-08
charging_tRNA_ETAF_RS11155_CGU,0.0,-1.8120387536872358e-06
charging_tRNA_ETAF_RS11155_CGC,0.0,-1.8120387536872358e-06
charging_tRNA_ETAF_RS11155_CGA,0.0,-1.8120387536872358e-06
charging_tRNA_ETAF_RS11155_CGG,0.0,-1.8120387536872358e-06
charging_tRNA_ETAF_RS11155_AGA,0.0,-1.8120387536872358e-06
charging_tRNA_ETAF_RS11155_AGG,0.0,-1.8120387536872358e-06
charging_tRNA_ETAF_RS11535_AAA,0.0,-2.288479782600853e-07
charging_tRNA_ETAF_RS11535_AAG,0.0,-2.288479782600853e-07
charging_tRNA_ETAF_RS11540_AAA,0.0,-2.288479782600853e-07
charging_tRNA_ETAF_RS11540_AAG,0.0,-2.288479782600853e-07
charging_tRNA_ETAF_RS11545_AAA,0.0,-4.6946162683541164e-40
charging_tRNA_ETAF_RS11545_AAG,0.0,-3.162370464276947e-39
charging_tRNA_ETAF_RS11550_AAA,0.0,-4.6946162683541164e-40
charging_tRNA_ETAF_RS11550_AAG,0.0,-3.162370464276947e-39
charging_tRNA_ETAF_RS11555_AAA,0.0,-4.6946162683541164e-40
charging_tRNA_ETAF_RS11555_AAG,0.0,-3.162370464276947e-39
charging_tRNA_ETAF_RS11560_AAA,0.0,1.455331043189776e-38
charging_tRNA_ETAF_RS11560_AAG,0.0,1.0330410183304695e-38
charging_tRNA_ETAF_RS11825_AUG,0.0,-2.384551667189547e-07
charging_tRNA_ETAF_RS11825_START,0.0,-2.384551667189547e-07
charging_tRNA_ETAF_RS11830_UUA,0.0,-1.7834626334409986e-06
charging_tRNA_ETAF_RS11830_UUG,0.0,-1.7834626334409986e-06
charging_tRNA_ETAF_RS11830_CUU,0.0,-1.7834626334409986e-06
charging_tRNA_ETAF_RS11830_CUC,0.0,-1.7834626334409986e-06
charging_tRNA_ETAF_RS11830_CUA,0.0,-1.7834626334409986e-06
charging_tRNA_ETAF_RS11830_CUG,0.0,-1.7834626334409986e-06
charging_tRNA_ETAF_RS11835_CAA,0.0,-3.1205811094994488e-09
charging_tRNA_ETAF_RS11835_CAG,0.0,-3.1205811094994488e-09
charging_tRNA_ETAF_RS11840_CAA,0.0,7.282637839650941e-40
charging_tRNA_ETAF_RS11840_CAG,0.0,1.1267840067085849e-38
charging_tRNA_ETAF_RS11845_AUG,0.0,-2.384551667189547e-07
charging_tRNA_ETAF_RS11845_START,0.0,-2.384551667189547e-07
charging_tRNA_ETAF_RS11850_CAA,0.0,7.282637839650941e-40
charging_tRNA_ETAF_RS11850_CAG,0.04260677518196121,1.1267840067085849e-38
charging_tRNA_ETAF_RS11855_CAA,0.002816008060682411,7.282637839650941e-40
charging_tRNA_ETAF_RS11855_CAG,0.0,1.1267840067085849e-38
charging_tRNA_ETAF_RS12165_CGU,0.0,-3.2981268715899504e-08
charging_tRNA_ETAF_RS12165_CGC,0.0,-3.2981268715899504e-08
charging_tRNA_ETAF_RS12165_CGA,0.0,-3.2981268715899504e-08
charging_tRNA_ETAF_RS12165_CGG,0.0,-3.2981268715899504e-08
charging_tRNA_ETAF_RS12165_AGA,0.0,-3.2981268715899504e-08
charging_tRNA_ETAF_RS12165_AGG,0.0,-3.2981268715899504e-08
charging_tRNA_ETAF_RS12845_GAU,0.0,4.7628982246958804e-39
charging_tRNA_ETAF_RS12845_GAC,0.04564035511739828,-3.838790961703813e-40
charging_tRNA_ETAF_RS12880_GAU,0.0,4.7628982246958804e-39
charging_tRNA_ETAF_RS12880_GAC,0.0,-3.838790961703813e-40
charging_tRNA_ETAF_RS12885_GAU,0.03185779044888114,4.7628982246958804e-39
charging_tRNA_ETAF_RS12885_GAC,0.0,-3.838790961703813e-40
charging_tRNA_ETAF_RS12900_GAA,0.0,3.273946071253633e-38
charging_tRNA_ETAF_RS12900_GAG,0.0,-1.0533587951328213e-38
charging_tRNA_ETAF_RS13040_CGU,0.0,-1.3167962973324548e-07
charging_tRNA_ETAF_RS13040_CGC,0.0,-1.3167962973324548e-07
charging_tRNA_ETAF_RS13040_CGA,0.0,-1.3167962973324548e-07
charging_tRNA_ETAF_RS13040_CGG,0.0,-1.3167962973324548e-07
charging_tRNA_ETAF_RS13040_AGA,0.0,-1.3167962973324548e-07
charging_tRNA_ETAF_RS13040_AGG,0.0,-1.3167962973324548e-07
charging_tRNA_ETAF_RS13045_CGU,0.0,-1.3167962973324548e-07
charging_tRNA_ETAF_RS13045_CGC,0.0,-1.3167962973324548e-07
charging_tRNA_ETAF_RS13045_CGA,0.0,-1.3167962973324548e-07
charging_tRNA_ETAF_RS13045_CGG,0.0,-1.3167962973324548e-07
charging_tRNA_ETAF_RS13045_AGA,0.0,-1.3167962973324548e-07
charging_tRNA_ETAF_RS13045_AGG,0.0,-1.3167962973324548e-07
charging_tRNA_ETAF_RS13050_CGU,0.0,-1.3167962973324548e-07
charging_tRNA_ETAF_RS13050_CGC,0.0,-1.3167962973324548e-07
charging_tRNA_ETAF_RS13050_CGA,0.0,-1.3167962973324548e-07
charging_tRNA_ETAF_RS13050_CGG,0.0,-1.3167962973324548e-07
charging_tRNA_ETAF_RS13050_AGA,0.0,-1.3167962973324548e-07
charging_tRNA_ETAF_RS13050_AGG,0.0,-1.3167962973324548e-07
charging_tRNA_ETAF_RS13055_UCU,0.020030048049851815,-1.0766564441687619e-38
charging_tRNA_ETAF_RS13055_UCC,0.02421354733593165,3.5289602677672906e-39
charging_tRNA_ETAF_RS13055_UCA,0.0023176793259174905,-3.136586076439056e-39
charging_tRNA_ETAF_RS13055_UCG,0.006243644233829411,-1.3313646733859763e-38
charging_tRNA_ETAF_RS13055_AGU,0.0021351313501480618,5.727548020688423e-39
charging_tRNA_ETAF_RS13055_AGC,0.028388680607002822,1.275185880853441e-38
charging_tRNA_ETAF_RS13370_GGU,0.0,-1.4263010516875283e-06
charging_tRNA_ETAF_RS13370_GGC,0.0,-1.4263010516875283e-06
charging_tRNA_ETAF_RS13370_GGA,0.0,-1.4263010516875283e-06
charging_tRNA_ETAF_RS13370_GGG,0.0,-1.4263010516875283e-06
charging_tRNA_ETAF_RS14000_UUA,0.0,-1.896173331386858e-06
charging_tRNA_ETAF_RS14000_UUG,0.0,-1.896173331386858e-06
charging_tRNA_ETAF_RS14000_CUU,0.0,-1.896173331386858e-06
charging_tRNA_ETAF_RS14000_CUC,0.0,-1.896173331386858e-06
charging_tRNA_ETAF_RS14000_CUA,0.0,-1.896173331386858e-06
charging_tRNA_ETAF_RS14000_CUG,0.0,-1.896173331386858e-06
charging_tRNA_ETAF_RS14470_GCU,0.01911461570837219,1.0202450314616559e-38
charging_tRNA_ETAF_RS14470_GCC,0.10592537398702251,3.850964686318313e-39
charging_tRNA_ETAF_RS14470_GCA,0.01181838188331787,-7.490003116248282e-39
charging_tRNA_ETAF_RS14470_GCG,0.057770373863252865,-9.660598661130908e-40
charging_tRNA_ETAF_RS14475_AUU,0.009471025523417812,-2.342475022398862e-36
charging_tRNA_ETAF_RS14475_AUC,0.07381516680947103,-2.3409358254373915e-38
charging_tRNA_ETAF_RS14475_AUA,0.002003929154292438,-1.4149969302017288e-38
charging_tRNA_ETAF_RS14495_GAA,0.0,3.273946071253633e-38
charging_tRNA_ETAF_RS14495_GAG,0.0,-1.0533587951328213e-38
charging_tRNA_ETAF_RS15490_CCU,0.0,4.110918413759794e-39
charging_tRNA_ETAF_RS15490_CCC,0.0,3.2981682767780996e-38
charging_tRNA_ETAF_RS15490_CCA,0.0,1.1276691487914443e-38
charging_tRNA_ETAF_RS15490_CCG,0.048846184343361396,-1.5794999185898685e-38
charging_tRNA_ETAF_RS15495_CCU,0.007747605966873168,-2.624663294938945e-38
charging_tRNA_ETAF_RS15495_CCC,0.008207001822167683,3.1114795063944333e-39
charging_tRNA_ETAF_RS15495_CCA,0.00032401232414956324,-9.343544375700538e-39
charging_tRNA_ETAF_RS15495_CCG,0.0,-4.171499784993756e-38
charging_tRNA_ETAF_RS15560_UGA,0.0,-1.1709491956196046e-38
charging_tRNA_ETAF_RS15750_UGG,0.00909638679053455,-8.775356384914278e-35
charging_tRNA_ETAF_RS15755_GAU,0.0,1.6486955393178048e-38
charging_tRNA_ETAF_RS15755_GAC,0.0,1.190025198128182e-38
charging_tRNA_ETAF_RS15770_GAA,0.0,3.273946071253633e-38
charging_tRNA_ETAF_RS15770_GAG,0.0,-1.0533587951328213e-38
charging_tRNA_ETAF_RS15990_ACU,0.0,-9.092718630783166e-08
charging_tRNA_ETAF_RS15990_ACC,0.0,-9.092718630783166e-08
charging_tRNA_ETAF_RS15990_ACA,0.0,-9.092718630783166e-08
charging_tRNA_ETAF_RS15990_ACG,0.0,-9.092718630783166e-08
charging_tRNA_ETAF_RS16005_GAA,0.0,3.273946071253633e-38
charging_tRNA_ETAF_RS16005_GAG,0.0,-1.0533587951328213e-38
DM_RNA_6x7.59001.peg.1,0.0,0.0
DM_RNA_6x7.59001.peg.2,0.0,0.0
DM_RNA_6x7.59001.peg.4,0.0,4.058439195707966e-33
DM_RNA_6x7.59001.peg.10,0.0,-0.07225492196906323
DM_RNA_6x7.59001.peg.12,0.0,-0.11775369410227776
DM_RNA_6x7.59001.peg.13,0.0,-0.05167442975298131
DM_RNA_6x7.59001.peg.20,0.0,0.0
DM_RNA_6x7.59001.peg.25,0.0,-0.08000019780228648
DM_RNA_6x7.59001.peg.26,0.0,-0.06992637348359881
DM_RNA_6x7.59001.peg.29,0.0,-0.11889457051439672
DM_RNA_6x7.59001.peg.30,0.0,-0.015747498757632435
DM_RNA_6x7.59001.peg.31,0.0,-0.03551055161975395
DM_RNA_6x7.59001.peg.34,0.0,-0.036542602426341546
DM_RNA_6x7.59001.peg.35,0.0,0.0
DM_RNA_6x7.59001.peg.37,0.0,0.0
DM_RNA_6x7.59001.peg.38,0.0,-0.06928053776106036
DM_RNA_6x7.59001.peg.40,0.0,-0.011568472278652877
DM_RNA_6x7.59001.peg.41,0.0,-0.00952246077899187
DM_RNA_6x7.59001.peg.43,0.0,-0.027750024257979563
DM_RNA_6x7.59001.peg.47,0.0,-0.06425797151149604
DM_RNA_6x7.59001.peg.48,0.0,-0.06137260495874259
DM_RNA_6x7.59001.peg.54,0.0,-0.054895515929485744
DM_RNA_6x7.59001.peg.55,0.0,-0.060495050276441274
DM_RNA_6x7.59001.peg.56,0.0,-0.05299195980160043
DM_RNA_6x7.59001.peg.57,0.0,0.0
DM_RNA_6x7.59001.peg.58,0.0,-1.9422956832140662e-33
DM_RNA_6x7.59001.peg.61,0.0,-0.09460832568792521
DM_RNA_6x7.59001.peg.62,0.0,-0.01668351517158096
DM_RNA_6x7.59001.peg.63,0.0,-0.05323661236685488
DM_RNA_6x7.59001.peg.64,0.0,-0.1058946556906601
DM_RNA_6x7.59001.peg.65,0.0,-0.08871954105842254
DM_RNA_6x7.59001.peg.67,0.0,-0.08542526442809446
DM_RNA_6x7.59001.peg.70,0.0,-0.08577165288124672
DM_RNA_6x7.59001.peg.71,0.0,-0.07234508030195423
DM_RNA_6x7.59001.peg.72,0.0,-0.018723864853798063
DM_RNA_6x7.59001.peg.74,0.0,0.0
DM_RNA_6x7.59001.peg.76,0.0,0.0
DM_RNA_6x7.59001.peg.77,0.0,0.0
DM_RNA_6x7.59001.peg.78,0.0,-0.061219840696502034
DM_RNA_6x7.59001.peg.79,0.0,-0.05058529045108241
DM_RNA_6x7.59001.peg.80,0.0,0.0
DM_RNA_6x7.59001.peg.89,0.0,-0.04261193620079686
DM_RNA_6x7.59001.peg.90,0.0,-0.05440452284024339
DM_RNA_6x7.59001.peg.91,0.0,0.0
DM_RNA_6x7.59001.peg.94,0.0,-0.04735404795691352
DM_RNA_6x7.59001.peg.98,0.0,3.7385957222456274e-33
DM_RNA_6x7.59001.peg.99,0.0,-0.052043489181148136
DM_RNA_6x7.59001.peg.102,0.0,-0.0507035702620204
DM_RNA_6x7.59001.peg.107,0.0,0.0
DM_RNA_6x7.59001.peg.109,0.0,0.0
DM_RNA_6x7.59001.peg.114,0.0,-0.13048908603276146
DM_RNA_6x7.59001.peg.115,0.0,-0.0435616173631718
DM_RNA_6x7.59001.peg.119,0.0,-0.043184077607114055
DM_RNA_6x7.59001.peg.121,0.0,0.0
DM_RNA_6x7.59001.peg.122,0.0,-0.01544067796279636
DM_RNA_6x7.59001.peg.126,0.0,-0.05871404285777955
DM_RNA_6x7.59001.peg.129,0.0,0.0
DM_RNA_6x7.59001.peg.133,0.0,-0.08355882316865917
DM_RNA_6x7.59001.peg.134,0.0,-0.03134842632740684
DM_RNA_6x7.59001.peg.137,0.0,0.0
DM_RNA_6x7.59001.peg.138,0.0,-0.05514627726095723
DM_RNA_6x7.59001.peg.139,0.0,-0.05387711842250713
DM_RNA_6x7.59001.peg.142,0.0,-0.03136719510048862
DM_RNA_6x7.59001.peg.143,0.0,-0.024558932590161203
DM_RNA_6x7.59001.peg.144,0.0,-0.04013697931215073
DM_RNA_6x7.59001.peg.145,0.0,-0.02842900693896745
DM_RNA_6x7.59001.peg.146,0.0,-0.22969051362217308
DM_RNA_6x7.59001.peg.147,0.0,-0.24083699705523856
DM_RNA_6x7.59001.peg.148,0.0,-0.036746036367354205
DM_RNA_6x7.59001.peg.149,0.0,-0.1096863095176124
DM_RNA_6x7.59001.peg.151,0.0,-0.06102749662861258
DM_RNA_6x7.59001.peg.156,0.0,-0.07305385718541528
DM_RNA_6x7.59001.peg.157,0.0,-0.09040111810270189
DM_RNA_6x7.59001.peg.159,0.0,0.0
DM_RNA_6x7.59001.peg.161,0.0,-0.07606382827224539
DM_RNA_6x7.59001.peg.163,0.0,0.0
DM_RNA_6x7.59001.peg.167,0.0,-3.306267555395275e-33
DM_RNA_6x7.59001.peg.168,0.0,-3.9002017723797006e-33
DM_RNA_6x7.59001.peg.169,0.0,-0.04244797333204345
DM_RNA_6x7.59001.peg.171,0.0,-0.21079032202842296
DM_RNA_6x7.59001.peg.172,0.0,0.0
DM_RNA_6x7.59001.peg.175,0.0,-0.09392515315207714
DM_RNA_6x7.59001.peg.176,0.0,-0.07120745934726153
DM_RNA_6x7.59001.peg.179,0.0,-0.05104811378939706
DM_RNA_6x7.59001.peg.180,0.0,-0.08944637044363263
DM_RNA_6x7.59001.peg.181,0.0,-0.06760418951619508
DM_RNA_6x7.59001.peg.183,0.0,2.2759699182943186e-33
DM_RNA_6x7.59001.peg.184,0.0,-0.07292001671175476
DM_RNA_6x7.59001.peg.186,0.0,-0.029500964604689546
DM_RNA_6x7.59001.peg.187,0.0,-8.942263315244589e-34
DM_RNA_6x7.59001.peg.189,0.0,0.0
DM_RNA_6x7.59001.peg.190,0.0,-4.359270941695372e-34
DM_RNA_6x7.59001.peg.191,0.0,-0.0833127744092361
DM_RNA_6x7.59001.peg.194,0.0,-0.08624081490243178
DM_RNA_6x7.59001.peg.195,0.0,-0.05089996604295322
DM_RNA_6x7.59001.peg.196,0.0,0.0
DM_RNA_6x7.59001.peg.204,0.0,-1.9673666642573194e-33
DM_RNA_6x7.59001.peg.209,0.0,-0.0625163342933068
DM_RNA_6x7.59001.peg.215,0.0,0.0
DM_RNA_6x7.59001.peg.216,0.0,-0.038923625690798797
DM_RNA_6x7.59001.peg.217,0.0,-0.037530821462297304
DM_RNA_6x7.59001.peg.218,0.0,-0.08638396318635123
DM_RNA_6x7.59001.peg.219,0.0,-0.20824369971705017
DM_RNA_6x7.59001.peg.220,0.0,-0.08045381282496619
DM_RNA_6x7.59001.peg.222,0.0,-0.08377920699582608
DM_RNA_6x7.59001.peg.226,0.0,-0.058173930843225675
DM_RNA_6x7.59001.peg.227,0.0,-0.0663670341198468
DM_RNA_6x7.59001.peg.228,0.0,-0.07428312696529335
DM_RNA_6x7.59001.peg.236,0.0,-1.830617794858412e-33
DM_RNA_6x7.59001.peg.238,0.0,-3.0123238321703366e-33
DM_RNA_6x7.59001.peg.246,0.0,-0.053942103146478994
DM_RNA_6x7.59001.peg.247,0.0,-0.0415757873002081
DM_RNA_6x7.59001.peg.251,0.0,0.0
DM_RNA_6x7.59001.peg.252,0.0,3.761310207063331e-33
DM_RNA_6x7.59001.peg.257,0.0,2.7147613224200727e-33
DM_RNA_6x7.59001.peg.258,0.0,-0.10105571518787311
DM_RNA_6x7.59001.peg.261,0.0,0.0
DM_RNA_6x7.59001.peg.262,0.0,0.0
DM_RNA_6x7.59001.peg.266,0.0,-0.1448410871862228
DM_RNA_6x7.59001.peg.267,0.0,-0.06553446655109267
DM_RNA_6x7.59001.peg.275,0.0,0.0
DM_RNA_6x7.59001.peg.277,0.0,-0.07432614289636942
DM_RNA_6x7.59001.peg.278,0.0,-0.08153195507421122
DM_RNA_6x7.59001.peg.280,0.0,-0.007758080765648178
DM_RNA_6x7.59001.peg.281,0.0,-0.09376141843646892
DM_RNA_6x7.59001.peg.297,0.0,-2.0068563889426987e-33
DM_RNA_6x7.59001.peg.300,0.0,-0.02075178181075525
DM_RNA_6x7.59001.peg.301,0.0,-0.02066249044405218
DM_RNA_6x7.59001.peg.302,0.0,-0.041791171268842305
DM_RNA_6x7.59001.peg.303,0.0,-0.09530627233016561
DM_RNA_6x7.59001.peg.306,0.0,-0.18903430980677297
DM_RNA_6x7.59001.peg.307,0.0,-0.0521572454305557
DM_RNA_6x7.59001.peg.309,0.0,-0.03133222392374881
DM_RNA_6x7.59001.peg.323,0.0,-0.07428424057404157
DM_RNA_6x7.59001.peg.326,0.0,-0.042590205736932674
DM_RNA_6x7.59001.peg.331,0.0,-0.022532619866773785
DM_RNA_6x7.59001.peg.332,0.0,-0.01292832500874978
DM_RNA_6x7.59001.peg.338,0.0,-0.04253779350974892
DM_RNA_6x7.59001.peg.341,0.0,0.0
DM_RNA_6x7.59001.peg.345,0.0,-0.030174287311265435
DM_RNA_6x7.59001.peg.346,0.0,0.0
DM_RNA_6x7.59001.peg.351,0.0,-0.05372294479838283
DM_RNA_6x7.59001.peg.354,0.0,-0.0143145819642044
DM_RNA_6x7.59001.peg.355,0.0,-0.014722028718871497
DM_RNA_6x7.59001.peg.361,0.0,-0.027268806809347228
DM_RNA_6x7.59001.peg.363,0.0,-0.036120520320742644
DM_RNA_6x7.59001.peg.364,0.0,0.0
DM_RNA_6x7.59001.peg.365,0.0,-0.047853417510431026
DM_RNA_6x7.59001.peg.366,0.0,-0.07654032754987279
DM_RNA_6x7.59001.peg.369,0.0,-0.08497839596429205
DM_RNA_6x7.59001.peg.370,0.0,-0.15402322387200612
DM_RNA_6x7.59001.peg.371,0.0,-0.022912029527844793
DM_RNA_6x7.59001.peg.372,0.0,0.0
DM_RNA_6x7.59001.peg.373,0.0,-0.015419888421136046
DM_RNA_6x7.59001.peg.374,0.0,-0.1213210198301528
DM_RNA_6x7.59001.peg.378,0.0,2.451354588477093e-33
DM_RNA_6x7.59001.peg.384,0.0,0.0
DM_RNA_6x7.59001.peg.388,0.0,-0.12158217243446076
DM_RNA_6x7.59001.peg.399,0.0,0.0
DM_RNA_6x7.59001.peg.400,0.0,0.0
DM_RNA_6x7.59001.peg.401,0.0,0.0
DM_RNA_6x7.59001.peg.402,0.0,2.687264180988153e-33
DM_RNA_6x7.59001.peg.409,0.0,-0.065606696048492
DM_RNA_6x7.59001.peg.410,0.0,0.0
DM_RNA_6x7.59001.peg.414,0.0,4.186332349766233e-33
DM_RNA_6x7.59001.peg.415,0.0,-1.8279226910804227e-33
DM_RNA_6x7.59001.peg.416,0.0,-0.037955316532207475
DM_RNA_6x7.59001.peg.418,0.0,-0.1042599315968467
DM_RNA_6x7.59001.peg.419,0.0,0.0
DM_RNA_6x7.59001.peg.420,0.0,-0.012252016588600263
DM_RNA_6x7.59001.peg.422,0.0,-0.03783275234636769
DM_RNA_6x7.59001.peg.423,0.0,-0.021051960589519445
DM_RNA_6x7.59001.peg.424,0.0,-0.04738260289360908
DM_RNA_6x7.59001.peg.425,0.0,-0.07090399591596437
DM_RNA_6x7.59001.peg.427,0.0,-0.07231276751342817
DM_RNA_6x7.59001.peg.430,0.0,2.228470734569074e-33
DM_RNA_6x7.59001.peg.432,0.0,-0.053001268721428296
DM_RNA_6x7.59001.peg.433,0.0,-0.08209657217477496
DM_RNA_6x7.59001.peg.436,0.0,-0.04517851275874986
DM_RNA_6x7.59001.peg.441,0.0,-0.025611753433993984
DM_RNA_6x7.59001.peg.443,0.0,-0.09082417877721742
DM_RNA_6x7.59001.peg.446,0.0,-0.0735219826155579
DM_RNA_6x7.59001.peg.449,0.0,-0.05010318105702459
DM_RNA_6x7.59001.peg.450,0.0,2.4090820544761577e-33
DM_RNA_6x7.59001.peg.451,0.0,-0.06999111523602887
DM_RNA_6x7.59001.peg.452,0.0,-0.04148108615392023
DM_RNA_6x7.59001.peg.464,0.0,-0.032340689575863814
DM_RNA_6x7.59001.peg.465,0.0,-0.05623220919562256
DM_RNA_6x7.59001.peg.473,0.0,0.0
DM_RNA_6x7.59001.peg.478,0.0,-0.024427079132368416
DM_RNA_6x7.59001.peg.479,0.0,-0.022454139409901253
DM_RNA_6x7.59001.peg.483,0.0,0.0
DM_RNA_6x7.59001.peg.484,0.0,-1.4323857356197937e-33
DM_RNA_6x7.59001.peg.489,0.0,-0.08074685420157497
DM_RNA_6x7.59001.peg.490,0.0,-0.25349210545973117
DM_RNA_6x7.59001.peg.496,0.0,-0.033617614735162636
DM_RNA_6x7.59001.peg.499,0.0,-0.04981845693182831
DM_RNA_6x7.59001.peg.501,0.0,0.0
DM_RNA_6x7.59001.peg.507,0.0,-0.037205722038286676
DM_RNA_6x7.59001.peg.510,0.0,-0.097848559778356
DM_RNA_6x7.59001.peg.513,0.0,-0.04629716365837579
DM_RNA_6x7.59001.peg.514,0.0,-0.03615707438360524
DM_RNA_6x7.59001.peg.516,0.0,-0.032357516623792465
DM_RNA_6x7.59001.peg.518,0.0,-0.0771433019301922
DM_RNA_6x7.59001.peg.527,0.0,-0.14111488536446237
DM_RNA_6x7.59001.peg.528,0.0,-0.053142234731448565
DM_RNA_6x7.59001.peg.529,0.0,-0.07365399982737451
DM_RNA_6x7.59001.peg.532,0.0,1.864577057104314e-33
DM_RNA_6x7.59001.peg.533,0.0,-2.600133822841015e-33
DM_RNA_6x7.59001.peg.536,0.0,-0.07570562035322269
DM_RNA_6x7.59001.peg.538,0.0,-0.10868724641878137
DM_RNA_6x7.59001.peg.539,0.0,-0.06512172965957969
DM_RNA_6x7.59001.peg.540,0.0,0.0
DM_RNA_6x7.59001.peg.542,0.0,-0.05523862014708326
DM_RNA_6x7.59001.peg.543,0.0,-0.1627265201816688
DM_RNA_6x7.59001.peg.546,0.0,-0.05473456503613732
DM_RNA_6x7.59001.peg.548,0.0,0.0
DM_RNA_6x7.59001.peg.549,0.0,1.7542849986703494e-33
DM_RNA_6x7.59001.peg.550,0.0,0.0
DM_RNA_6x7.59001.peg.551,0.0,-0.04707063586441832
DM_RNA_6x7.59001.peg.552,0.0,0.0
DM_RNA_6x7.59001.peg.553,0.0,-0.18421034535757516
DM_RNA_6x7.59001.peg.556,0.0,-0.027655257835647578
DM_RNA_6x7.59001.peg.557,0.0,0.0
DM_RNA_6x7.59001.peg.559,0.0,-0.04572652178970049
DM_RNA_6x7.59001.peg.560,0.0,-1.9656538157111848e-33
DM_RNA_6x7.59001.peg.561,0.0,-0.07418678459694265
DM_RNA_6x7.59001.peg.564,0.0,-0.040264611228387905
DM_RNA_6x7.59001.peg.567,0.0,-0.040618625924038906
DM_RNA_6x7.59001.peg.568,0.0,-0.0919674914483584
DM_RNA_6x7.59001.peg.569,0.0,-0.05642018384055718
DM_RNA_6x7.59001.peg.571,0.0,-0.08441276166801213
DM_RNA_6x7.59001.peg.577,0.0,0.0
DM_RNA_6x7.59001.peg.578,0.0,-2.625915458660102e-33
DM_RNA_6x7.59001.peg.579,0.0,-2.1002162888988374e-33
DM_RNA_6x7.59001.peg.580,0.0,0.0
DM_RNA_6x7.59001.peg.582,0.0,-0.10352448589285011
DM_RNA_6x7.59001.peg.583,0.0,-0.09838524350547953
DM_RNA_6x7.59001.peg.584,0.0,-0.028315041094046218
DM_RNA_6x7.59001.peg.587,0.0,-0.05388664847585246
DM_RNA_6x7.59001.peg.590,0.0,0.0
DM_RNA_6x7.59001.peg.591,0.0,-2.503787778399084e-33
DM_RNA_6x7.59001.peg.592,0.0,-2.071740635097713e-33
DM_RNA_6x7.59001.peg.593,0.0,0.0
DM_RNA_6x7.59001.peg.595,0.0,-2.007231895727326e-33
DM_RNA_6x7.59001.peg.596,0.0,0.0
DM_RNA_6x7.59001.peg.597,0.0,1.7739498640781555e-33
DM_RNA_6x7.59001.peg.601,0.0,-0.052510004159772625
DM_RNA_6x7.59001.peg.604,0.0,-0.15453850357942217
DM_RNA_6x7.59001.peg.608,0.0,-0.035666644744661656
DM_RNA_6x7.59001.peg.609,0.0,-0.06003814719406569
DM_RNA_6x7.59001.peg.615,0.0,-0.07877723692181335
DM_RNA_6x7.59001.peg.617,0.0,-0.15181892859179288
DM_RNA_6x7.59001.peg.618,0.0,-0.10710969785050911
DM_RNA_6x7.59001.peg.619,0.0,0.0
DM_RNA_6x7.59001.peg.621,0.0,-0.1485739374010505
DM_RNA_6x7.59001.peg.626,0.0,-0.030677318294986256
DM_RNA_6x7.59001.peg.627,0.0,-0.03781233957271478
DM_RNA_6x7.59001.peg.641,0.0,4.021618679589434e-34
DM_RNA_6x7.59001.peg.642,0.0,0.0
DM_RNA_6x7.59001.peg.643,0.0,0.0
DM_RNA_6x7.59001.peg.644,0.0,5.4626948207842956e-34
DM_RNA_6x7.59001.peg.646,0.0,0.0
DM_RNA_6x7.59001.peg.651,0.0,-4.240093499262894e-33
DM_RNA_6x7.59001.peg.659,0.0,-0.045488191157769295
DM_RNA_6x7.59001.peg.669,0.0,0.0
DM_RNA_6x7.59001.peg.677,0.0,-0.06359485531802091
DM_RNA_6x7.59001.peg.690,0.0,-0.04683301805043662
DM_RNA_6x7.59001.peg.692,0.0,-0.04586287466209838
DM_RNA_6x7.59001.peg.693,0.0,-0.04044634832445021
DM_RNA_6x7.59001.peg.694,0.0,-0.04875527582266476
DM_RNA_6x7.59001.peg.695,0.0,-0.04151158812616166
DM_RNA_6x7.59001.peg.696,0.0,-0.03167051781347408
DM_RNA_6x7.59001.peg.697,0.0,-0.06875543768275788
DM_RNA_6x7.59001.peg.699,0.0,-0.049588519678149354
DM_RNA_6x7.59001.peg.703,0.0,-0.05846474866369386
DM_RNA_6x7.59001.peg.704,0.0,-0.028275149449316556
DM_RNA_6x7.59001.peg.705,0.0,-0.04505395064769305
DM_RNA_6x7.59001.peg.706,0.0,-0.06799503017376325
DM_RNA_6x7.59001.peg.708,0.0,-0.1995003460624383
DM_RNA_6x7.59001.peg.709,0.0,-0.05488602463242209
DM_RNA_6x7.59001.peg.712,0.0,0.0
DM_RNA_6x7.59001.peg.713,0.0,0.0
DM_RNA_6x7.59001.peg.715,0.0,-0.07550448347839978
DM_RNA_6x7.59001.peg.725,0.0,-0.06553094830122479
DM_RNA_6x7.59001.peg.729,0.0,-0.2222105090813407
DM_RNA_6x7.59001.peg.733,0.0,-0.09285053052448035
DM_RNA_6x7.59001.peg.735,0.0,-0.03317654676042622
DM_RNA_6x7.59001.peg.739,0.0,-0.08324219916781782
DM_RNA_6x7.59001.peg.740,0.0,-2.738900693390795e-33
DM_RNA_6x7.59001.peg.747,0.0,-2.747443687536756e-33
DM_RNA_6x7.59001.peg.748,0.0,0.0
DM_RNA_6x7.59001.peg.751,0.0,-0.06311352424094012
DM_RNA_6x7.59001.peg.752,0.0,-0.07149953375315554
DM_RNA_6x7.59001.peg.804,0.0,-0.0714879751588154
DM_RNA_6x7.59001.peg.805,0.0,0.0
DM_RNA_6x7.59001.peg.810,0.0,-2.4266711471139166e-33
DM_RNA_6x7.59001.peg.815,0.0,2.362325772401782e-33
DM_RNA_6x7.59001.peg.851,0.0,0.0
DM_RNA_6x7.59001.peg.854,0.0,-0.05667441663526752
DM_RNA_6x7.59001.peg.856,0.0,-0.07021753663364713
DM_RNA_6x7.59001.peg.857,0.0,-0.0692256369349472
DM_RNA_6x7.59001.peg.858,0.0,0.0
DM_RNA_6x7.59001.peg.860,0.0,2.0570182003717158e-33
DM_RNA_6x7.59001.peg.866,0.0,-0.04849555134691237
DM_RNA_6x7.59001.peg.868,0.0,-2.4280188410174545e-33
DM_RNA_6x7.59001.peg.869,0.0,-2.211116544504144e-33
DM_RNA_6x7.59001.peg.875,0.0,-0.13126700982114717
DM_RNA_6x7.59001.peg.876,0.0,0.0
DM_RNA_6x7.59001.peg.878,0.0,0.0
DM_RNA_6x7.59001.peg.889,0.0,-0.050777894453381475
DM_RNA_6x7.59001.peg.910,0.0,-0.08331752511857445
DM_RNA_6x7.59001.peg.914,0.0,0.0
DM_RNA_6x7.59001.peg.916,0.0,-6.470723912023604e-34
DM_RNA_6x7.59001.peg.927,0.0,0.0
DM_RNA_6x7.59001.peg.928,0.0,-0.041421305032489586
DM_RNA_6x7.59001.peg.932,0.0,-0.07139317121818513
DM_RNA_6x7.59001.peg.934,0.0,-0.06422041761179345
DM_RNA_6x7.59001.peg.935,0.0,-0.026951170547076506
DM_RNA_6x7.59001.peg.936,0.0,-0.02402496972781733
DM_RNA_6x7.59001.peg.937,0.0,-0.055773097839727746
DM_RNA_6x7.59001.peg.938,0.0,-0.02889649497245816
DM_RNA_6x7.59001.peg.939,0.0,-0.1061321404110063
DM_RNA_6x7.59001.peg.940,0.0,-0.05159609117288025
DM_RNA_6x7.59001.peg.944,0.0,0.0
DM_RNA_6x7.59001.peg.950,0.0,-0.07426384327700486
DM_RNA_6x7.59001.peg.959,0.0,-0.09720039705677774
DM_RNA_6x7.59001.peg.963,0.0,-0.0723257204100143
DM_RNA_6x7.59001.peg.972,0.0,-0.19191953420549818
DM_RNA_6x7.59001.peg.977,0.0,-0.03153077839209355
DM_RNA_6x7.59001.peg.978,0.0,-0.11805008698290181
DM_RNA_6x7.59001.peg.982,0.0,-0.03686316661702105
DM_RNA_6x7.59001.peg.983,0.0,-0.055554612899360103
DM_RNA_6x7.59001.peg.984,0.0,-0.07426392868183823
DM_RNA_6x7.59001.peg.991,0.0,-0.09458093074093576
DM_RNA_6x7.59001.peg.996,0.0,-0.15619646781999516
DM_RNA_6x7.59001.peg.1003,0.0,-0.06530781724428263
DM_RNA_6x7.59001.peg.1005,0.0,-0.10093737938052894
DM_RNA_6x7.59001.peg.1012,0.0,-0.0666029333190216
DM_RNA_6x7.59001.peg.1015,0.0,0.0
DM_RNA_6x7.59001.peg.1016,0.0,-0.04671037223501371
DM_RNA_6x7.59001.peg.1041,0.0,0.0
DM_RNA_6x7.59001.peg.1042,0.0,0.0
DM_RNA_6x7.59001.peg.1043,0.0,-0.05946037036593301
DM_RNA_6x7.59001.peg.1044,0.0,-0.035784416958247356
DM_RNA_6x7.59001.peg.1045,0.0,-0.07332110759770015
DM_RNA_6x7.59001.peg.1047,0.0,0.0
DM_RNA_6x7.59001.peg.1053,0.0,-0.050442311039228915
DM_RNA_6x7.59001.peg.1055,0.0,-1.3881568364639164e-33
DM_RNA_6x7.59001.peg.1057,0.0,-0.0417363952674463
DM_RNA_6x7.59001.peg.1058,0.0,-0.060399028164931805
DM_RNA_6x7.59001.peg.1063,0.0,-0.06445675461390037
DM_RNA_6x7.59001.peg.1073,0.0,-0.142012044138566
DM_RNA_6x7.59001.peg.1074,0.0,0.0
DM_RNA_6x7.59001.peg.1075,0.0,0.0
DM_RNA_6x7.59001.peg.1076,0.0,-4.902274187309941e-34
DM_RNA_6x7.59001.peg.1077,0.0,0.0
DM_RNA_6x7.59001.peg.1079,0.0,-0.13033111379306342
DM_RNA_6x7.59001.peg.1082,0.0,-0.056457616081464
DM_RNA_6x7.59001.peg.1087,0.0,-0.029121567215085353
DM_RNA_6x7.59001.peg.1088,0.0,-0.0983447685981465
DM_RNA_6x7.59001.peg.1091,0.0,1.8523649574395763e-33
DM_RNA_6x7.59001.peg.1092,0.0,-8.210156061128422e-34
DM_RNA_6x7.59001.peg.1094,0.0,0.0
DM_RNA_6x7.59001.peg.1096,0.0,-0.0807198095780737
DM_RNA_6x7.59001.peg.1098,0.0,-0.06788853067640574
DM_RNA_6x7.59001.peg.1099,0.0,-0.07111382258039488
DM_RNA_6x7.59001.peg.1101,0.0,-1.88971496887955e-33
DM_RNA_6x7.59001.peg.1110,0.0,-0.03779730807777498
DM_RNA_6x7.59001.peg.1115,0.0,-0.09640149695525392
DM_RNA_6x7.59001.peg.1116,0.0,-0.05039063088186127
DM_RNA_6x7.59001.peg.1136,0.0,-0.08053415166817376
DM_RNA_6x7.59001.peg.1137,0.0,-0.11654025581921829
DM_RNA_6x7.59001.peg.1139,0.0,-0.03640537382826025
DM_RNA_6x7.59001.peg.1141,0.0,1.1777059169718194e-33
DM_RNA_6x7.59001.peg.1143,0.0,-0.07791493008738172
DM_RNA_6x7.59001.peg.1151,0.0,-0.05170694288801579
DM_RNA_6x7.59001.peg.1152,0.0,-0.05835546837620096
DM_RNA_6x7.59001.peg.1153,0.0,2.1966978272703894e-33
DM_RNA_6x7.59001.peg.1154,0.0,-0.05767672489150451
DM_RNA_6x7.59001.peg.1157,0.0,-0.059622591875944146
DM_RNA_6x7.59001.peg.1158,0.0,-0.07197203865858204
DM_RNA_6x7.59001.peg.1159,0.0,-0.06695945534590303
DM_RNA_6x7.59001.peg.1162,0.0,-0.08087335373272941
DM_RNA_6x7.59001.peg.1185,0.0,-0.0678598542636021
DM_RNA_6x7.59001.peg.1187,0.0,-0.07990371473659402
DM_RNA_6x7.59001.peg.1188,0.0,-0.06866562561492341
DM_RNA_6x7.59001.peg.1189,0.0,0.0
DM_RNA_6x7.59001.peg.1193,0.0,-0.04272479211765136
DM_RNA_6x7.59001.peg.1194,0.0,-0.05421952939050637
DM_RNA_6x7.59001.peg.1195,0.0,0.0
DM_RNA_6x7.59001.peg.1199,0.0,0.0
DM_RNA_6x7.59001.peg.1209,0.0,-0.1139972910246869
DM_RNA_6x7.59001.peg.1214,0.0,0.0
DM_RNA_6x7.59001.peg.1225,0.0,-0.025997416110890667
DM_RNA_6x7.59001.peg.1229,0.0,-0.06814049721843704
DM_RNA_6x7.59001.peg.1230,0.0,0.0
DM_RNA_6x7.59001.peg.1239,0.0,-0.070808496591504
DM_RNA_6x7.59001.peg.1248,0.0,-5.90204203139301e-34
DM_RNA_6x7.59001.peg.1297,0.0,-1.1625174059649585e-33
DM_RNA_6x7.59001.peg.1307,0.0,-0.07778689650342323
DM_RNA_6x7.59001.peg.1309,0.0,-2.1815154787301444e-33
DM_RNA_6x7.59001.peg.1312,0.0,-0.08451874727218978
DM_RNA_6x7.59001.peg.1314,0.0,0.0
DM_RNA_6x7.59001.peg.1328,0.0,-1.687548725353463e-33
DM_RNA_6x7.59001.peg.1330,0.0,1.7657737331996737e-33
DM_RNA_6x7.59001.peg.1346,0.0,-0.05393057292887637
DM_RNA_6x7.59001.peg.1347,0.0,-0.05044535690114168
DM_RNA_6x7.59001.peg.1348,0.0,6.74945256474155e-34
DM_RNA_6x7.59001.peg.1349,0.0,-0.07220729229103594
DM_RNA_6x7.59001.peg.1350,0.0,-0.061811481102685195
DM_RNA_6x7.59001.peg.1353,0.0,-0.04891807794892356
DM_RNA_6x7.59001.peg.1360,0.0,0.0
DM_RNA_6x7.59001.peg.1367,0.0,-0.03348902090605486
DM_RNA_6x7.59001.peg.1370,0.0,-0.09847871561076693
DM_RNA_6x7.59001.peg.1372,0.0,0.0
DM_RNA_6x7.59001.peg.1376,0.0,-0.07882721245473878
DM_RNA_6x7.59001.peg.1379,0.0,-0.101535236801124
DM_RNA_6x7.59001.peg.1380,0.0,0.0
DM_RNA_6x7.59001.peg.1385,0.0,-0.045170315699207104
DM_RNA_6x7.59001.peg.1386,0.0,-0.04420730329141828
DM_RNA_6x7.59001.peg.1387,0.0,-0.05771194508364172
DM_RNA_6x7.59001.peg.1389,0.0,-0.0551595132029081
DM_RNA_6x7.59001.peg.1391,0.0,-0.08200633414883407
DM_RNA_6x7.59001.peg.1393,0.0,-0.08414953055885167
DM_RNA_6x7.59001.peg.1394,0.0,-0.039798338864524774
DM_RNA_6x7.59001.peg.1395,0.0,3.210595241156177e-33
DM_RNA_6x7.59001.peg.1396,0.0,-0.03671468269222059
DM_RNA_6x7.59001.peg.1403,0.0,-0.0961693600134587
DM_RNA_6x7.59001.peg.1404,0.0,-0.06376257523692531
DM_RNA_6x7.59001.peg.1418,0.0,0.0
DM_RNA_6x7.59001.peg.1427,0.0,-0.056611290218107076
DM_RNA_6x7.59001.peg.1428,0.0,0.0
DM_RNA_6x7.59001.peg.1430,0.0,0.0
DM_RNA_6x7.59001.peg.1431,0.0,-0.0576630565112875
DM_RNA_6x7.59001.peg.1434,0.0,0.0
DM_RNA_6x7.59001.peg.1441,0.0,-0.04832490082425495
DM_RNA_6x7.59001.peg.1444,0.0,-0.05158824447605376
DM_RNA_6x7.59001.peg.1447,0.0,-0.03376978253751954
DM_RNA_6x7.59001.peg.1449,0.0,-0.1513917580816144
DM_RNA_6x7.59001.peg.1452,0.0,0.0
DM_RNA_6x7.59001.peg.1454,0.0,-0.05248713123917111
DM_RNA_6x7.59001.peg.1455,0.0,0.0
DM_RNA_6x7.59001.peg.1456,0.0,1.8758130935352507e-33
DM_RNA_6x7.59001.peg.1458,0.0,-0.08347612722374952
DM_RNA_6x7.59001.peg.1460,0.0,-5.1878438917902165e-34
DM_RNA_6x7.59001.peg.1470,0.0,-0.04597883449362425
DM_RNA_6x7.59001.peg.1471,0.0,-0.06787749263809281
DM_RNA_6x7.59001.peg.1472,0.0,-0.07832330588879423
DM_RNA_6x7.59001.peg.1473,0.0,-0.05789389794263075
DM_RNA_6x7.59001.peg.1474,0.0,-0.03619589258259634
DM_RNA_6x7.59001.peg.1475,0.0,-0.08942461938511004
DM_RNA_6x7.59001.peg.1485,0.0,-0.05006842514297145
DM_RNA_6x7.59001.peg.1486,0.0,0.0
DM_RNA_6x7.59001.peg.1487,0.0,-1.2143612971033133e-33
DM_RNA_6x7.59001.peg.1488,0.0,-0.03353941631293531
DM_RNA_6x7.59001.peg.1492,0.0,-0.14838673019330884
DM_RNA_6x7.59001.peg.1495,0.0,-0.04612298713275978
DM_RNA_6x7.59001.peg.1497,0.0,-0.04952407030927571
DM_RNA_6x7.59001.peg.1498,0.0,-0.04578053675453964
DM_RNA_6x7.59001.peg.1499,0.0,-0.0549496418570919
DM_RNA_6x7.59001.peg.1505,0.0,-0.036450471731549645
DM_RNA_6x7.59001.peg.1515,0.0,2.5983677075275343e-33
DM_RNA_6x7.59001.peg.1531,0.0,0.0
DM_RNA_6x7.59001.peg.1552,0.0,-0.22302355579661695
DM_RNA_6x7.59001.peg.1553,0.0,0.0
DM_RNA_6x7.59001.peg.1569,0.0,-6.179921549514952e-34
DM_RNA_6x7.59001.peg.1574,0.0,0.0
DM_RNA_6x7.59001.peg.1575,0.0,4.351923384754994e-34
DM_RNA_6x7.59001.peg.1579,0.0,-0.017679965242773616
DM_RNA_6x7.59001.peg.1581,0.0,-0.04101254869748217
DM_RNA_6x7.59001.peg.1582,0.0,-0.07273060930113691
DM_RNA_6x7.59001.peg.1583,0.0,-0.0496035375883957
DM_RNA_6x7.59001.peg.1594,0.0,-0.09842660159874242
DM_RNA_6x7.59001.peg.1597,0.0,1.915047294756923e-33
DM_RNA_6x7.59001.peg.1599,0.0,-0.06697423531288657
DM_RNA_6x7.59001.peg.1600,0.0,0.0
DM_RNA_6x7.59001.peg.1605,0.0,0.0
DM_RNA_6x7.59001.peg.1608,0.0,0.0
DM_RNA_6x7.59001.peg.1609,0.0,0.0
DM_RNA_6x7.59001.peg.1610,0.0,-0.07963182043711206
DM_RNA_6x7.59001.peg.1635,0.0,-0.07983557380693414
DM_RNA_6x7.59001.peg.1636,0.0,-2.7237402977490937e-33
DM_RNA_6x7.59001.peg.1638,0.0,-0.07993530142070365
DM_RNA_6x7.59001.peg.1641,0.0,-0.04114843142096512
DM_RNA_6x7.59001.peg.1646,0.0,-0.07056379370667926
DM_RNA_6x7.59001.peg.1658,0.0,-0.06293653591233493
DM_RNA_6x7.59001.peg.1665,0.0,-0.20045204596174707
DM_RNA_6x7.59001.peg.1666,0.0,-0.11583667108948102
DM_RNA_6x7.59001.peg.1669,0.0,-1.0104071437353587e-33
DM_RNA_6x7.59001.peg.1676,0.0,-0.13603548091757797
DM_RNA_6x7.59001.peg.1679,0.0,-0.05936908782176638
DM_RNA_6x7.59001.peg.1689,0.0,-0.07960067208680735
DM_RNA_6x7.59001.peg.1690,0.0,0.0
DM_RNA_6x7.59001.peg.1691,0.0,-1.920458154495415e-33
DM_RNA_6x7.59001.peg.1693,0.0,-0.04406191283780902
DM_RNA_6x7.59001.peg.1694,0.0,-0.059781038936055804
DM_RNA_6x7.59001.peg.1697,0.0,-0.13668161994268507
DM_RNA_6x7.59001.peg.1698,0.0,-0.056079879744485236
DM_RNA_6x7.59001.peg.1699,0.0,-0.01387838009076299
DM_RNA_6x7.59001.peg.1700,0.0,-0.011294263443948413
DM_RNA_6x7.59001.peg.1701,0.0,-0.026158651570768698
DM_RNA_6x7.59001.peg.1702,0.0,-0.10986313337863322
DM_RNA_6x7.59001.peg.1703,0.0,0.0
DM_RNA_6x7.59001.peg.1707,0.0,0.0
DM_RNA_6x7.59001.peg.1708,0.0,-0.0546048159087245
DM_RNA_6x7.59001.peg.1713,0.0,0.0
DM_RNA_6x7.59001.peg.1722,0.0,-0.06472196072001032
DM_RNA_6x7.59001.peg.1724,0.0,-0.07896479728044228
DM_RNA_6x7.59001.peg.1726,0.0,-2.565219556429777e-33
DM_RNA_6x7.59001.peg.1731,0.0,-0.0606272576685428
DM_RNA_6x7.59001.peg.1732,0.0,2.7729626849890812e-33
DM_RNA_6x7.59001.peg.1733,0.0,-0.06131088075970413
DM_RNA_6x7.59001.peg.1734,0.0,-0.07999693427421707
DM_RNA_6x7.59001.peg.1761,0.0,-0.08269154074510988
DM_RNA_6x7.59001.peg.1762,0.0,0.0
DM_RNA_6x7.59001.peg.1765,0.0,-0.06453314472109475
DM_RNA_6x7.59001.peg.1766,0.0,-0.049556636978692774
DM_RNA_6x7.59001.peg.1767,0.0,-0.04447966978650481
DM_RNA_6x7.59001.peg.1768,0.0,0.0
DM_RNA_6x7.59001.peg.1769,0.0,-0.06002868111320063
DM_RNA_6x7.59001.peg.1772,0.0,-0.04718092405939421
DM_RNA_6x7.59001.peg.1782,0.0,0.0
DM_RNA_6x7.59001.peg.1798,0.0,0.0
DM_RNA_6x7.59001.peg.1800,0.0,0.0
DM_RNA_6x7.59001.peg.1805,0.0,0.0
DM_RNA_6x7.59001.peg.1808,0.0,-1.5636536845450673e-33
DM_RNA_6x7.59001.peg.1811,0.0,-0.05490579693807057
DM_RNA_6x7.59001.peg.1812,0.0,-0.06501337780950328
DM_RNA_6x7.59001.peg.1813,0.0,-0.09413502586001095
DM_RNA_6x7.59001.peg.1817,0.0,-0.08251803925319574
DM_RNA_6x7.59001.peg.1842,0.0,6.036956365120612e-34
DM_RNA_6x7.59001.peg.1845,0.0,-0.007144392185689236
DM_RNA_6x7.59001.peg.1846,0.0,-0.06330190555288658
DM_RNA_6x7.59001.peg.1848,0.0,0.0
DM_RNA_6x7.59001.peg.1858,0.0,-0.07645348250418339
DM_RNA_6x7.59001.peg.1859,0.0,-0.05272426325352913
DM_RNA_6x7.59001.peg.1863,0.0,0.0
DM_RNA_6x7.59001.peg.1869,0.0,-0.031612684288027354
DM_RNA_6x7.59001.peg.1870,0.0,-0.13408055709039768
DM_RNA_6x7.59001.peg.1874,0.0,0.0
DM_RNA_6x7.59001.peg.1875,0.0,0.0
DM_RNA_6x7.59001.peg.1876,0.0,0.0
DM_RNA_6x7.59001.peg.1877,0.0,0.0
DM_RNA_6x7.59001.peg.1878,0.0,2.048534311349719e-33
DM_RNA_6x7.59001.peg.1879,0.0,0.0
DM_RNA_6x7.59001.peg.1880,0.0,0.0
DM_RNA_6x7.59001.peg.1881,0.0,0.0
DM_RNA_6x7.59001.peg.1883,0.0,0.0
DM_RNA_6x7.59001.peg.1884,0.0,0.0
DM_RNA_6x7.59001.peg.1885,0.0,0.0
DM_RNA_6x7.59001.peg.1886,0.0,0.0
DM_RNA_6x7.59001.peg.1892,0.0,6.949204543007692e-34
DM_RNA_6x7.59001.peg.1893,0.0,-0.0371128156223382
DM_RNA_6x7.59001.peg.1894,0.0,-0.07550921616957465
DM_RNA_6x7.59001.peg.1895,0.0,-0.0674685908933727
DM_RNA_6x7.59001.peg.1910,0.0,3.433536996256149e-33
DM_RNA_6x7.59001.peg.1911,0.0,0.0
DM_RNA_6x7.59001.peg.1912,0.0,-0.02010147142986601
DM_RNA_6x7.59001.peg.1919,0.0,-0.03155540288819613
DM_RNA_6x7.59001.peg.1925,0.0,-0.07160486061323423
DM_RNA_6x7.59001.peg.1926,0.0,-0.030640029987203443
DM_RNA_6x7.59001.peg.1931,0.0,-0.0777517547942733
DM_RNA_6x7.59001.peg.1936,0.0,-0.06395792724275814
DM_RNA_6x7.59001.peg.1942,0.0,-0.2011377109013402
DM_RNA_6x7.59001.peg.1945,0.0,0.0
DM_RNA_6x7.59001.peg.1952,0.0,0.0
DM_RNA_6x7.59001.peg.1957,0.0,7.462064336892616e-34
DM_RNA_6x7.59001.peg.1960,0.0,-0.041725029983297246
DM_RNA_6x7.59001.peg.1961,0.0,-0.033726513206466815
DM_RNA_6x7.59001.peg.1965,0.0,-0.0822039995507553
DM_RNA_6x7.59001.peg.1968,0.0,0.0
DM_RNA_6x7.59001.peg.1969,0.0,-0.03686706159566834
DM_RNA_6x7.59001.peg.1971,0.0,-0.046593443123872036
DM_RNA_6x7.59001.peg.1972,0.0,-0.05891427569839789
DM_RNA_6x7.59001.peg.1973,0.0,-0.013566759966590434
DM_RNA_6x7.59001.peg.1974,0.0,-0.04200177590313241
DM_RNA_6x7.59001.peg.1975,0.0,-0.053112024612958324
DM_RNA_6x7.59001.peg.1976,0.0,-0.05049290302703038
DM_RNA_6x7.59001.peg.1977,0.0,-0.05573037388653696
DM_RNA_6x7.59001.peg.1978,0.0,-0.009725585199487696
DM_RNA_6x7.59001.peg.1983,0.0,-0.05503338478225087
DM_RNA_6x7.59001.peg.1984,0.0,-0.18236689507473508
DM_RNA_6x7.59001.peg.1986,0.0,0.0
DM_RNA_6x7.59001.peg.1989,0.0,-0.09384633411337805
DM_RNA_6x7.59001.peg.1992,0.0,-2.349150461503984e-33
DM_RNA_6x7.59001.peg.1993,0.0,0.0
DM_RNA_6x7.59001.peg.1994,0.0,-0.03754488406396677
DM_RNA_6x7.59001.peg.1995,0.0,1.3406899697401342e-33
DM_RNA_6x7.59001.peg.1996,0.0,-2.2860776023547795e-33
DM_RNA_6x7.59001.peg.2037,0.0,0.0
DM_RNA_6x7.59001.peg.2038,0.0,2.707212496714139e-33
DM_RNA_6x7.59001.peg.2040,0.0,-0.04368071594694071
DM_RNA_6x7.59001.peg.2044,0.0,-0.05721081321936647
DM_RNA_6x7.59001.peg.2048,0.0,-0.09549142074112763
DM_RNA_6x7.59001.peg.2049,0.0,-0.03883823311722134
DM_RNA_6x7.59001.peg.2050,0.0,-0.07353017626629346
DM_RNA_6x7.59001.peg.2051,0.0,-0.06257594299040459
DM_RNA_6x7.59001.peg.2052,0.0,-2.073372196204459e-33
DM_RNA_6x7.59001.peg.2053,0.0,-0.10025284803501358
DM_RNA_6x7.59001.peg.2055,0.0,0.0
DM_RNA_6x7.59001.peg.2056,0.0,-0.04215985432501004
DM_RNA_6x7.59001.peg.2065,0.0,-0.04981328104780505
DM_RNA_6x7.59001.peg.2066,0.0,0.0
DM_RNA_6x7.59001.peg.2067,0.0,3.098828853095366e-33
DM_RNA_6x7.59001.peg.2068,0.0,0.0
DM_RNA_6x7.59001.peg.2069,0.0,-0.07366145417534564
DM_RNA_6x7.59001.peg.2071,0.0,6.691998988607756e-34
DM_RNA_6x7.59001.peg.2074,0.0,-0.05518374945155308
DM_RNA_6x7.59001.peg.2075,0.0,-3.471775743059212e-33
DM_RNA_6x7.59001.peg.2076,0.0,-3.45543515971945e-33
DM_RNA_6x7.59001.peg.2078,0.0,-0.01241238820791618
DM_RNA_6x7.59001.peg.2093,0.0,-0.05987204541957205
DM_RNA_6x7.59001.peg.2102,0.0,-1.5376751295475874e-33
DM_RNA_6x7.59001.peg.2104,0.0,-7.960364404483607e-34
DM_RNA_6x7.59001.peg.2105,0.0,7.382169140964104e-34
DM_RNA_6x7.59001.peg.2106,0.0,0.0
DM_RNA_6x7.59001.peg.2112,0.0,1.4699802000753318e-33
DM_RNA_6x7.59001.peg.2131,0.0,-0.06970818543550093
DM_RNA_6x7.59001.peg.2132,0.0,0.0
DM_RNA_6x7.59001.peg.2138,0.0,-0.07541190437814832
DM_RNA_6x7.59001.peg.2142,0.0,0.0
DM_RNA_6x7.59001.peg.2143,0.0,2.6037572665515277e-33
DM_RNA_6x7.59001.peg.2144,0.0,2.0865787822536784e-33
DM_RNA_6x7.59001.peg.2145,0.0,-0.06138030793576569
DM_RNA_6x7.59001.peg.2146,0.0,0.0
DM_RNA_6x7.59001.peg.2147,0.0,0.0
DM_RNA_6x7.59001.peg.2149,0.0,-0.036000508310304304
DM_RNA_6x7.59001.peg.2150,0.0,-0.06631428589699413
DM_RNA_6x7.59001.peg.2151,0.0,-0.14135498316133763
DM_RNA_6x7.59001.peg.2154,0.0,-0.07137928704547629
DM_RNA_6x7.59001.peg.2156,0.0,0.0
DM_RNA_6x7.59001.peg.2157,0.0,0.0
DM_RNA_6x7.59001.peg.2164,0.0,-0.012184131431754118
DM_RNA_6x7.59001.peg.2165,0.0,-0.06855157690243571
DM_RNA_6x7.59001.peg.2166,0.0,-0.09743983348043034
DM_RNA_6x7.59001.peg.2167,0.0,-0.053869266087496114
DM_RNA_6x7.59001.peg.2168,0.0,-0.06523397356041057
DM_RNA_6x7.59001.peg.2173,0.0,-0.04243437820394468
DM_RNA_6x7.59001.peg.2176,0.0,-0.05315199319587004
DM_RNA_6x7.59001.peg.2179,0.0,-0.040477342283630806
DM_RNA_6x7.59001.peg.2182,0.0,-0.016172624263120456
DM_RNA_6x7.59001.peg.2187,0.0,-0.07370755227225535
DM_RNA_6x7.59001.peg.2189,0.0,0.0
DM_RNA_6x7.59001.peg.2201,0.0,0.0
DM_RNA_6x7.59001.peg.2203,0.0,0.0
DM_RNA_6x7.59001.peg.2204,0.0,-0.06420239132729977
DM_RNA_6x7.59001.peg.2206,0.0,-3.925829710756037e-33
DM_RNA_6x7.59001.peg.2215,0.0,-0.069814555684334
DM_RNA_6x7.59001.peg.2216,0.0,-0.05864872719598301
DM_RNA_6x7.59001.peg.2219,0.0,-0.08050105510717387
DM_RNA_6x7.59001.peg.2220,0.0,-0.05573047218182891
DM_RNA_6x7.59001.peg.2221,0.0,-0.0489975684185224
DM_RNA_6x7.59001.peg.2223,0.0,-0.09616818113832923
DM_RNA_6x7.59001.peg.2224,0.0,-0.07612623987903988
DM_RNA_6x7.59001.peg.2229,0.0,0.0
DM_RNA_6x7.59001.peg.2232,0.0,0.0
DM_RNA_6x7.59001.peg.2237,0.0,4.128059541797371e-33
DM_RNA_6x7.59001.peg.2239,-2.1724923074351656e-30,0.0
DM_RNA_6x7.59001.peg.2240,-2.1724923074351656e-30,0.0
DM_RNA_6x7.59001.peg.2241,-2.1724923074351656e-30,3.443628334630358e-33
DM_RNA_6x7.59001.peg.2242,-2.1724923074351656e-30,0.0
DM_RNA_6x7.59001.peg.2243,-2.1724923074351656e-30,0.0
DM_RNA_6x7.59001.peg.2244,-2.1724923074351656e-30,0.0
DM_RNA_6x7.59001.peg.2245,-2.1724923074351656e-30,-1.9329269019968982e-33
DM_RNA_6x7.59001.peg.2246,-2.1724923074351656e-30,0.0
DM_RNA_6x7.59001.peg.2247,-2.1724923074351656e-30,2.464251929845608e-33
DM_RNA_6x7.59001.peg.2248,-2.1724923074351656e-30,-5.146245128030056e-34
DM_RNA_6x7.59001.peg.2249,-2.1724923074351656e-30,0.0
DM_RNA_6x7.59001.peg.2250,-2.1724923074351656e-30,0.0
DM_RNA_6x7.59001.peg.2251,-2.1724923074351656e-30,0.0
DM_RNA_6x7.59001.peg.2257,0.0,0.0
DM_RNA_6x7.59001.peg.2263,0.0,2.2630813024526163e-33
DM_RNA_6x7.59001.peg.2264,0.0,-0.12037038136678459
DM_RNA_6x7.59001.peg.2273,0.0,0.0
DM_RNA_6x7.59001.peg.2274,0.0,-0.08662425955656405
DM_RNA_6x7.59001.peg.2277,0.0,-0.07294117636823787
DM_RNA_6x7.59001.peg.2278,0.0,-0.051943277303965
DM_RNA_6x7.59001.peg.2280,0.0,0.0
DM_RNA_6x7.59001.peg.2282,0.0,-0.06469271308449165
DM_RNA_6x7.59001.peg.2286,0.0,-0.06789160565818185
DM_RNA_6x7.59001.peg.2287,0.0,-0.1152142193339993
DM_RNA_6x7.59001.peg.2310,0.0,-0.06218725668562771
DM_RNA_6x7.59001.peg.2311,0.0,-0.05514787733293121
DM_RNA_6x7.59001.peg.2315,0.0,-0.07458675885167824
DM_RNA_6x7.59001.peg.2344,0.0,-0.2036499849457583
DM_RNA_6x7.59001.peg.2367,0.0,1.6600757019218594e-33
DM_RNA_6x7.59001.peg.2372,0.0,-0.06606921627658856
DM_RNA_6x7.59001.peg.2386,0.0,0.0
DM_RNA_6x7.59001.peg.2391,0.0,0.0
DM_RNA_6x7.59001.peg.2393,0.0,-0.006653191943631317
DM_RNA_6x7.59001.peg.2394,0.0,0.0
DM_RNA_6x7.59001.peg.2395,0.0,-0.059760314853127355
DM_RNA_6x7.59001.peg.2396,0.0,0.0
DM_RNA_6x7.59001.peg.2405,0.0,-1.969833897064393e-33
DM_RNA_6x7.59001.peg.2406,0.0,-0.05918903571193425
DM_RNA_6x7.59001.peg.2407,0.0,-0.06587705779108433
DM_RNA_6x7.59001.peg.2408,0.0,0.0
DM_RNA_6x7.59001.peg.2410,0.0,0.0
DM_RNA_6x7.59001.peg.2411,0.0,-2.0840682476520002e-33
DM_RNA_6x7.59001.peg.2420,0.0,0.0
DM_RNA_6x7.59001.peg.2421,0.0,0.0
DM_RNA_6x7.59001.peg.2422,0.0,-0.0499026354208792
DM_RNA_6x7.59001.peg.2423,0.0,-0.06686109108916538
DM_RNA_6x7.59001.peg.2424,0.0,-0.06934100710323367
DM_RNA_6x7.59001.peg.2425,0.0,-0.16026092781324833
DM_RNA_6x7.59001.peg.2426,0.0,-0.04098961444911171
DM_RNA_6x7.59001.peg.2427,0.0,-0.10085452349607382
DM_RNA_6x7.59001.peg.2428,0.0,-0.02006547967816803
DM_RNA_6x7.59001.peg.2429,0.0,-0.0224266923755528
DM_RNA_6x7.59001.peg.2430,0.0,-0.07284094782534589
DM_RNA_6x7.59001.peg.2442,0.0,-0.09695749177163152
DM_RNA_6x7.59001.peg.2443,0.0,0.0
DM_RNA_6x7.59001.peg.2444,0.0,0.0
DM_RNA_6x7.59001.peg.2447,0.0,-0.09358941314698836
DM_RNA_6x7.59001.peg.2453,0.0,4.46178593824487e-33
DM_RNA_6x7.59001.peg.2457,0.0,-0.09505155042751803
DM_RNA_6x7.59001.peg.2458,0.0,-0.11605917515028531
DM_RNA_6x7.59001.peg.2459,0.0,-0.04550046557319505
DM_RNA_6x7.59001.peg.2460,0.0,-0.06553868674019359
DM_RNA_6x7.59001.peg.2465,0.0,-0.09441327146094765
DM_RNA_6x7.59001.peg.2466,0.0,0.0
DM_RNA_6x7.59001.peg.2474,0.0,0.0
DM_RNA_6x7.59001.peg.2475,0.0,0.0
DM_RNA_6x7.59001.peg.2476,0.0,0.0
DM_RNA_6x7.59001.peg.2477,0.0,0.0
DM_RNA_6x7.59001.peg.2478,0.0,-0.054829273682967396
DM_RNA_6x7.59001.peg.2480,0.0,-0.1465968504487564
DM_RNA_6x7.59001.peg.2482,0.0,1.1115252534348486e-33
DM_RNA_6x7.59001.peg.2483,0.0,7.170576149783966e-34
DM_RNA_6x7.59001.peg.2496,0.0,0.0
DM_RNA_6x7.59001.peg.2502,0.0,1.5823128587709506e-33
DM_RNA_6x7.59001.peg.2504,0.0,-2.292355205151049e-33
DM_RNA_6x7.59001.peg.2506,0.0,2.8172515434316453e-33
DM_RNA_6x7.59001.peg.2523,0.0,-4.250911421256322e-33
DM_RNA_6x7.59001.peg.2529,0.0,-0.019925716100199355
DM_RNA_6x7.59001.peg.2530,0.0,-2.4176242014670625e-33
DM_RNA_6x7.59001.peg.2533,0.0,-0.0741300169678016
DM_RNA_6x7.59001.peg.2535,0.0,-0.04964289871288795
DM_RNA_6x7.59001.peg.2537,0.0,-0.07913487518225189
DM_RNA_6x7.59001.peg.2540,0.0,-5.835283775589143e-34
DM_RNA_6x7.59001.peg.2541,0.0,-2.0615054639948794e-33
DM_RNA_6x7.59001.peg.2547,0.0,-0.04218847678645278
DM_RNA_6x7.59001.peg.2549,-9.93584415691638e-31,0.0
DM_RNA_6x7.59001.peg.2551,0.0,-0.07393194366088507
DM_RNA_6x7.59001.peg.2552,0.0,-0.09346241582792482
DM_RNA_6x7.59001.peg.2554,0.0,-0.1281835099023247
DM_RNA_6x7.59001.peg.2555,0.0,-0.0724763158186194
DM_RNA_6x7.59001.peg.2558,0.0,-0.021374043965715704
DM_RNA_6x7.59001.peg.2559,0.0,0.0
DM_RNA_6x7.59001.peg.2561,0.0,-0.051636624771865945
DM_RNA_6x7.59001.peg.2562,0.0,-0.03892376646766421
DM_RNA_6x7.59001.peg.2568,0.0,-0.03298236000580127
DM_RNA_6x7.59001.peg.2569,0.0,-0.07880759062631006
DM_RNA_6x7.59001.peg.2572,0.0,-0.021884641707198286
DM_RNA_6x7.59001.peg.2576,0.0,-0.03306840818654483
DM_RNA_6x7.59001.peg.2577,0.0,-0.04992974680667622
DM_RNA_6x7.59001.peg.2610,0.0,0.0
DM_RNA_6x7.59001.peg.2620,0.0,-0.0872585143056256
DM_RNA_6x7.59001.peg.2621,0.0,-0.03985856817809435
DM_RNA_6x7.59001.peg.2622,0.0,-0.0490490690620686
DM_RNA_6x7.59001.peg.2624,0.0,-0.019748895910197163
DM_RNA_6x7.59001.peg.2626,0.0,-0.0729835005359672
DM_RNA_6x7.59001.peg.2627,0.0,-0.047479666248333934
DM_RNA_6x7.59001.peg.2635,0.0,-0.08995660246453445
DM_RNA_6x7.59001.peg.2636,0.0,0.0
DM_RNA_6x7.59001.peg.2644,0.0,-0.0824907522169464
DM_RNA_6x7.59001.peg.2650,0.0,-0.0729674630561
DM_RNA_6x7.59001.peg.2651,0.0,-0.06427439504867147
DM_RNA_6x7.59001.peg.2654,0.0,-0.0706133724766049
DM_RNA_6x7.59001.peg.2655,0.0,-0.024560771115300802
DM_RNA_6x7.59001.peg.2657,0.0,0.0
DM_RNA_6x7.59001.peg.2662,0.0,-0.018643450038517598
DM_RNA_6x7.59001.peg.2668,0.0,0.0
DM_RNA_6x7.59001.peg.2670,0.0,-0.07163930468820662
DM_RNA_6x7.59001.peg.2671,0.0,0.0
DM_RNA_6x7.59001.peg.2675,0.0,-1.4674052501551273e-33
DM_RNA_6x7.59001.peg.2680,0.0,-0.048035877466532366
DM_RNA_6x7.59001.peg.2684,0.0,0.0
DM_RNA_6x7.59001.peg.2685,0.0,-2.0692616714312563e-33
DM_RNA_6x7.59001.peg.2686,0.0,0.0
DM_RNA_6x7.59001.peg.2696,0.0,-0.019918373458121075
DM_RNA_6x7.59001.peg.2697,0.0,-0.04383542009130246
DM_RNA_6x7.59001.peg.2698,0.0,-0.031378493478882184
DM_RNA_6x7.59001.peg.2699,0.0,-0.010809181930673279
DM_RNA_6x7.59001.peg.2703,0.0,-0.0293956226543401
DM_RNA_718251.5.peg.2703,0.0,0.0
DM_RNA_6x7.59001.peg.2704,0.0,-0.08921014229904944
DM_RNA_6x7.59001.peg.2708,0.0,-0.15020220570973428
DM_RNA_6x7.59001.peg.2716,0.0,-2.9363159607770915e-33
DM_RNA_6x7.59001.peg.2717,0.0,2.5159048326449044e-33
DM_RNA_6x7.59001.peg.2725,0.0,0.0
DM_RNA_6x7.59001.peg.2727,0.0,-0.027148292463058492
DM_RNA_6x7.59001.peg.2728,0.0,-0.04180097462797014
DM_RNA_6x7.59001.peg.2735,0.0,-0.08169433616641084
DM_RNA_6x7.59001.peg.2740,0.0,0.0
DM_RNA_6x7.59001.peg.2741,0.0,-0.1089349624734862
DM_RNA_6x7.59001.peg.2742,0.0,0.0
DM_RNA_6x7.59001.peg.2743,0.0,0.0
DM_RNA_6x7.59001.peg.2744,0.0,0.0
DM_RNA_6x7.59001.peg.2745,0.0,0.0
DM_RNA_6x7.59001.peg.2748,0.0,0.0
DM_RNA_6x7.59001.peg.2749,0.0,-0.02391812183919001
DM_RNA_6x7.59001.peg.2750,0.0,-0.09524461059803019
DM_RNA_6x7.59001.peg.2760,0.0,-0.07381122580323414
DM_RNA_6x7.59001.peg.2763,0.0,0.0
DM_RNA_6x7.59001.peg.2768,0.0,-0.05272590064014362
DM_RNA_6x7.59001.peg.2772,0.0,-0.08632208188647363
DM_RNA_6x7.59001.peg.2773,0.0,-0.05037733688715174
DM_RNA_6x7.59001.peg.2782,0.0,-0.04724729173995869
DM_RNA_6x7.59001.peg.2786,0.0,-0.08147651850665434
DM_RNA_6x7.59001.peg.2788,0.0,-0.16478044365420036
DM_RNA_6x7.59001.peg.2789,0.0,-0.022611964520988764
DM_RNA_6x7.59001.peg.2790,0.0,-0.06455637384567811
DM_RNA_6x7.59001.peg.2792,0.0,0.0
DM_RNA_6x7.59001.peg.2793,0.0,-0.06767809589961644
DM_RNA_6x7.59001.peg.2797,0.0,-0.03558845477942283
DM_RNA_6x7.59001.peg.2798,0.0,-0.0708731563183427
DM_RNA_6x7.59001.peg.2799,0.0,-0.03782175414491698
DM_RNA_6x7.59001.peg.2804,0.0,-0.06118670768812154
DM_RNA_6x7.59001.peg.2805,0.0,-0.06632726286098184
DM_RNA_6x7.59001.peg.2806,0.0,-0.058773569092982
DM_RNA_6x7.59001.peg.2807,0.0,-0.11347172527555002
DM_RNA_6x7.59001.peg.2809,0.0,3.2526564528785256e-33
DM_RNA_6x7.59001.peg.2810,0.0,1.7600440522040875e-33
DM_RNA_6x7.59001.peg.2811,0.0,-3.59087493380398e-33
DM_RNA_6x7.59001.peg.2813,0.0,-0.06554305445391345
DM_RNA_6x7.59001.peg.2814,0.0,-0.08151159600903343
DM_RNA_6x7.59001.peg.2821,0.0,0.0
DM_RNA_6x7.59001.peg.2825,0.0,-0.05601715499504612
DM_RNA_6x7.59001.peg.2827,0.0,-0.0658010774614823
DM_RNA_6x7.59001.peg.2830,0.0,0.0
DM_RNA_6x7.59001.peg.2831,0.0,-0.04165282818509013
DM_RNA_6x7.59001.peg.2833,0.0,-0.0818130747526896
DM_RNA_6x7.59001.peg.2834,0.0,0.0
DM_RNA_6x7.59001.peg.2841,0.0,0.0
DM_RNA_6x7.59001.peg.2842,0.0,0.0
DM_RNA_6x7.59001.peg.2847,0.0,-7.577808670514644e-34
DM_RNA_6x7.59001.peg.2848,0.0,3.1972604930586576e-33
DM_RNA_6x7.59001.peg.2849,0.0,0.0
DM_RNA_6x7.59001.peg.2851,0.0,-0.058136984931747786
DM_RNA_6x7.59001.peg.2852,0.0,-0.0663960161634457
DM_RNA_6x7.59001.peg.2853,0.0,-0.07453751321938945
DM_RNA_6x7.59001.peg.2854,0.0,0.0
DM_RNA_6x7.59001.peg.2859,0.0,2.531874238308041e-33
DM_RNA_6x7.59001.peg.2860,0.0,0.0
DM_RNA_6x7.59001.peg.2872,0.0,-0.10350120105878002
DM_RNA_6x7.59001.peg.2929,0.0,-0.08594997020542086
DM_RNA_6x7.59001.peg.2931,0.0,-0.16199674039544612
DM_RNA_6x7.59001.peg.2936,0.0,-0.0808653666254806
DM_RNA_6x7.59001.peg.2939,0.0,-2.5372832516683853e-33
DM_RNA_6x7.59001.peg.2942,0.0,0.0
DM_RNA_6x7.59001.peg.2945,0.0,-0.07229558211166398
DM_RNA_6x7.59001.peg.2946,0.0,-0.09411709467532255
DM_RNA_6x7.59001.peg.2947,0.0,-0.07736162742159153
DM_RNA_6x7.59001.peg.2948,0.0,-0.06123828969365703
DM_RNA_6x7.59001.peg.2956,0.0,0.0
DM_RNA_6x7.59001.peg.2965,0.0,-0.08397514482406758
DM_RNA_6x7.59001.peg.2976,0.0,-0.02570037302267982
DM_RNA_6x7.59001.peg.2977,0.0,-0.026436912118516467
DM_RNA_6x7.59001.peg.2978,0.0,-0.07672251678634931
DM_RNA_6x7.59001.peg.2980,0.0,-0.08319869554519531
DM_RNA_6x7.59001.peg.2981,0.0,-0.050198110837372044
DM_RNA_6x7.59001.peg.2984,0.0,1.8898394353532453e-33
DM_RNA_6x7.59001.peg.2996,0.0,0.0
DM_RNA_6x7.59001.peg.3014,0.0,-0.032010357497665065
DM_RNA_6x7.59001.peg.3018,0.0,-0.06907110276255743
DM_RNA_6x7.59001.peg.3019,0.0,0.0
DM_RNA_6x7.59001.peg.3021,0.0,-0.05316630441692858
DM_RNA_6x7.59001.peg.3026,0.0,-0.04684552473171248
DM_RNA_6x7.59001.peg.3031,0.0,-0.029465904951763836
DM_RNA_6x7.59001.peg.3032,0.0,-0.05406942308017561
DM_RNA_6x7.59001.peg.3033,0.0,-0.07349641466536704
DM_RNA_6x7.59001.peg.3034,0.0,0.0
DM_RNA_6x7.59001.peg.3035,0.0,-0.08267720858391983
DM_RNA_6x7.59001.peg.3039,0.0,-0.022097792849716795
DM_RNA_6x7.59001.peg.3040,0.0,-0.056538147720679464
DM_RNA_6x7.59001.peg.3041,0.0,-0.03549106735337836
DM_RNA_6x7.59001.peg.3042,0.0,-0.0203544317552188
DM_RNA_6x7.59001.peg.3044,0.0,-0.015663572093120144
DM_RNA_6x7.59001.peg.3045,0.0,-0.010297612843559534
DM_RNA_6x7.59001.peg.3046,0.0,-0.028655514409301606
DM_RNA_6x7.59001.peg.3047,0.0,-0.020149074508607225
DM_RNA_6x7.59001.peg.3048,0.0,-0.030555752459734877
DM_RNA_6x7.59001.peg.3049,0.0,-0.022440698777158336
DM_RNA_6x7.59001.peg.3050,0.0,-0.01745202596320252
DM_RNA_6x7.59001.peg.3051,0.0,-0.03077959623146244
DM_RNA_6x7.59001.peg.3052,0.0,-0.01796717046635726
DM_RNA_6x7.59001.peg.3053,0.0,-0.0212606127134412
DM_RNA_6x7.59001.peg.3054,0.0,-0.014528779334183636
DM_RNA_6x7.59001.peg.3055,0.0,-0.01099497981575914
DM_RNA_6x7.59001.peg.3056,0.0,-0.02347930988104826
DM_RNA_6x7.59001.peg.3057,0.0,-0.040075623761585855
DM_RNA_6x7.59001.peg.3058,0.0,-0.018966064811874007
DM_RNA_6x7.59001.peg.3060,0.0,-0.047025210288651635
DM_RNA_6x7.59001.peg.3061,0.0,-0.017227819800177673
DM_RNA_6x7.59001.peg.3062,0.0,-0.01766942013818344
DM_RNA_6x7.59001.peg.3063,0.0,-0.034183825670426445
DM_RNA_6x7.59001.peg.3064,0.0,-0.017754372639155795
DM_RNA_6x7.59001.peg.3065,0.0,-0.06751246991222228
DM_RNA_6x7.59001.peg.3066,0.0,-0.12023920295235657
DM_RNA_6x7.59001.peg.3067,0.0,-0.02685105524628746
DM_RNA_6x7.59001.peg.3068,0.0,-0.021366545466164098
DM_RNA_6x7.59001.peg.3081,0.0,-0.0696432185260349
DM_RNA_6x7.59001.peg.3083,0.0,-0.032928921332828584
DM_RNA_6x7.59001.peg.3086,0.0,0.0
DM_RNA_6x7.59001.peg.3087,0.0,0.0
DM_RNA_6x7.59001.peg.3088,0.0,-0.07901979060087748
DM_RNA_6x7.59001.peg.3089,0.0,-0.05749122302176565
DM_RNA_6x7.59001.peg.3090,0.0,-0.039497560207406884
DM_RNA_6x7.59001.peg.3091,0.0,-0.03886410682234163
DM_RNA_6x7.59001.peg.3094,0.0,-0.06234523948755764
DM_RNA_6x7.59001.peg.3095,0.0,-0.02754429295793282
DM_RNA_6x7.59001.peg.3101,0.0,-0.14575110028974622
DM_RNA_6x7.59001.peg.3111,0.0,0.0
DM_RNA_6x7.59001.peg.3114,0.0,-0.02713122586205809
DM_RNA_6x7.59001.peg.3117,0.0,-0.13197904282563674
DM_RNA_6x7.59001.peg.3123,0.0,0.0
DM_RNA_6x7.59001.peg.3128,0.0,-1.793015075225745e-33
DM_RNA_6x7.59001.peg.3129,0.0,-0.03912618193896208
DM_RNA_6x7.59001.peg.3134,0.0,-0.03466857004889857
DM_RNA_6x7.59001.peg.3136,0.0,-0.13650376415138998
DM_RNA_6x7.59001.peg.3137,0.0,-0.11907110622705573
DM_RNA_6x7.59001.peg.3138,0.0,0.0
DM_RNA_6x7.59001.peg.3141,0.0,-0.07279863926802976
DM_RNA_6x7.59001.peg.3142,0.0,-0.08163817718909656
DM_RNA_6x7.59001.peg.3143,0.0,-0.13935934503818223
DM_RNA_6x7.59001.peg.3144,0.0,-0.08638329995450901
DM_RNA_6x7.59001.peg.3147,0.0,0.0
DM_RNA_6x7.59001.peg.3149,0.0,-1.4805959053171955e-33
DM_RNA_6x7.59001.peg.3150,0.0,0.0
DM_RNA_6x7.59001.peg.3151,0.0,1.7108389591909906e-33
DM_RNA_6x7.59001.peg.3152,0.0,-0.050847158975325324
DM_RNA_6x7.59001.peg.3153,0.0,0.0
DM_RNA_6x7.59001.peg.3155,0.0,-0.06532853871042053
DM_RNA_6x7.59001.peg.3161,0.0,-0.10075626416848708
DM_RNA_6x7.59001.peg.3162,0.0,-0.034796685881431845
DM_RNA_6x7.59001.peg.3168,0.0,-0.04741284226575958
DM_RNA_6x7.59001.peg.3169,0.0,-0.1746328256763587
DM_RNA_6x7.59001.peg.3170,0.0,-0.03086004651835152
DM_RNA_6x7.59001.peg.3171,0.0,-0.13711514787177265
DM_RNA_6x7.59001.peg.3172,0.0,-0.05423882198068248
DM_RNA_6x7.59001.peg.3173,0.0,-0.03757213753985586
DM_RNA_6x7.59001.peg.3176,-6.248128301446945e-31,0.0
DM_RNA_6x7.59001.peg.3177,0.0,-0.06304312387621555
DM_RNA_6x7.59001.peg.3180,0.0,-0.08282432577186973
DM_RNA_6x7.59001.peg.3186,0.0,-0.07683294781454311
DM_RNA_6x7.59001.peg.3192,0.0,-0.05661647193373317
DM_RNA_6x7.59001.peg.3194,0.0,0.0
DM_RNA_6x7.59001.peg.3200,0.0,-2.4974071942176964e-33
DM_RNA_6x7.59001.peg.3203,0.0,0.0
DM_RNA_6x7.59001.peg.3206,0.0,-0.04401764024178347
DM_RNA_6x7.59001.peg.3209,0.0,-1.735121248793854e-33
DM_RNA_6x7.59001.peg.3226,0.0,-0.09282431480940063
DM_RNA_6x7.59001.peg.3232,0.0,-0.046596350180365745
DM_RNA_6x7.59001.peg.3233,0.0,-0.029987459641444274
DM_RNA_6x7.59001.peg.3242,0.0,-0.13982577785741857
DM_RNA_6x7.59001.peg.3243,0.0,-0.06649280527691176
DM_RNA_6x7.59001.peg.3245,0.0,-0.012098365285655827
DM_RNA_6x7.59001.peg.3246,0.0,-0.12478585843709145
DM_RNA_6x7.59001.peg.3251,0.0,-0.05230274250264843
DM_RNA_6x7.59001.peg.3254,0.0,-0.048036183038774
DM_RNA_6x7.59001.peg.3255,0.0,-0.085618903872639
DM_RNA_6x7.59001.peg.3256,0.0,-0.05753677872297945
DM_RNA_6x7.59001.peg.3259,0.0,-0.04259375980552659
DM_RNA_6x7.59001.peg.3262,0.0,-0.04341952252999855
DM_RNA_6x7.59001.peg.3263,0.0,-0.05516548159793086
DM_RNA_6x7.59001.peg.3268,0.0,-0.02672751406696912
DM_RNA_6x7.59001.peg.3269,0.0,0.0
DM_RNA_6x7.59001.peg.3270,0.0,-1.9175219795125874e-33
DM_RNA_6x7.59001.peg.3271,0.0,-0.026374376583253145
DM_RNA_6x7.59001.peg.3274,0.0,-0.08780788460826724
DM_RNA_6x7.59001.peg.3279,0.0,1.5359241401107938e-33
DM_RNA_6x7.59001.peg.3280,0.0,-0.1056459647837353
DM_RNA_6x7.59001.peg.3282,0.0,0.0
DM_RNA_6x7.59001.peg.3288,0.0,-0.08336516874667077
DM_RNA_6x7.59001.peg.3291,0.0,-0.08254178427735298
DM_RNA_6x7.59001.peg.3292,0.0,-0.07931238849771834
DM_RNA_6x7.59001.peg.3293,0.0,-0.06972928253051208
DM_RNA_6x7.59001.peg.3294,0.0,-0.0444123815747371
DM_RNA_6x7.59001.peg.3295,0.0,-0.05873603912688412
DM_RNA_6x7.59001.peg.3296,0.0,-0.0653314720733562
DM_RNA_6x7.59001.peg.3297,0.0,-0.14976876758403657
DM_RNA_6x7.59001.peg.3298,0.0,-0.05157273608444556
DM_RNA_6x7.59001.peg.3306,0.0,-0.07995448138776859
DM_RNA_6x7.59001.peg.3311,0.0,-0.07871499569266208
DM_RNA_6x7.59001.peg.3315,0.0,-0.05233724904452383
DM_RNA_6x7.59001.peg.3324,0.0,-0.05320451352778887
DM_RNA_6x7.59001.peg.3325,0.0,-0.050599972578980384
DM_RNA_6x7.59001.peg.3326,0.0,-0.056362596338679016
DM_RNA_6x7.59001.peg.3327,0.0,-0.08624363356226335
DM_RNA_6x7.59001.peg.3328,0.0,-0.02411217750225858
DM_RNA_6x7.59001.peg.3332,0.0,-0.05696190841187246
DM_RNA_6x7.59001.peg.3336,0.0,-0.03556074916311953
DM_RNA_6x7.59001.peg.3337,0.0,-0.014813667030715951
DM_RNA_6x7.59001.peg.3338,0.0,-0.047091642849251866
DM_RNA_6x7.59001.peg.3339,0.0,-0.013895558001647922
DM_RNA_6x7.59001.peg.3340,0.0,-0.026827767682599955
DM_RNA_6x7.59001.peg.3341,0.0,-0.030626487110893368
DM_RNA_6x7.59001.peg.3342,0.0,-0.08805499051416313
DM_RNA_6x7.59001.peg.3343,0.0,-0.04926846067168933
DM_RNA_6x7.59001.peg.3344,0.0,-0.07912824578476428
DM_RNA_6x7.59001.peg.3345,0.0,-0.024035293565093138
DM_RNA_6x7.59001.peg.3346,0.0,-0.07553693268984486
DM_RNA_6x7.59001.peg.3347,0.0,-0.10486416675482052
DM_RNA_6x7.59001.peg.3349,0.0,0.0
DM_RNA_6x7.59001.peg.3350,0.0,-0.056060338129248835
DM_RNA_6x7.59001.peg.3351,0.0,1.7447110004886413e-33
DM_RNA_6x7.59001.peg.3352,0.0,1.4978789003822484e-33
DM_RNA_6x7.59001.peg.3355,0.0,-0.10106173583468456
DM_RNA_6x7.59001.peg.3356,0.0,-0.07709694468229437
DM_RNA_6x7.59001.peg.3362,0.0,-0.09231538574521964
DM_RNA_6x7.59001.peg.3363,0.0,-0.014052872230710048
DM_RNA_6x7.59001.peg.3364,0.0,-0.008014931898389614
DM_RNA_ETAF_RS00415,0.0,-0.004531011825894244
DM_RNA_ETAF_RS00420,0.0,-0.00451315794100826
DM_RNA_ETAF_RS00425,0.0,-0.005135176480710073
DM_RNA_ETAF_RS00430,0.0,-0.0045553877026076675
DM_RNA_ETAF_RS00675,0.0,-0.08840398529414997
DM_RNA_ETAF_RS00680,0.0,-0.004449514107389514
DM_RNA_ETAF_RS00685,0.0,-0.16639183464289428
DM_RNA_ETAF_RS00690,0.0,-0.00675111731865342
DM_RNA_ETAF_RS00715,0.0,-0.004466629194591131
DM_RNA_ETAF_RS00720,0.0,-0.004952581305844715
DM_RNA_ETAF_RS00725,0.0,-0.004413773575741167
DM_RNA_ETAF_RS00730,0.0,-0.004496753298919052
DM_RNA_ETAF_RS00830,0.0,-0.08840398529414997
DM_RNA_ETAF_RS00835,0.0,-0.004449514107389514
DM_RNA_ETAF_RS00840,0.0,-0.16639183464289428
DM_RNA_ETAF_RS00845,0.0,-0.00675111731865342
DM_RNA_ETAF_RS01135,0.0,-0.004480749715222294
DM_RNA_ETAF_RS01345,0.0,-0.004480749715222294
DM_RNA_ETAF_RS01535,0.0,-0.004496382797750766
DM_RNA_ETAF_RS01540,0.0,-0.004496382797750766
DM_RNA_ETAF_RS01545,0.0,-0.004496382797750766
DM_RNA_ETAF_RS01840,0.0,-0.005134605450345562
DM_RNA_ETAF_RS01845,0.0,-0.004508889513414702
DM_RNA_ETAF_RS02080,0.0,-0.004459198433107263
DM_RNA_ETAF_RS02190,0.0,-0.005135176480710073
DM_RNA_ETAF_RS02195,0.0,-0.005143178272558452
DM_RNA_ETAF_RS02200,0.0,-0.005143178272558452
DM_RNA_ETAF_RS02590,0.0,-0.08840398529414997
DM_RNA_ETAF_RS02595,0.0,-0.004449514107389514
DM_RNA_ETAF_RS02600,0.0,-0.16639183464289428
DM_RNA_ETAF_RS02605,0.0,-0.00675111731865342
DM_RNA_ETAF_RS03355,0.0,-0.004508889513414702
DM_RNA_ETAF_RS03360,0.0,-0.004508889513414702
DM_RNA_ETAF_RS03365,0.0,-0.004508889513414702
DM_RNA_ETAF_RS03775,0.0,-0.004483574309820686
DM_RNA_ETAF_RS05355,0.0,-0.0044567443396771565
DM_RNA_ETAF_RS05360,0.0,-0.004491776630865291
DM_RNA_ETAF_RS05365,0.0,-0.004464746131525536
DM_RNA_ETAF_RS05370,0.0,-0.004464746131525536
DM_RNA_ETAF_RS05375,0.0,-0.004465687663058333
DM_RNA_ETAF_RS05380,0.0,-0.004464746131525536
DM_RNA_ETAF_RS05385,0.0,-0.004465687663058333
DM_RNA_ETAF_RS05400,0.0,-0.004480178684857783
DM_RNA_ETAF_RS05405,0.0,-0.0018800557387565727
DM_RNA_ETAF_RS05410,0.0,-0.0018800557387565727
DM_RNA_ETAF_RS05415,0.0,-0.0018800557387565727
DM_RNA_ETAF_RS05695,0.0,-0.004498265860816361
DM_RNA_ETAF_RS05700,0.0,-0.004498265860816361
DM_RNA_ETAF_RS05705,0.0,-0.004498265860816361
DM_RNA_ETAF_RS05710,0.0,-0.004498265860816361
DM_RNA_ETAF_RS05720,0.0,-0.0043386352438370265
DM_RNA_ETAF_RS05725,0.0,-0.004498265860816361
DM_RNA_ETAF_RS06050,0.0,-0.005174513166517548
DM_RNA_ETAF_RS06120,0.0,-0.004467400754151867
DM_RNA_ETAF_RS06150,0.0,-0.004496382797750766
DM_RNA_ETAF_RS06155,0.0,-0.004359714781713853
DM_RNA_ETAF_RS06610,0.0,-0.005288287310514173
DM_RNA_ETAF_RS06615,0.0,-0.005288287310514173
DM_RNA_ETAF_RS07035,0.0,-0.004952581305844715
DM_RNA_ETAF_RS07040,0.0,-0.004952581305844715
DM_RNA_ETAF_RS07335,0.0,-0.004556900264504976
DM_RNA_ETAF_RS07340,0.0,-0.004556900264504976
DM_RNA_ETAF_RS07345,0.0,-0.004556900264504976
DM_RNA_ETAF_RS08610,0.0,-0.005174513166517548
DM_RNA_ETAF_RS09225,0.0,-0.005111171105164936
DM_RNA_ETAF_RS09230,0.0,-0.004352654521398271
DM_RNA_ETAF_RS09235,0.0,-0.004496382797750766
DM_RNA_ETAF_RS10450,0.0,-0.0045473859107592884
DM_RNA_ETAF_RS11155,0.0,-0.004415626081582598
DM_RNA_ETAF_RS11535,0.0,-0.004491776630865291
DM_RNA_ETAF_RS11540,0.0,-0.004491776630865291
DM_RNA_ETAF_RS11545,0.0,-0.0015697619889255316
DM_RNA_ETAF_RS11550,0.0,-0.0015697619889255316
DM_RNA_ETAF_RS11555,0.0,-0.0015697619889255316
DM_RNA_ETAF_RS11560,0.0,-0.0015697619889255316
DM_RNA_ETAF_RS11825,0.0,-0.004521598962927068
DM_RNA_ETAF_RS11830,0.0,-0.0049979374343086585
DM_RNA_ETAF_RS11835,0.0,-0.0044044291939675404
DM_RNA_ETAF_RS11840,0.0,-0.004364584473631165
DM_RNA_ETAF_RS11845,0.0,-0.004521598962927068
DM_RNA_ETAF_RS11850,0.0,-0.004397368933651958
DM_RNA_ETAF_RS11855,0.0,-0.004397368933651958
DM_RNA_ETAF_RS12165,0.0,-0.0045178328367958785
DM_RNA_ETAF_RS12845,0.0,-0.0045706502839678535
DM_RNA_ETAF_RS12880,0.0,-0.0045706502839678535
DM_RNA_ETAF_RS12885,0.0,-0.0045706502839678535
DM_RNA_ETAF_RS12890,0.0,-0.00675111731865342
DM_RNA_ETAF_RS12895,0.0,-0.16639183464289428
DM_RNA_ETAF_RS12900,0.0,-0.004449514107389514
DM_RNA_ETAF_RS12905,0.0,-0.08840398529414997
DM_RNA_ETAF_RS13040,0.0,-0.0045111430776485825
DM_RNA_ETAF_RS13045,0.0,-0.0045111430776485825
DM_RNA_ETAF_RS13050,0.0,-0.0045111430776485825
DM_RNA_ETAF_RS13055,0.0,-0.005435779508345652
DM_RNA_ETAF_RS13370,0.0,-0.004352855050594497
DM_RNA_ETAF_RS14000,0.0,-0.00496855433231731
DM_RNA_ETAF_RS14460,0.0,-0.00675111731865342
DM_RNA_ETAF_RS14465,0.0,-0.16639183464289428
DM_RNA_ETAF_RS14470,0.0,-0.004479437682521211
DM_RNA_ETAF_RS14475,0.0,-0.004556699735308751
DM_RNA_ETAF_RS14480,0.0,-0.08840398529414997
DM_RNA_ETAF_RS14485,0.0,-0.00675111731865342
DM_RNA_ETAF_RS14490,0.0,-0.16639183464289428
DM_RNA_ETAF_RS14495,0.0,-0.004449514107389514
DM_RNA_ETAF_RS14500,0.0,-0.08840398529414997
DM_RNA_ETAF_RS15490,0.0,-0.004539384118910909
DM_RNA_ETAF_RS15495,0.0,-0.004539384118910909
DM_RNA_ETAF_RS15560,0.0,0.0
DM_RNA_ETAF_RS15750,0.0,-0.00448743947436959
DM_RNA_ETAF_RS15755,0.0,-0.0045706502839678535
DM_RNA_ETAF_RS15760,0.0,-0.00675111731865342
DM_RNA_ETAF_RS15765,0.0,-0.16639183464289428
DM_RNA_ETAF_RS15770,0.0,-0.004449514107389514
DM_RNA_ETAF_RS15775,0.0,-0.08840398529414997
DM_RNA_ETAF_RS15985,0.0,-0.0067520588501862175
DM_RNA_ETAF_RS15990,0.0,-0.004496753298919052
DM_RNA_ETAF_RS15995,0.0,-0.00675111731865342
DM_RNA_ETAF_RS16000,0.0,-0.16639183464289428
DM_RNA_ETAF_RS16005,0.0,-0.004449514107389514
DM_RNA_ETAF_RS16010,0.0,-0.08840398529414997
formation_6x7.59001.peg.1003-MONOMER,0.0,0.0
formation_6x7.59001.peg.1015-MONOMER,0.0,0.0
formation_6x7.59001.peg.1016-MONOMER,0.0,6.180760576655376e-34
formation_6x7.59001.peg.102-MONOMER,0.0,0.0
formation_6x7.59001.peg.1041-MONOMER,0.0,0.0
formation_6x7.59001.peg.1042-MONOMER,0.0,5.9813805297321e-35
formation_6x7.59001.peg.1044-MONOMER,0.0,0.0
formation_6x7.59001.peg.1045-MONOMER,0.0,-2.738021135881842e-34
formation_6x7.59001.peg.1053-MONOMER,0.0,0.0
formation_6x7.59001.peg.1055-MONOMER,0.0,-2.9560542359743966e-34
formation_6x7.59001.peg.1057-MONOMER,3.701501570592427e-40,1.1945742061378234e-34
formation_6x7.59001.peg.1058-MONOMER,0.0,-1.1203855676421186e-34
formation_6x7.59001.peg.1073-MONOMER,5.745159527784956e-07,0.0
formation_6x7.59001.peg.1088-MONOMER,7.603830630193523e-07,-2.0619748333127994e-34
formation_6x7.59001.peg.109-MONOMER,0.0,0.0
formation_6x7.59001.peg.1092-MONOMER,0.0,0.0
formation_6x7.59001.peg.1096-MONOMER,1.2840370080549388e-07,-1.0778839153935393e-34
formation_6x7.59001.peg.1098-MONOMER,1.42548292806556e-07,0.0
formation_6x7.59001.peg.1099-MONOMER,1.3425239043498891e-09,0.0
formation_6x7.59001.peg.1101-MONOMER,0.0,0.0
formation_6x7.59001.peg.1136-MONOMER,4.539933919251471e-08,0.0
formation_6x7.59001.peg.1137-MONOMER,5.850018552595435e-08,0.0
formation_6x7.59001.peg.1141-MONOMER,0.0,-2.8346706298885533e-34
formation_6x7.59001.peg.1143-MONOMER,0.0,0.0
formation_6x7.59001.peg.115-MONOMER,-1.1325563470680869e-63,0.0
formation_6x7.59001.peg.1151-MONOMER,3.489136739286278e-08,1.0005034923003657e-34
formation_6x7.59001.peg.1152-MONOMER,0.0,9.629968837629847e-35
formation_6x7.59001.peg.1153-MONOMER,0.0,6.904909966051435e-35
formation_6x7.59001.peg.1154-MONOMER,0.0,0.0
formation_6x7.59001.peg.1157-MONOMER,0.0,0.0
formation_6x7.59001.peg.1158-MONOMER,0.0,-1.2000257682478028e-34
formation_6x7.59001.peg.1159-MONOMER,0.0,0.0
formation_6x7.59001.peg.1162-MONOMER,0.0,2.2151727248829655e-34
formation_6x7.59001.peg.1187-MONOMER,7.35638588614628e-08,-1.0050215132019384e-34
formation_6x7.59001.peg.1188-MONOMER,0.0,0.0
formation_6x7.59001.peg.1189-MONOMER,0.0,-4.54354486930755e-34
formation_6x7.59001.peg.119-MONOMER,1.2214238517579733e-09,4.5961744734014547e-35
formation_6x7.59001.peg.1195-MONOMER,0.0,0.0
formation_6x7.59001.peg.12-MONOMER,0.0,-3.2077476821425304e-34
formation_6x7.59001.peg.1209-MONOMER,1.7649014255219412e-11,5.905062074287057e-34
formation_6x7.59001.peg.121-MONOMER,0.0,0.0
formation_6x7.59001.peg.1214-MONOMER,0.0,-1.250622320128783e-34
formation_6x7.59001.peg.122-MONOMER,2.671365992815669e-08,-1.7984726982347674e-35
formation_6x7.59001.peg.1225-MONOMER,0.0,0.0
formation_6x7.59001.peg.1229-MONOMER,1.7649014255219412e-11,4.851346617186458e-34
formation_6x7.59001.peg.1230-MONOMER,0.0,-1.4603135101572978e-35
formation_6x7.59001.peg.1239-MONOMER,8.657729719923674e-09,-4.548726189846158e-35
formation_6x7.59001.peg.1248-MONOMER,0.0,0.0
formation_6x7.59001.peg.1297-MONOMER,0.0,0.0
formation_6x7.59001.peg.13-MONOMER,1.300009396995131e-07,-1.2323702486556132e-34
formation_6x7.59001.peg.1307-MONOMER,0.0,-2.546757005293689e-34
formation_6x7.59001.peg.1309-MONOMER,0.0,0.0
formation_6x7.59001.peg.1312-MONOMER,0.0,0.0
formation_6x7.59001.peg.1328-MONOMER,0.0,-5.203714858041797e-34
formation_6x7.59001.peg.133-MONOMER,0.0,0.0
formation_6x7.59001.peg.1330-MONOMER,0.0,-1.1986340056634273e-34
formation_6x7.59001.peg.134-MONOMER,5.394781313435975e-10,0.0
formation_6x7.59001.peg.1348-MONOMER,0.0,1.0846416840083236e-34
formation_6x7.59001.peg.1349-MONOMER,7.996077651196528e-09,4.2395850168570425e-34
formation_6x7.59001.peg.1350-MONOMER,4.3330217529948695e-11,0.0
formation_6x7.59001.peg.1353-MONOMER,9.720527902170118e-09,3.1081608361006816e-34
formation_6x7.59001.peg.1360-MONOMER,0.0,-1.4096013509011524e-34
formation_6x7.59001.peg.1367-MONOMER,1.4639140340134875e-05,0.0
formation_6x7.59001.peg.1370-MONOMER,1.3628003728003378e-07,-1.359064075513405e-34
formation_6x7.59001.peg.1372-MONOMER,0.0,0.0
formation_6x7.59001.peg.1376-MONOMER,3.697123631836437e-08,0.0
formation_6x7.59001.peg.1379-MONOMER,9.343943466103651e-08,0.0
formation_6x7.59001.peg.138-MONOMER,0.0,-2.2534901998332348e-34
formation_6x7.59001.peg.1389-MONOMER,7.99578727549041e-09,-1.1698127089615284e-34
formation_6x7.59001.peg.1393-MONOMER,0.0,-1.324888113950447e-34
formation_6x7.59001.peg.1394-MONOMER,0.0,8.800151949488459e-35
formation_6x7.59001.peg.1395-MONOMER,0.0,3.2792969840352087e-34
formation_6x7.59001.peg.1396-MONOMER,0.0,0.0
formation_6x7.59001.peg.1404-MONOMER,0.0,0.0
formation_6x7.59001.peg.1418-MONOMER,0.0,-1.7494269524508167e-34
formation_6x7.59001.peg.142-MONOMER,3.399572043468368e-10,7.427504680321259e-36
formation_6x7.59001.peg.1427-MONOMER,2.39910991906697e-06,0.0
formation_6x7.59001.peg.1428-MONOMER,0.0,0.0
formation_6x7.59001.peg.143-MONOMER,1.4639140340134875e-05,0.0
formation_6x7.59001.peg.1430-MONOMER,0.0,0.0
formation_6x7.59001.peg.1431-MONOMER,0.0,0.0
formation_6x7.59001.peg.144-MONOMER,1.4639140340134875e-05,-3.837117439836902e-35
formation_6x7.59001.peg.1441-MONOMER,0.0,0.0
formation_6x7.59001.peg.1444-MONOMER,0.0,0.0
formation_6x7.59001.peg.145-MONOMER,1.4639140340134875e-05,0.0
formation_6x7.59001.peg.1452-MONOMER,0.0,0.0
formation_6x7.59001.peg.1454-MONOMER,0.0,0.0
formation_6x7.59001.peg.1455-MONOMER,0.0,1.6375235281533948e-34
formation_6x7.59001.peg.1456-MONOMER,0.0,-1.4099207302263015e-34
formation_6x7.59001.peg.1458-MONOMER,0.0,0.0
formation_6x7.59001.peg.1460-MONOMER,0.0,0.0
formation_6x7.59001.peg.1472-MONOMER,0.0,0.0
formation_6x7.59001.peg.1473-MONOMER,0.0,0.0
formation_6x7.59001.peg.1474-MONOMER,0.0,0.0
formation_6x7.59001.peg.1486-MONOMER,0.0,-2.2260968815969157e-34
formation_6x7.59001.peg.1487-MONOMER,0.0,0.0
formation_6x7.59001.peg.1488-MONOMER,3.320794360715352e-14,0.0
formation_6x7.59001.peg.149-MONOMER,0.0,0.0
formation_6x7.59001.peg.1497-MONOMER,1.900329929056616e-07,1.2535785196118312e-34
formation_6x7.59001.peg.1505-MONOMER,1.2324994894566727e-09,0.0
formation_6x7.59001.peg.151-MONOMER,9.478234498953064e-10,1.5779594917595135e-34
formation_6x7.59001.peg.1515-MONOMER,0.0,0.0
formation_6x7.59001.peg.1531-MONOMER,0.0,0.0
formation_6x7.59001.peg.1553-MONOMER,0.0,0.0
formation_6x7.59001.peg.157-MONOMER,0.0,5.147399145031521e-35
formation_6x7.59001.peg.1574-MONOMER,0.0,0.0
formation_6x7.59001.peg.1579-MONOMER,0.0,0.0
formation_6x7.59001.peg.1582-MONOMER,4.8940447554556375e-08,0.0
formation_6x7.59001.peg.1583-MONOMER,1.1158394294167912e-09,0.0
formation_6x7.59001.peg.159-MONOMER,0.0,-4.895857540440108e-35
formation_6x7.59001.peg.1594-MONOMER,0.0,0.0
formation_6x7.59001.peg.1597-MONOMER,0.0,0.0
formation_6x7.59001.peg.1599-MONOMER,1.5174774201489426e-07,0.0
formation_6x7.59001.peg.1600-MONOMER,0.0,0.0
formation_6x7.59001.peg.1605-MONOMER,0.0,0.0
formation_6x7.59001.peg.1609-MONOMER,0.0,-9.064344972775674e-35
formation_6x7.59001.peg.161-MONOMER,2.4329846829972215e-07,2.382502103785962e-34
formation_6x7.59001.peg.1610-MONOMER,0.0,0.0
formation_6x7.59001.peg.1635-MONOMER,0.0,0.0
formation_6x7.59001.peg.1636-MONOMER,0.0,1.018656578847475e-34
formation_6x7.59001.peg.1638-MONOMER,0.0,0.0
formation_6x7.59001.peg.1641-MONOMER,0.0,0.0
formation_6x7.59001.peg.1646-MONOMER,1.2926089752006474e-07,0.0
formation_6x7.59001.peg.1658-MONOMER,9.626744562740373e-06,0.0
formation_6x7.59001.peg.1669-MONOMER,0.0,0.0
formation_6x7.59001.peg.1689-MONOMER,8.033602610741213e-10,3.84391714988904e-34
formation_6x7.59001.peg.169-MONOMER,5.0423340327307034e-08,0.0
formation_6x7.59001.peg.1690-MONOMER,0.0,0.0
formation_6x7.59001.peg.1691-MONOMER,0.0,0.0
formation_6x7.59001.peg.1697-MONOMER,0.0,0.0
formation_6x7.59001.peg.1698-MONOMER,8.404831279825291e-08,6.464095006031181e-35
formation_6x7.59001.peg.1699-MONOMER,1.4639140340134875e-05,0.0
formation_6x7.59001.peg.1700-MONOMER,1.4639140340134875e-05,0.0
formation_6x7.59001.peg.1701-MONOMER,9.843810425304694e-09,0.0
formation_6x7.59001.peg.1702-MONOMER,1.0046564585875107e-07,0.0
formation_6x7.59001.peg.1703-MONOMER,0.0,6.164173323687447e-34
formation_6x7.59001.peg.1707-MONOMER,0.0,0.0
formation_6x7.59001.peg.1713-MONOMER,0.0,0.0
formation_6x7.59001.peg.172-MONOMER,0.0,5.208411935429179e-34
formation_6x7.59001.peg.1724-MONOMER,0.0,0.0
formation_6x7.59001.peg.1731-MONOMER,0.0,0.0
formation_6x7.59001.peg.1732-MONOMER,0.0,0.0
formation_6x7.59001.peg.1733-MONOMER,0.0,2.4186434841528855e-34
formation_6x7.59001.peg.175-MONOMER,1.2142510208068816e-07,0.0
formation_6x7.59001.peg.176-MONOMER,0.0,-1.4380471404937914e-34
formation_6x7.59001.peg.1761-MONOMER,0.0,0.0
formation_6x7.59001.peg.1762-MONOMER,0.0,-1.569237515878851e-34
formation_6x7.59001.peg.1768-MONOMER,0.0,-1.651468319911534e-34
formation_6x7.59001.peg.1782-MONOMER,0.0,0.0
formation_6x7.59001.peg.179-MONOMER,0.0,0.0
formation_6x7.59001.peg.1798-MONOMER,0.0,-1.8941257851857587e-34
formation_6x7.59001.peg.180-MONOMER,0.0,-3.2455128461736687e-34
formation_6x7.59001.peg.1805-MONOMER,0.0,0.0
formation_6x7.59001.peg.1808-MONOMER,0.0,0.0
formation_6x7.59001.peg.181-MONOMER,0.0,1.0841941160183818e-34
formation_6x7.59001.peg.1812-MONOMER,0.0,0.0
formation_6x7.59001.peg.1813-MONOMER,3.032001542915211e-08,7.616486906179799e-35
formation_6x7.59001.peg.1817-MONOMER,0.0,0.0
formation_6x7.59001.peg.183-MONOMER,0.0,0.0
formation_6x7.59001.peg.184-MONOMER,3.091986863911927e-08,1.0998505938026994e-34
formation_6x7.59001.peg.1842-MONOMER,0.0,1.2360478017321542e-35
formation_6x7.59001.peg.1845-MONOMER,1.4639140340134875e-05,-1.7641639957731478e-36
formation_6x7.59001.peg.1846-MONOMER,3.11324436400189e-15,0.0
formation_6x7.59001.peg.1858-MONOMER,1.3808284194897176e-07,-1.90746198195532e-34
formation_6x7.59001.peg.1859-MONOMER,0.0,0.0
formation_6x7.59001.peg.186-MONOMER,0.0,0.0
formation_6x7.59001.peg.1869-MONOMER,0.0,-1.3364405971327667e-34
formation_6x7.59001.peg.1870-MONOMER,0.0,0.0
formation_6x7.59001.peg.1874-MONOMER,0.0,-8.54492982442678e-35
formation_6x7.59001.peg.1875-MONOMER,0.0,0.0
formation_6x7.59001.peg.1876-MONOMER,0.0,-8.978119145979003e-35
formation_6x7.59001.peg.1877-MONOMER,0.0,0.0
formation_6x7.59001.peg.1878-MONOMER,0.0,0.0
formation_6x7.59001.peg.1879-MONOMER,0.0,0.0
formation_6x7.59001.peg.1880-MONOMER,0.0,8.708032113063453e-35
formation_6x7.59001.peg.1881-MONOMER,0.0,0.0
formation_6x7.59001.peg.1883-MONOMER,0.0,-3.93628625280268e-35
formation_6x7.59001.peg.1884-MONOMER,0.0,0.0
formation_6x7.59001.peg.1885-MONOMER,0.0,0.0
formation_6x7.59001.peg.1886-MONOMER,0.0,-1.243844268549514e-34
formation_6x7.59001.peg.189-MONOMER,0.0,0.0
formation_6x7.59001.peg.1894-MONOMER,0.0,0.0
formation_6x7.59001.peg.1895-MONOMER,0.0,0.0
formation_6x7.59001.peg.191-MONOMER,8.731694121949271e-07,0.0
formation_6x7.59001.peg.1910-MONOMER,0.0,0.0
formation_6x7.59001.peg.1931-MONOMER,-1.5277760320440018e-30,1.515261096369418e-34
formation_6x7.59001.peg.1936-MONOMER,1.4639140340134875e-05,0.0
formation_6x7.59001.peg.194-MONOMER,0.0,-1.5457536637036467e-34
formation_6x7.59001.peg.195-MONOMER,0.0,0.0
formation_6x7.59001.peg.1952-MONOMER,0.0,-3.4669560035858083e-34
formation_6x7.59001.peg.1957-MONOMER,0.0,0.0
formation_6x7.59001.peg.196-MONOMER,0.0,0.0
formation_6x7.59001.peg.1960-MONOMER,0.0,-2.076400882638349e-34
formation_6x7.59001.peg.1973-MONOMER,0.0,-0.011890220253519114
formation_6x7.59001.peg.1974-MONOMER,4.694824964859764e-07,-4.771798007826642e-35
formation_6x7.59001.peg.1975-MONOMER,1.7842149015005045e-06,0.0
formation_6x7.59001.peg.1978-MONOMER,1.4639140340134875e-05,-1.3159297644145063e-35
formation_6x7.59001.peg.1992-MONOMER,0.0,0.0
formation_6x7.59001.peg.1993-MONOMER,0.0,0.0
formation_6x7.59001.peg.1996-MONOMER,0.0,0.0
formation_6x7.59001.peg.20-MONOMER,0.0,0.0
formation_6x7.59001.peg.2037-MONOMER,0.0,-2.343069629178036e-34
formation_6x7.59001.peg.2038-MONOMER,0.0,1.968878021101156e-34
formation_6x7.59001.peg.204-MONOMER,0.0,0.0
formation_6x7.59001.peg.2048-MONOMER,1.4639140340134875e-05,0.0
formation_6x7.59001.peg.2050-MONOMER,4.204829435851192e-09,1.4363965732574773e-34
formation_6x7.59001.peg.2052-MONOMER,0.0,0.0
formation_6x7.59001.peg.2053-MONOMER,1.4639140340134875e-05,2.3495271569924875e-34
formation_6x7.59001.peg.2056-MONOMER,8.940672200133913e-06,0.0
formation_6x7.59001.peg.2069-MONOMER,1.004693654238362e-07,4.232640669912885e-34
formation_6x7.59001.peg.2071-MONOMER,0.0,0.0
formation_6x7.59001.peg.2074-MONOMER,5.010951806967118e-08,9.99549091462237e-35
formation_6x7.59001.peg.2078-MONOMER,9.843810425304694e-09,1.8392264777491274e-35
formation_6x7.59001.peg.209-MONOMER,0.0,-1.1264025707718204e-34
formation_6x7.59001.peg.2102-MONOMER,0.0,-1.0736627155950425e-34
formation_6x7.59001.peg.2104-MONOMER,0.0,0.0
formation_6x7.59001.peg.2105-MONOMER,0.0,0.0
formation_6x7.59001.peg.2106-MONOMER,0.0,0.0
formation_6x7.59001.peg.2112-MONOMER,0.0,-9.80583382506755e-35
formation_6x7.59001.peg.2131-MONOMER,0.0,0.0
formation_6x7.59001.peg.2138-MONOMER,1.4639140340134875e-05,0.0
formation_6x7.59001.peg.2142-MONOMER,0.0,0.0
formation_6x7.59001.peg.2146-MONOMER,0.0,9.42304554313677e-35
formation_6x7.59001.peg.2147-MONOMER,0.0,8.379508595042081e-35
formation_6x7.59001.peg.2149-MONOMER,0.0,1.615645241648798e-34
formation_6x7.59001.peg.2150-MONOMER,0.0,0.0
formation_6x7.59001.peg.2151-MONOMER,0.0,-1.2344612606748931e-34
formation_6x7.59001.peg.2154-MONOMER,0.0,0.0
formation_6x7.59001.peg.2156-MONOMER,0.0,0.0
formation_6x7.59001.peg.2157-MONOMER,0.0,0.0
formation_6x7.59001.peg.2164-MONOMER,7.280915375015698e-07,0.0
formation_6x7.59001.peg.2165-MONOMER,0.0,0.0
formation_6x7.59001.peg.2173-MONOMER,0.0,0.0
formation_6x7.59001.peg.2176-MONOMER,1.7649014255219412e-11,0.0
formation_6x7.59001.peg.2179-MONOMER,1.7649014255219412e-11,0.0
formation_6x7.59001.peg.2182-MONOMER,1.4639140340134875e-05,3.503713536151357e-36
formation_6x7.59001.peg.2187-MONOMER,0.0,0.0
formation_6x7.59001.peg.2189-MONOMER,0.0,-2.1947804437171754e-34
formation_6x7.59001.peg.220-MONOMER,1.3621652255815292e-06,0.0
formation_6x7.59001.peg.2203-MONOMER,0.0,2.8475084237766453e-34
formation_6x7.59001.peg.2204-MONOMER,0.0,0.0
formation_6x7.59001.peg.2206-MONOMER,0.0,0.0
formation_6x7.59001.peg.2215-MONOMER,0.0,0.0
formation_6x7.59001.peg.2216-MONOMER,0.0,0.0
formation_6x7.59001.peg.222-MONOMER,0.0,2.852630759393867e-34
formation_6x7.59001.peg.2237-MONOMER,0.0,0.0
formation_6x7.59001.peg.2257-MONOMER,0.0,2.2136632763491273e-34
formation_6x7.59001.peg.226-MONOMER,0.0,0.0
formation_6x7.59001.peg.2264-MONOMER,1.227649586934352e-06,0.0
formation_6x7.59001.peg.227-MONOMER,0.0,0.0
formation_6x7.59001.peg.2273-MONOMER,0.0,7.416541479331576e-35
formation_6x7.59001.peg.2277-MONOMER,1.0568184402647789e-08,0.0
formation_6x7.59001.peg.228-MONOMER,8.475716433445924e-10,-1.3756123036185677e-34
formation_6x7.59001.peg.2282-MONOMER,0.0,-2.092844605990168e-34
formation_6x7.59001.peg.2286-MONOMER,1.7444592736607784e-08,0.0
formation_6x7.59001.peg.2311-MONOMER,1.4639140340134875e-05,-1.757290813742295e-34
formation_6x7.59001.peg.2315-MONOMER,0.0,0.0
formation_6x7.59001.peg.2344-MONOMER,0.0,0.0
formation_6x7.59001.peg.236-MONOMER,0.0,1.3039169043483182e-34
formation_6x7.59001.peg.2367-MONOMER,0.0,-4.3899505088482114e-35
formation_6x7.59001.peg.2372-MONOMER,0.0,-1.2441579919798938e-34
formation_6x7.59001.peg.238-MONOMER,0.0,0.0
formation_6x7.59001.peg.2386-MONOMER,0.0,-1.7619238826394816e-34
formation_6x7.59001.peg.2393-MONOMER,0.0,0.0
formation_6x7.59001.peg.2394-MONOMER,0.0,0.0
formation_6x7.59001.peg.2408-MONOMER,0.0,0.0
formation_6x7.59001.peg.2420-MONOMER,0.0,0.0
formation_6x7.59001.peg.2421-MONOMER,0.0,-3.2957268290948196e-34
formation_6x7.59001.peg.2424-MONOMER,0.0,0.0
formation_6x7.59001.peg.2425-MONOMER,0.0,0.0
formation_6x7.59001.peg.2427-MONOMER,0.0,0.0
formation_6x7.59001.peg.2428-MONOMER,0.0,0.0
formation_6x7.59001.peg.2429-MONOMER,0.0,0.0
formation_6x7.59001.peg.2430-MONOMER,2.436136974704433e-07,5.067737889385239e-34
formation_6x7.59001.peg.2442-MONOMER,0.0,-4.318530117269987e-34
formation_6x7.59001.peg.2443-MONOMER,0.0,0.0
formation_6x7.59001.peg.2444-MONOMER,0.0,1.7748442087368421e-34
formation_6x7.59001.peg.2453-MONOMER,0.0,0.0
formation_6x7.59001.peg.2457-MONOMER,5.4766203189901495e-08,0.0
formation_6x7.59001.peg.2459-MONOMER,3.971439211036831e-07,0.0
formation_6x7.59001.peg.2466-MONOMER,0.0,2.32485347270469e-34
formation_6x7.59001.peg.247-MONOMER,1.7649014255219412e-11,0.0
formation_6x7.59001.peg.2478-MONOMER,0.0,0.0
formation_6x7.59001.peg.2480-MONOMER,1.5186833817105531e-07,0.0
formation_6x7.59001.peg.2496-MONOMER,0.0,0.0
formation_6x7.59001.peg.25-MONOMER,0.0,0.0
formation_6x7.59001.peg.2502-MONOMER,0.0,0.0
formation_6x7.59001.peg.2504-MONOMER,0.0,9.676909346004558e-35
formation_6x7.59001.peg.2506-MONOMER,0.0,0.0
formation_6x7.59001.peg.251-MONOMER,0.0,-1.6369828904530407e-34
formation_6x7.59001.peg.252-MONOMER,0.0,0.0
formation_6x7.59001.peg.2523-MONOMER,0.0,-4.762658670273087e-34
formation_6x7.59001.peg.2529-MONOMER,0.0,0.0
formation_6x7.59001.peg.2533-MONOMER,0.0,0.0
formation_6x7.59001.peg.2535-MONOMER,1.3897143823971178e-08,0.0
formation_6x7.59001.peg.2537-MONOMER,1.7596727919856103e-08,-7.191402994557329e-35
formation_6x7.59001.peg.2540-MONOMER,0.0,0.0
formation_6x7.59001.peg.2541-MONOMER,0.0,4.011377523033235e-34
formation_6x7.59001.peg.2547-MONOMER,0.0,-8.865535435563841e-35
formation_6x7.59001.peg.2549-MONOMER,6.797751556825374e-29,1.189956307613955e-34
formation_6x7.59001.peg.2554-MONOMER,0.0,-1.782138881134973e-34
formation_6x7.59001.peg.2559-MONOMER,0.0,0.0
formation_6x7.59001.peg.2561-MONOMER,1.7649014255219412e-11,0.0
formation_6x7.59001.peg.2568-MONOMER,4.603387136545353e-07,6.437194466781988e-35
formation_6x7.59001.peg.2569-MONOMER,0.0,0.0
formation_6x7.59001.peg.2572-MONOMER,0.0,-4.041450447322314e-35
formation_6x7.59001.peg.2576-MONOMER,4.935003438016569e-11,0.0
formation_6x7.59001.peg.26-MONOMER,0.0,0.0
formation_6x7.59001.peg.2610-MONOMER,0.0,-4.7795597814121763e-35
formation_6x7.59001.peg.2621-MONOMER,2.6593794709796824e-09,0.0
formation_6x7.59001.peg.2624-MONOMER,0.0,-2.664310917206887e-35
formation_6x7.59001.peg.2627-MONOMER,0.0,0.0
formation_6x7.59001.peg.2636-MONOMER,0.0,0.0
formation_6x7.59001.peg.2644-MONOMER,1.3263254222756804e-06,0.0
formation_6x7.59001.peg.2650-MONOMER,4.0056739420998336e-08,-4.0007443704431296e-34
formation_6x7.59001.peg.2657-MONOMER,0.0,0.0
formation_6x7.59001.peg.266-MONOMER,0.0,-1.0701784383258534e-34
formation_6x7.59001.peg.2662-MONOMER,0.0,-1.0736769612729625e-34
formation_6x7.59001.peg.267-MONOMER,3.5439994514165906e-09,1.0704554728507106e-34
formation_6x7.59001.peg.2670-MONOMER,3.26745217158764e-08,0.0
formation_6x7.59001.peg.2684-MONOMER,0.0,-4.065405569955393e-34
formation_6x7.59001.peg.2685-MONOMER,0.0,-5.41247410532488e-34
formation_6x7.59001.peg.2696-MONOMER,1.4639140340134875e-05,0.0
formation_6x7.59001.peg.2698-MONOMER,1.7649014255219412e-11,1.5128142029840754e-35
formation_6x7.59001.peg.2699-MONOMER,1.4639140340134875e-05,0.0
formation_6x7.59001.peg.2703-MONOMER,5.4505239728896095e-09,4.990045085136607e-35
formation_6x7.59001.peg.2708-MONOMER,2.3466367885320127e-07,-7.737754714539144e-34
formation_6x7.59001.peg.2716-MONOMER,0.0,0.0
formation_6x7.59001.peg.275-MONOMER,0.0,4.408751091770488e-34
formation_6x7.59001.peg.2763-MONOMER,0.0,0.0
formation_6x7.59001.peg.2768-MONOMER,0.0,0.0
formation_6x7.59001.peg.277-MONOMER,0.0,-2.4688020666319496e-34
formation_6x7.59001.peg.2772-MONOMER,6.113001404699865e-08,0.0
formation_6x7.59001.peg.2773-MONOMER,9.800480207774744e-09,0.0
formation_6x7.59001.peg.2782-MONOMER,5.893430307071509e-09,0.0
formation_6x7.59001.peg.2786-MONOMER,7.893759378262457e-10,-1.5653168827591892e-34
formation_6x7.59001.peg.2788-MONOMER,0.0,0.0
formation_6x7.59001.peg.2789-MONOMER,0.0,-3.072902960915589e-35
formation_6x7.59001.peg.2792-MONOMER,0.0,2.384159087835441e-34
formation_6x7.59001.peg.2793-MONOMER,0.0,-2.5358414194517078e-34
formation_6x7.59001.peg.2797-MONOMER,0.0,-1.0571139155751537e-34
formation_6x7.59001.peg.2798-MONOMER,0.0,6.257207004893796e-34
formation_6x7.59001.peg.2799-MONOMER,6.125546827882004e-07,0.0
formation_6x7.59001.peg.280-MONOMER,4.368382919577661e-11,-2.0555620417059505e-35
formation_6x7.59001.peg.2804-MONOMER,1.4836688017280628e-06,0.0
formation_6x7.59001.peg.2805-MONOMER,6.108582356003356e-06,-2.6904467776108e-34
formation_6x7.59001.peg.2806-MONOMER,0.0,0.0
formation_6x7.59001.peg.2809-MONOMER,0.0,0.0
formation_6x7.59001.peg.281-MONOMER,4.368382919577661e-11,-1.4284341336223204e-33
formation_6x7.59001.peg.2814-MONOMER,0.0,0.0
formation_6x7.59001.peg.2821-MONOMER,0.0,0.0
formation_6x7.59001.peg.2825-MONOMER,1.1500741079165292e-06,0.0
formation_6x7.59001.peg.2827-MONOMER,0.0,0.0
formation_6x7.59001.peg.2830-MONOMER,0.0,0.0
formation_6x7.59001.peg.2831-MONOMER,1.4282391258001078e-06,0.0
formation_6x7.59001.peg.2833-MONOMER,0.0,0.0
formation_6x7.59001.peg.2834-MONOMER,0.0,-9.938090280185255e-35
formation_6x7.59001.peg.2841-MONOMER,0.0,0.0
formation_6x7.59001.peg.2842-MONOMER,0.0,3.2908967072111815e-34
formation_6x7.59001.peg.2851-MONOMER,0.0,1.0788226232013584e-34
formation_6x7.59001.peg.2853-MONOMER,0.0,-1.004477777755271e-34
formation_6x7.59001.peg.2854-MONOMER,0.0,0.0
formation_6x7.59001.peg.2859-MONOMER,0.0,0.0
formation_6x7.59001.peg.2872-MONOMER,0.0,0.0
formation_6x7.59001.peg.2931-MONOMER,1.2174361782875662e-07,0.0
formation_6x7.59001.peg.2936-MONOMER,0.0,0.0
formation_6x7.59001.peg.2939-MONOMER,0.0,-1.9820636530954103e-35
formation_6x7.59001.peg.2942-MONOMER,0.0,0.0
formation_6x7.59001.peg.2945-MONOMER,0.0,2.6010065711860305e-34
formation_6x7.59001.peg.2946-MONOMER,0.0,1.5977254443162246e-34
formation_6x7.59001.peg.2947-MONOMER,9.041309138843516e-07,-1.409666497729233e-34
formation_6x7.59001.peg.2956-MONOMER,0.0,0.0
formation_6x7.59001.peg.2965-MONOMER,1.058940855313166e-10,-2.0290465664551023e-34
formation_6x7.59001.peg.297-MONOMER,0.0,0.0
formation_6x7.59001.peg.2976-MONOMER,9.000430067164896e-09,-6.501147474183435e-35
formation_6x7.59001.peg.2980-MONOMER,7.721088450594435e-10,0.0
formation_6x7.59001.peg.2981-MONOMER,1.4639140340134875e-05,0.0
formation_6x7.59001.peg.2984-MONOMER,0.0,0.0
formation_6x7.59001.peg.300-MONOMER,0.0,0.0
formation_6x7.59001.peg.301-MONOMER,0.0,8.367040506918104e-35
formation_6x7.59001.peg.3019-MONOMER,0.0,0.0
formation_6x7.59001.peg.3021-MONOMER,0.0,3.4001617686040267e-34
formation_6x7.59001.peg.3026-MONOMER,0.0,0.0
formation_6x7.59001.peg.303-MONOMER,0.0,-7.433529045466601e-35
formation_6x7.59001.peg.3033-MONOMER,1.7649014255219412e-11,-3.6006280867091374e-34
formation_6x7.59001.peg.3034-MONOMER,0.0,0.0
formation_6x7.59001.peg.3035-MONOMER,0.0,0.0
formation_6x7.59001.peg.3039-MONOMER,1.4639140340134875e-05,0.0
formation_6x7.59001.peg.3041-MONOMER,1.4639336416578829e-05,0.0
formation_6x7.59001.peg.3042-MONOMER,1.4639140340134875e-05,0.0
formation_6x7.59001.peg.3044-MONOMER,1.4639140340134875e-05,2.8318557346395383e-35
formation_6x7.59001.peg.3045-MONOMER,1.4639140340134875e-05,0.0
formation_6x7.59001.peg.3046-MONOMER,1.4639140340134875e-05,0.0
formation_6x7.59001.peg.3047-MONOMER,1.4639140340134875e-05,-7.965487997574483e-36
formation_6x7.59001.peg.3048-MONOMER,1.4639140340134875e-05,0.0
formation_6x7.59001.peg.3049-MONOMER,1.4639140340134875e-05,-3.1215611361107914e-35
formation_6x7.59001.peg.3050-MONOMER,1.4639140340134875e-05,1.635073589847291e-35
formation_6x7.59001.peg.3051-MONOMER,1.4639140340134875e-05,0.0
formation_6x7.59001.peg.3052-MONOMER,1.4639140340134875e-05,0.0
formation_6x7.59001.peg.3053-MONOMER,1.4639140340134875e-05,-7.793319969185417e-36
formation_6x7.59001.peg.3054-MONOMER,1.4639140340134875e-05,0.0
formation_6x7.59001.peg.3055-MONOMER,1.4639140340134875e-05,0.0
formation_6x7.59001.peg.3056-MONOMER,1.4639140340134875e-05,0.0
formation_6x7.59001.peg.3057-MONOMER,1.4639140340134875e-05,5.8750928635466e-37
formation_6x7.59001.peg.3058-MONOMER,1.4639140340134875e-05,-1.5505907323496122e-35
formation_6x7.59001.peg.306-MONOMER,0.0,1.0469346532974956e-33
formation_6x7.59001.peg.3060-MONOMER,1.4639140340134875e-05,0.0
formation_6x7.59001.peg.3061-MONOMER,1.4639140340134875e-05,0.0
formation_6x7.59001.peg.3062-MONOMER,1.4639336416578829e-05,0.0
formation_6x7.59001.peg.3063-MONOMER,1.4639336416578829e-05,5.282689701961544e-36
formation_6x7.59001.peg.3064-MONOMER,1.4639336416578829e-05,0.0
formation_6x7.59001.peg.3065-MONOMER,1.8176847049799273e-06,2.589721099335585e-35
formation_6x7.59001.peg.3066-MONOMER,1.8176847049799273e-06,-2.98164277643465e-35
formation_6x7.59001.peg.3067-MONOMER,1.4639140340134875e-05,-2.186111694658984e-35
formation_6x7.59001.peg.3068-MONOMER,1.4639140340134875e-05,0.0
formation_6x7.59001.peg.307-MONOMER,1.10095223257154e-08,0.0
formation_6x7.59001.peg.3083-MONOMER,4.483035324623647e-09,0.0
formation_6x7.59001.peg.3087-MONOMER,0.0,0.0
formation_6x7.59001.peg.3088-MONOMER,1.4132638525762364e-09,0.0
formation_6x7.59001.peg.3089-MONOMER,0.0,0.0
formation_6x7.59001.peg.3091-MONOMER,9.511037290489417e-07,0.0
formation_6x7.59001.peg.3101-MONOMER,0.0,0.0
formation_6x7.59001.peg.3114-MONOMER,3.399572043468368e-10,-3.301347752027406e-36
formation_6x7.59001.peg.3117-MONOMER,1.0777186851156205e-09,0.0
formation_6x7.59001.peg.3128-MONOMER,0.0,0.0
formation_6x7.59001.peg.3129-MONOMER,0.0,0.0
formation_6x7.59001.peg.3134-MONOMER,0.0,0.0
formation_6x7.59001.peg.3137-MONOMER,0.0,-3.0567537239720943e-34
formation_6x7.59001.peg.3138-MONOMER,0.0,0.0
formation_6x7.59001.peg.3142-MONOMER,0.0,0.0
formation_6x7.59001.peg.3147-MONOMER,0.0,4.706056493003879e-35
formation_6x7.59001.peg.3150-MONOMER,0.0,0.0
formation_6x7.59001.peg.3151-MONOMER,0.0,0.0
formation_6x7.59001.peg.3152-MONOMER,0.0,0.0
formation_6x7.59001.peg.3153-MONOMER,0.0,5.833378103063208e-35
formation_6x7.59001.peg.3155-MONOMER,0.0,-1.4080821360472144e-34
formation_6x7.59001.peg.3161-MONOMER,1.8486277008432216e-08,0.0
formation_6x7.59001.peg.3162-MONOMER,1.7649014255219412e-11,0.0
formation_6x7.59001.peg.3168-MONOMER,0.0,0.0
formation_6x7.59001.peg.3169-MONOMER,0.0,0.0
formation_6x7.59001.peg.3170-MONOMER,0.0,0.0
formation_6x7.59001.peg.3171-MONOMER,0.0,0.0
formation_6x7.59001.peg.3172-MONOMER,0.0,0.0
formation_6x7.59001.peg.3173-MONOMER,0.0,0.0
formation_6x7.59001.peg.3176-MONOMER,4.274747391125279e-29,0.0
formation_6x7.59001.peg.3177-MONOMER,0.0,0.0
formation_6x7.59001.peg.3180-MONOMER,0.0,0.0
formation_6x7.59001.peg.3186-MONOMER,6.175972631468882e-08,0.0
formation_6x7.59001.peg.3194-MONOMER,0.0,0.0
formation_6x7.59001.peg.3203-MONOMER,0.0,-1.5165257414133962e-34
formation_6x7.59001.peg.3206-MONOMER,0.0,0.0
formation_6x7.59001.peg.3226-MONOMER,0.0,-6.658475415574606e-35
formation_6x7.59001.peg.3232-MONOMER,0.0,0.0
formation_6x7.59001.peg.3242-MONOMER,0.0,0.0
formation_6x7.59001.peg.3245-MONOMER,1.4639140340134875e-05,1.3401086668315019e-35
formation_6x7.59001.peg.3254-MONOMER,1.099503196584173e-40,-6.434496327352658e-34
formation_6x7.59001.peg.326-MONOMER,1.7649014255219412e-11,-1.8419033021377188e-34
formation_6x7.59001.peg.3262-MONOMER,2.7816813708473577e-06,0.0
formation_6x7.59001.peg.3269-MONOMER,0.0,-2.3774544431152194e-34
formation_6x7.59001.peg.3270-MONOMER,0.0,-3.400062421538509e-34
formation_6x7.59001.peg.3271-MONOMER,6.305032033945245e-07,0.0
formation_6x7.59001.peg.3279-MONOMER,0.0,0.0
formation_6x7.59001.peg.3291-MONOMER,0.0,0.0
formation_6x7.59001.peg.3292-MONOMER,0.0,0.0
formation_6x7.59001.peg.3295-MONOMER,7.264103958201983e-29,0.0
formation_6x7.59001.peg.331-MONOMER,1.4639140340134875e-05,1.666966860287944e-35
formation_6x7.59001.peg.3315-MONOMER,0.0,-1.5366536174534885e-34
formation_6x7.59001.peg.332-MONOMER,1.4639140340134875e-05,3.888039096517778e-36
formation_6x7.59001.peg.3336-MONOMER,1.7649014255219412e-11,1.2078955548180395e-34
formation_6x7.59001.peg.3347-MONOMER,0.0,-3.5137828693521254e-34
formation_6x7.59001.peg.3356-MONOMER,0.0,0.0
formation_6x7.59001.peg.3362-MONOMER,1.3659578677078132e-09,0.0
formation_6x7.59001.peg.3364-MONOMER,1.4639140340134875e-05,0.0
formation_6x7.59001.peg.34-MONOMER,0.0,0.0
formation_6x7.59001.peg.341-MONOMER,0.0,0.0
formation_6x7.59001.peg.351-MONOMER,1.119997601703395e-28,-4.131076106693166e-34
formation_6x7.59001.peg.354-MONOMER,1.4639140340134875e-05,0.0
formation_6x7.59001.peg.355-MONOMER,1.4639140340134875e-05,-3.866082650612063e-36
formation_6x7.59001.peg.361-MONOMER,3.399572043468368e-10,-1.2690561882162587e-35
formation_6x7.59001.peg.363-MONOMER,1.7649014255219412e-11,0.0
formation_6x7.59001.peg.364-MONOMER,0.0,0.0
formation_6x7.59001.peg.366-MONOMER,1.3370501529494807e-08,-1.1028129467815102e-34
formation_6x7.59001.peg.369-MONOMER,3.399572043468368e-10,0.0
formation_6x7.59001.peg.370-MONOMER,1.968762085060941e-08,0.0
formation_6x7.59001.peg.371-MONOMER,1.7649014255219412e-11,-2.5960227125748175e-35
formation_6x7.59001.peg.373-MONOMER,1.4639140340134875e-05,0.0
formation_6x7.59001.peg.374-MONOMER,5.32728808388099e-10,3.229923327100726e-34
formation_6x7.59001.peg.378-MONOMER,0.0,0.0
formation_6x7.59001.peg.384-MONOMER,0.0,3.6982719978948446e-34
formation_6x7.59001.peg.388-MONOMER,1.5943994549274034e-08,-2.0625272996941394e-34
formation_6x7.59001.peg.399-MONOMER,0.0,-1.384319758274253e-34
formation_6x7.59001.peg.40-MONOMER,1.4639140340134875e-05,0.0
formation_6x7.59001.peg.401-MONOMER,0.0,-2.503062782412469e-34
formation_6x7.59001.peg.402-MONOMER,0.0,-1.360361771688526e-34
formation_6x7.59001.peg.409-MONOMER,1.7649014255219412e-11,-1.563916746554781e-34
formation_6x7.59001.peg.41-MONOMER,1.4639140340134875e-05,1.8879951782518413e-36
formation_6x7.59001.peg.410-MONOMER,0.0,0.0
formation_6x7.59001.peg.414-MONOMER,0.0,0.0
formation_6x7.59001.peg.415-MONOMER,0.0,0.0
formation_6x7.59001.peg.416-MONOMER,0.0,2.030412087755264e-33
formation_6x7.59001.peg.420-MONOMER,1.4639140340134875e-05,0.0
formation_6x7.59001.peg.422-MONOMER,0.0,0.0
formation_6x7.59001.peg.423-MONOMER,1.3036496606679912e-09,-1.0111983153342565e-34
formation_6x7.59001.peg.424-MONOMER,0.0,-2.13080958374167e-34
formation_6x7.59001.peg.427-MONOMER,8.924430584273822e-07,0.0
formation_6x7.59001.peg.430-MONOMER,0.0,-1.90230278972991e-34
formation_6x7.59001.peg.432-MONOMER,8.146036885787918e-09,0.0
formation_6x7.59001.peg.433-MONOMER,2.982821124668896e-08,2.6277475418982994e-34
formation_6x7.59001.peg.441-MONOMER,1.4639140340134875e-05,0.0
formation_6x7.59001.peg.443-MONOMER,9.843810425304694e-09,0.0
formation_6x7.59001.peg.446-MONOMER,0.0,0.0
formation_6x7.59001.peg.449-MONOMER,4.883350538072288e-08,-6.404272977961949e-35
formation_6x7.59001.peg.450-MONOMER,0.0,1.5997513325591659e-34
formation_6x7.59001.peg.452-MONOMER,4.1339369268092213e-08,0.0
formation_6x7.59001.peg.465-MONOMER,8.80579169213405e-09,-5.4472581073829565e-34
formation_6x7.59001.peg.47-MONOMER,7.1960830091983414e-09,0.0
formation_6x7.59001.peg.473-MONOMER,0.0,0.0
formation_6x7.59001.peg.478-MONOMER,1.4639336416578829e-05,0.0
formation_6x7.59001.peg.479-MONOMER,1.4639140340134875e-05,-9.017354587795086e-36
formation_6x7.59001.peg.48-MONOMER,7.533548881325364e-09,0.0
formation_6x7.59001.peg.483-MONOMER,0.0,1.1897040136097802e-34
formation_6x7.59001.peg.484-MONOMER,0.0,0.0
formation_6x7.59001.peg.496-MONOMER,0.0,0.0
formation_6x7.59001.peg.499-MONOMER,0.0,0.0
formation_6x7.59001.peg.507-MONOMER,0.0,1.565773671563161e-34
formation_6x7.59001.peg.510-MONOMER,7.852090996972865e-08,-4.329677493369902e-34
formation_6x7.59001.peg.518-MONOMER,7.850999382024259e-09,0.0
formation_6x7.59001.peg.527-MONOMER,0.0,0.0
formation_6x7.59001.peg.532-MONOMER,0.0,2.1234987307012626e-34
formation_6x7.59001.peg.533-MONOMER,0.0,7.555299374168905e-34
formation_6x7.59001.peg.536-MONOMER,6.176592373448651e-08,0.0
formation_6x7.59001.peg.538-MONOMER,4.935003438016569e-11,6.188456186522487e-35
formation_6x7.59001.peg.54-MONOMER,8.12191083260062e-09,0.0
formation_6x7.59001.peg.540-MONOMER,0.0,0.0
formation_6x7.59001.peg.542-MONOMER,2.0396422842885365e-09,0.0
formation_6x7.59001.peg.543-MONOMER,1.0283421204082296e-07,1.5791667283108695e-34
formation_6x7.59001.peg.548-MONOMER,0.0,-4.30250528875753e-35
formation_6x7.59001.peg.549-MONOMER,0.0,0.0
formation_6x7.59001.peg.55-MONOMER,7.625101620249613e-09,-1.2625339098240028e-34
formation_6x7.59001.peg.550-MONOMER,0.0,0.0
formation_6x7.59001.peg.551-MONOMER,0.0,5.251249062341647e-34
formation_6x7.59001.peg.556-MONOMER,5.074631108410244e-09,-1.6452392308880683e-35
formation_6x7.59001.peg.557-MONOMER,0.0,0.0
formation_6x7.59001.peg.559-MONOMER,3.5298028510438864e-11,-1.180373207145275e-34
formation_6x7.59001.peg.560-MONOMER,0.0,0.0
formation_6x7.59001.peg.561-MONOMER,2.692237486524699e-10,0.0
formation_6x7.59001.peg.571-MONOMER,0.0,0.0
formation_6x7.59001.peg.580-MONOMER,0.0,0.0
formation_6x7.59001.peg.582-MONOMER,2.2528438671399017e-08,0.0
formation_6x7.59001.peg.587-MONOMER,1.7649014255219412e-11,0.0
formation_6x7.59001.peg.590-MONOMER,0.0,0.0
formation_6x7.59001.peg.591-MONOMER,0.0,0.0
formation_6x7.59001.peg.592-MONOMER,0.0,-2.5444928249094555e-34
formation_6x7.59001.peg.595-MONOMER,0.0,0.0
formation_6x7.59001.peg.597-MONOMER,0.0,2.120043301870931e-34
formation_6x7.59001.peg.601-MONOMER,1.7094286793673907e-08,0.0
formation_6x7.59001.peg.604-MONOMER,6.305176808692037e-07,3.159452278000485e-34
formation_6x7.59001.peg.608-MONOMER,1.4484058893526415e-09,0.0
formation_6x7.59001.peg.609-MONOMER,0.0,0.0
formation_6x7.59001.peg.617-MONOMER,0.0,0.0
formation_6x7.59001.peg.618-MONOMER,0.0,0.0
formation_6x7.59001.peg.619-MONOMER,0.0,6.330567557366235e-35
formation_6x7.59001.peg.626-MONOMER,0.0,0.0
formation_6x7.59001.peg.641-MONOMER,0.0,0.0
formation_6x7.59001.peg.646-MONOMER,0.0,2.0092029371198932e-34
formation_6x7.59001.peg.651-MONOMER,0.0,0.0
formation_6x7.59001.peg.669-MONOMER,0.0,0.0
formation_6x7.59001.peg.677-MONOMER,1.7649014255219412e-11,0.0
formation_6x7.59001.peg.690-MONOMER,0.0,0.0
formation_6x7.59001.peg.693-MONOMER,1.4639140340134875e-05,0.0
formation_6x7.59001.peg.694-MONOMER,1.8176847049799273e-06,7.022913995052013e-36
formation_6x7.59001.peg.695-MONOMER,3.058094045034259e-08,8.767673566614307e-34
formation_6x7.59001.peg.696-MONOMER,9.843810425304694e-09,0.0
formation_6x7.59001.peg.703-MONOMER,1.6519017746756283e-08,2.02313850693109e-35
formation_6x7.59001.peg.704-MONOMER,5.419429481498751e-07,0.0
formation_6x7.59001.peg.705-MONOMER,8.621083723497827e-09,1.9212885935591886e-35
formation_6x7.59001.peg.706-MONOMER,4.213939751419323e-09,0.0
formation_6x7.59001.peg.71-MONOMER,5.32728808388099e-10,-4.66743277913058e-34
formation_6x7.59001.peg.712-MONOMER,0.0,0.0
formation_6x7.59001.peg.72-MONOMER,1.0112513737603095e-07,4.1766159087225394e-35
formation_6x7.59001.peg.725-MONOMER,0.0,1.0752763523320748e-34
formation_6x7.59001.peg.733-MONOMER,6.971367197028702e-10,0.0
formation_6x7.59001.peg.735-MONOMER,1.7288482182341435e-08,0.0
formation_6x7.59001.peg.739-MONOMER,0.0,6.252940018805261e-34
formation_6x7.59001.peg.740-MONOMER,0.0,0.0
formation_6x7.59001.peg.747-MONOMER,0.0,3.900609556055794e-34
formation_6x7.59001.peg.748-MONOMER,0.0,1.4460510279943085e-34
formation_6x7.59001.peg.752-MONOMER,0.0,0.0
formation_6x7.59001.peg.77-MONOMER,0.0,-1.3813976457918556e-34
formation_6x7.59001.peg.79-MONOMER,8.738046505336807e-09,0.0
formation_6x7.59001.peg.80-MONOMER,0.0,0.0
formation_6x7.59001.peg.804-MONOMER,8.858603838189031e-09,0.0
formation_6x7.59001.peg.805-MONOMER,0.0,0.0
formation_6x7.59001.peg.815-MONOMER,0.0,0.0
formation_6x7.59001.peg.856-MONOMER,1.243684182027671e-07,0.0
formation_6x7.59001.peg.857-MONOMER,7.1958940374906475e-06,-1.6332466814637646e-34
formation_6x7.59001.peg.860-MONOMER,0.0,9.75081352996552e-34
formation_6x7.59001.peg.866-MONOMER,0.0,0.0
formation_6x7.59001.peg.868-MONOMER,0.0,-8.404030886564012e-35
formation_6x7.59001.peg.869-MONOMER,0.0,0.0
formation_6x7.59001.peg.875-MONOMER,0.0,-9.513053933794925e-34
formation_6x7.59001.peg.876-MONOMER,0.0,0.0
formation_6x7.59001.peg.889-MONOMER,0.0,4.955691376507348e-35
formation_6x7.59001.peg.89-MONOMER,2.475150242666722e-09,-2.010029556753756e-34
formation_6x7.59001.peg.910-MONOMER,2.875887442243018e-07,0.0
formation_6x7.59001.peg.914-MONOMER,0.0,0.0
formation_6x7.59001.peg.927-MONOMER,0.0,0.0
formation_6x7.59001.peg.928-MONOMER,0.0,-4.1462919362402576e-35
formation_6x7.59001.peg.932-MONOMER,0.0,0.0
formation_6x7.59001.peg.934-MONOMER,2.207562097169723e-09,0.0
formation_6x7.59001.peg.935-MONOMER,3.375825940666054e-10,-1.696059704855562e-33
formation_6x7.59001.peg.936-MONOMER,1.9607644395356792e-10,3.8780875161698896e-35
formation_6x7.59001.peg.94-MONOMER,0.0,-4.4053883878869633e-35
formation_6x7.59001.peg.944-MONOMER,0.0,0.0
formation_6x7.59001.peg.950-MONOMER,1.4639140340134875e-05,5.018820038489584e-35
formation_6x7.59001.peg.959-MONOMER,0.0,0.0
formation_6x7.59001.peg.963-MONOMER,1.517691098857664e-06,7.53580305911376e-34
formation_6x7.59001.peg.972-MONOMER,7.949211500675059e-13,0.0
formation_6x7.59001.peg.983-MONOMER,1.0241141878582316e-09,0.0
formation_6x7.59001.peg.99-MONOMER,4.003430726806934e-09,0.0
formation_6x7.59001.peg.996-MONOMER,0.0,-5.214805127143819e-34
formation_718251.5.peg.2703-MONOMER,0.0,0.0
formation_CPLX_3OAS100-0,2.1074174510972258e-07,0.0
formation_CPLX_ACACCTr-0,0.0,1.726272929526503e-34
formation_CPLX_ACACCTr-1,0.0,-3.237063441516308e-34
formation_CPLX_ACACCTr-2,0.0,0.0
formation_CPLX_ACACCTr-3,0.0,1.8368217190496269e-34
formation_CPLX_ACCOACL-0,2.265742180521286e-07,0.0
formation_CPLX_ACGApts-0,6.907386556431402e-08,0.0
formation_CPLX_ACHBPL-0,1.4396217632747558e-08,0.0
formation_CPLX_ACHBPL-1,0.0,0.0
formation_CPLX_ADOCBLabc-0,3.3051149331778845e-10,-1.635476863286652e-33
formation_CPLX_AIRC4-0,0.0,0.0
formation_CPLX_AKGS-0,9.584470378655393e-09,-3.057960107122078e-34
formation_CPLX_ANS-0,0.0,0.0
formation_CPLX_ARBTpts-0,0.0,-1.7456451273987375e-34
formation_CPLX_ASPabc-0,0.0,0.0
formation_CPLX_BTNCLi-0,1.6997372144332366e-07,4.000542821172839e-34
formation_CPLX_CBL1abc-0,0.0,-5.394114262203684e-34
formation_CPLX_CYTBD-0,0.0,0.0
formation_CPLX_CYTBD-3,0.0,3.3160970545797557e-34
formation_CPLX_CYTBD-4,0.0,1.886485012584764e-33
formation_CPLX_DADNt2r-0,0.0,3.341301540581023e-34
formation_CPLX_DADNt2r-1,-6.738318437193155e-30,3.325335323321e-34
formation_CPLX_DB4PS-0,3.1443482229627138e-09,6.321522814388452e-35
formation_CPLX_DMSOR1-0,0.0,0.0
formation_CPLX_DMSOR1-1,0.0,2.4254930045231976e-34
formation_CPLX_DRIBabc-0,0.0,5.402274542927245e-34
formation_CPLX_DRIBabc-1,0.0,-5.408157804543252e-34
formation_CPLX_DRIBabc-2,0.0,4.058958487854578e-34
formation_CPLX_FDH2-0,8.24735571141936e-07,-9.109155688537618e-35
formation_CPLX_FDH2-1,0.0,0.0
formation_CPLX_FDH2-2,0.0,2.3943917144053206e-34
formation_CPLX_FDH2-3,0.0,1.4481394735732709e-34
formation_CPLX_FDH2-4,0.0,-8.015829696503016e-35
formation_CPLX_FDH2-5,0.0,3.288575838996655e-34
formation_CPLX_FDH2-6,0.0,-9.30208489005227e-35
formation_CPLX_FDH2-7,0.0,5.952258045142831e-34
formation_CPLX_FDH2-8,0.0,-2.4256441861988813e-34
formation_CPLX_FRD2-0,0.0,-2.6755174960133005e-34
formation_CPLX_FRD2-1,1.1715154974190369e-06,1.3303521290427182e-34
formation_CPLX_FRD2-2,0.0,-2.504574643635284e-34
formation_CPLX_FRD2-3,0.0,-2.4905857154990453e-34
formation_CPLX_FRD2-4,0.0,4.0953289713163574e-34
formation_CPLX_FRUpts-0,5.5932739861979097e-08,-3.813811392433696e-34
formation_CPLX_G3PAT120-0,2.8986461647817634e-08,7.867389778777876e-35
formation_CPLX_G3PD5-0,0.0,2.9184112683109925e-34
formation_CPLX_GCCb-0,0.0,0.0
formation_CPLX_GCCc-0,0.0,0.0
formation_CPLX_GLCpts-0,0.0,-4.605768007840158e-34
formation_CPLX_GLCpts-1,0.0,0.0
formation_CPLX_GLUOX-1,1.363520548945198e-08,0.0
formation_CPLX_HYD1-0,0.0,8.958872914552204e-35
formation_CPLX_HYD1-1,0.0,1.101039005966463e-34
formation_CPLX_HYD1-2,0.0,-4.435247867301407e-35
formation_CPLX_HYD1-3,0.0,0.0
formation_CPLX_HYD1-4,0.0,-2.9449649962727513e-33
formation_CPLX_HYD1-5,0.0,-2.7892452395497027e-33
formation_CPLX_IPPMIa-0,0.0,0.0
formation_CPLX_IPPMIa-1,0.0,0.0
formation_CPLX_IPPMIa-2,0.0,0.0
formation_CPLX_IPPMIb-0,0.0,-8.783399523552915e-35
formation_CPLX_IPPMIb-1,0.0,0.0
formation_CPLX_IPPMIb-2,0.0,0.0
formation_CPLX_IPPMIb-3,0.0,0.0
formation_CPLX_MALTTRabc-0,0.0,1.1881607215250482e-33
formation_CPLX_MALTTRabc-1,0.0,3.965298399920766e-34
formation_CPLX_MALTTRabc-2,0.0,4.9208691267696285e-34
formation_CPLX_MALTTRabc-3,0.0,-3.1167899591113874e-34
formation_CPLX_MALTabc-0,0.0,-4.725085405385934e-34
formation_CPLX_MALTabc-1,0.0,6.625499991635406e-34
formation_CPLX_MANpts-0,0.0,-8.756024394130406e-35
formation_CPLX_METDabc-0,0.0,0.0
formation_CPLX_NO3R1-0,0.0,0.0
formation_CPLX_NO3R1-1,0.0,-1.8046501145938486e-34
formation_CPLX_PHEt2r-0,3.7643098871396235e-08,-5.140088648996461e-34
formation_CPLX_PIabc-0,0.0,2.075423684388748e-34
formation_CPLX_PTRCabc-0,2.959780314404378e-10,-9.881147240515452e-35
formation_CPLX_SUCOAS-0,9.837505696470332e-09,5.186336868803669e-34
formation_CPLX_THD2-0,0.0,4.3036440283654924e-34
formation_CPLX_THMabc-0,0.0,2.2376407057542626e-33
formation_CPLX_TKT1-0,0.0,0.0
formation_CPLX_YUMPS-0,0.0,0.0
formation_CPLX_YUMPS-1,1.7649014255219412e-11,4.7042504676767785e-34
formation_CPLX_ZNabc-0,2.8953680275508327e-13,-2.58019255579779e-33
formation_CPLX_dreplication-0,0.0,-5.340873192226437e-33
formation_CPLX_dreplication-1,0.0,5.5092002026671405e-33
formation_CPLX_pbiosynthesis-0,1.9607644395356792e-10,3.738037153102536e-33
formation_CPLX_pbiosynthesis-1,1.9607644395356792e-10,-2.944045319852289e-32
formation_CPLX_r0502-0,0.0,-2.428793342115809e-34
formation_CPLX_rtranscription-0,3.399572043468368e-10,1.1947511556828336e-32
formation_6x7.59001.peg.67-MONOMER_mod_mg2(1),1.1575334412586122e-08,0.0
formation_6x7.59001.peg.529-MONOMER_mod_pydx5p(1),0.0,0.0
formation_6x7.59001.peg.2735-MONOMER_mod_zn2(1)_mod_mg2(1),1.4135251796108775e-09,5.99578929789479e-34
formation_6x7.59001.peg.114-MONOMER_mod_zn2(1),0.0,3.986600377193084e-34
formation_6x7.59001.peg.1403-MONOMER_mod_mg2(1),0.0,0.0
formation_6x7.59001.peg.1449-MONOMER_mod_fe2(1),1.619650798196912e-43,0.0
formation_6x7.59001.peg.74-MONOMER_mod_mg2(1),0.0,0.0
formation_6x7.59001.peg.3294-MONOMER_mod_mg2(1),-5.38671132970395e-29,0.0
formation_6x7.59001.peg.2263-MONOMER_mod_mg2(1),0.0,-2.0158866250666534e-34
formation_6x7.59001.peg.3296-MONOMER_mod_zn2(1),0.0,-3.01612758380062e-34
formation_6x7.59001.peg.621-MONOMER_mod_4fe4s(1),0.0,1.1022725851440377e-34
formation_6x7.59001.peg.3081-MONOMER_mod_pydx5p(1),3.8078611241453647e-29,3.0902901508867564e-34
formation_6x7.59001.peg.2558-MONOMER_mod_mg2(1),0.0,-1.1360608017959007e-34
formation_6x7.59001.peg.2558-MONOMER_mod_mn2(1),0.0,-1.9455480233861846e-34
formation_6x7.59001.peg.916-MONOMER_mod_zn2(1)_mod_fe2(1)_mod_cobalt2(1)_mod_mg2(1)_mod_mn2(1),0.0,0.0
formation_6x7.59001.peg.1971-MONOMER_mod_pydx5p(1),2.05309246946307e-09,3.0422802313999807e-34
formation_6x7.59001.peg.3355-MONOMER_mod_mn2(1),0.0,0.0
formation_6x7.59001.peg.982-MONOMER_mod_mg2(1),1.064910685225936e-06,-2.3424641553209576e-34
formation_6x7.59001.peg.91-MONOMER_mod_mg2(1),0.0,-6.6751744151513e-34
formation_6x7.59001.peg.163-MONOMER_mod_mg2(1),0.0,0.0
formation_6x7.59001.peg.977-MONOMER_mod_mg2(1),0.0,0.0
formation_6x7.59001.peg.977-MONOMER_mod_mn2(1),3.702663671551699e-08,5.461565629556161e-34
formation_6x7.59001.peg.323-MONOMER_mod_mg2(1),-9.695500936838492e-31,4.171914691255242e-34
formation_6x7.59001.peg.2460-MONOMER_mod_zn2(1),5.892469673421715e-08,-1.8415845768817438e-34
formation_6x7.59001.peg.56-MONOMER_mod_nadp(1),9.972737656322685e-09,4.790563166860523e-35
formation_6x7.59001.peg.2810-MONOMER_mod_mn2(2),0.0,-1.3875570602355177e-34
formation_6x7.59001.peg.2929-MONOMER_mod_zn2(1),0.0,0.0
formation_6x7.59001.peg.692-MONOMER_mod_fe2(2),6.997108496614101e-09,-1.3095633581117976e-34
formation_6x7.59001.peg.2396-MONOMER_mod_pydx5p(1),0.0,-3.2086376892619775e-34
formation_6x7.59001.peg.2811-MONOMER_mod_mg2(1)_mod_pydx5p(4),0.0,-1.0945723126185796e-33
formation_6x7.59001.peg.3293-MONOMER_mod_mg2(1),0.0,0.0
formation_6x7.59001.peg.3123-MONOMER_mod_mn2(1),0.0,0.0
formation_6x7.59001.peg.2465-MONOMER_mod_mg2(1),0.0,0.0
formation_6x7.59001.peg.3332-MONOMER_mod_mg2(1),0.0,0.0
formation_6x7.59001.peg.278-MONOMER_mod_mg2(1),-9.268775575936133e-42,0.0
formation_6x7.59001.peg.278-MONOMER_mod_mn2(1),0.0,0.0
formation_6x7.59001.peg.278-MONOMER_mod_cobalt2(1),0.0,0.0
formation_6x7.59001.peg.1185-MONOMER_mod_pydx5p(1),2.7327645517671493e-41,0.0
formation_CPLX_ATPS4-0_mod_mg2(1),6.223473873831352e-07,-2.0387329298643032e-33
formation_6x7.59001.peg.338-MONOMER_mod_mg2(1),0.0,-9.306800688136303e-35
formation_6x7.59001.peg.2395-MONOMER_mod_4fe4s(1)_mod_2fe2s(1),0.0,-1.7302390861154888e-33
formation_CPLX_CBPS-0_mod_mg2(1),0.0,0.0
formation_CPLX_CBPS-0_mod_mn2(1),0.0,0.0
formation_CPLX_CBPS-0_mod_cobalt2(1),0.0,4.8533441232844625e-34
formation_CPLX_CBPS-0_mod_cd2(1),0.0,4.674190626589987e-34
formation_CPLX_CBPS-0_mod_zn2(1),0.0,0.0
formation_6x7.59001.peg.1347-MONOMER_mod_mg2(1),6.977446631127809e-08,0.0
formation_6x7.59001.peg.2310-MONOMER_mod_fmnh2(1),0.0,4.3338560971139785e-34
formation_6x7.59001.peg.2310-MONOMER_mod_fadh2(1),1.6859633644302424e-09,-1.713317822259998e-34
formation_6x7.59001.peg.1082-MONOMER_mod_mn2(1),0.0,-1.966767647278745e-34
formation_6x7.59001.peg.3311-MONOMER_mod_4fe4s(1),7.665253905794493e-10,1.9569085827174706e-34
formation_6x7.59001.peg.3086-MONOMER_mod_fe2(1)_mod_zn2(1),0.0,-2.012516643126595e-34
formation_6x7.59001.peg.3086-MONOMER_mod_mn2(1)_mod_zn2(1),0.0,2.2977158667144178e-34
formation_6x7.59001.peg.3086-MONOMER_mod_cobalt2(1)_mod_zn2(1),0.0,0.0
formation_6x7.59001.peg.2552-MONOMER_mod_mg2(1),1.125907021194679e-08,0.0
formation_6x7.59001.peg.1012-MONOMER_mod_pydx5p(1),0.0,-9.0173092653016e-34
formation_6x7.59001.peg.1091-MONOMER_mod_pydx5p(2),0.0,0.0
formation_6x7.59001.peg.1811-MONOMER_mod_pydx5p(1),0.0,0.0
formation_CPLX_CYTBD-1_mod_pheme(1)_mod_hemed(1),0.0,-2.2702770594046685e-34
formation_CPLX_CYTBD-2_mod_pheme(1)_mod_hemed(1),0.0,4.532569021766732e-34
formation_6x7.59001.peg.1116-MONOMER_mod_zn2(1),0.0,0.0
formation_6x7.59001.peg.1139-MONOMER_mod_mg2(1),9.111000505988817e-08,-5.045914207995028e-35
formation_6x7.59001.peg.2049-MONOMER_mod_mg2(1),2.6025839910933405e-07,-9.868999990584188e-35
formation_6x7.59001.peg.190-MONOMER_mod_cd2(1)_mod_zn2(1)_mod_mg2(1)_mod_mn2(1)_mod_cobalt2(1),0.0,0.0
formation_6x7.59001.peg.2760-MONOMER_mod_pydx5p(1),0.0,7.676333812125881e-34
formation_6x7.59001.peg.699-MONOMER_mod_mg2(1)_mod_k(1),4.6272619570804764e-08,1.7385194419934728e-34
formation_6x7.59001.peg.2391-MONOMER_mod_mg2(1),0.0,2.207034713962207e-34
formation_6x7.59001.peg.3209-MONOMER_mod_mg2(1),0.0,0.0
formation_6x7.59001.peg.1679-MONOMER_mod_fe3(1),2.8613726462665687e-09,-2.0933628979690437e-34
formation_6x7.59001.peg.2411-MONOMER_mod_fe2(1),0.0,0.0
formation_6x7.59001.peg.2686-MONOMER_mod_fe2(2),0.0,-4.966161801926213e-34
formation_6x7.59001.peg.31-MONOMER_mod_mg2(1),5.4777137595960936e-08,-1.0688516201400756e-34
formation_6x7.59001.peg.64-MONOMER_mod_4fe4s(1),1.6825885894647443e-08,-3.3973801273109287e-34
formation_6x7.59001.peg.1848-MONOMER_mod_mg2(1),0.0,0.0
formation_6x7.59001.peg.3251-MONOMER_mod_mg2(1),2.168387457957061e-09,-3.3917361466112334e-34
formation_6x7.59001.peg.1199-MONOMER_mod_fmn(1),0.0,9.698034009275896e-35
formation_6x7.59001.peg.1986-MONOMER_mod_zn2(2),0.0,0.0
formation_6x7.59001.peg.878-MONOMER_mod_fad(1),0.0,2.61577768366462e-34
formation_6x7.59001.peg.365-MONOMER_mod_mg2(1),2.0926187803092424e-09,0.0
formation_6x7.59001.peg.3094-MONOMER_mod_cobalt2(1)_mod_nad(1),4.699947869884388e-09,-2.6230234460398073e-34
formation_6x7.59001.peg.940-MONOMER_mod_mg2(1),0.0,-1.5353397238660774e-34
formation_6x7.59001.peg.940-MONOMER_mod_mn2(1),2.2230086974065822e-08,0.0
formation_6x7.59001.peg.546-MONOMER_mod_nadph(1)_mod_nadh(1)_mod_fad(1)_mod_cobalt2(1),6.359933333044984e-08,0.0
formation_6x7.59001.peg.1380-MONOMER_mod_mg2(1),0.0,-3.910984570886363e-35
formation_6x7.59001.peg.3324-MONOMER_mod_k(1)_mod_mg2(1),0.0,0.0
formation_6x7.59001.peg.1969-MONOMER_mod_mg2(1),1.6388065293915263e-08,0.0
formation_6x7.59001.peg.1447-MONOMER_mod_mg2(1),1.7181758784826166e-08,0.0
formation_6x7.59001.peg.37-MONOMER_mod_zn2(1),0.0,-2.8668906093414797e-34
formation_6x7.59001.peg.697-MONOMER_mod_mn2(1),0.0,0.0
formation_6x7.59001.peg.697-MONOMER_mod_cobalt2(1),5.5653826866170804e-08,-3.231653043947794e-34
formation_6x7.59001.peg.697-MONOMER_mod_mg2(1),0.0,0.0
formation_6x7.59001.peg.939-MONOMER_mod_thmpp(1),3.9351430062381804e-08,0.0
formation_6x7.59001.peg.1005-MONOMER_mod_fad(1),0.0,0.0
formation_6x7.59001.peg.2551-MONOMER_mod_mg2(4),3.3391861199220617e-06,0.0
formation_6x7.59001.peg.1581-MONOMER_mod_fmn(1),7.291384278839093e-10,-1.8319028870760866e-34
formation_6x7.59001.peg.3256-MONOMER_mod_mn2(1),0.0,1.8945669100669363e-34
formation_6x7.59001.peg.346-MONOMER_mod_mg2(1),0.0,5.059153956791322e-34
formation_6x7.59001.peg.258-MONOMER_mod_mn2(1),0.0,1.3966817794685538e-33
formation_6x7.59001.peg.257-MONOMER_mod_mg2(1),0.0,0.0
formation_6x7.59001.peg.261-MONOMER_mod_zn2(1),0.0,0.0
formation_6x7.59001.peg.3259-MONOMER_mod_fad(1),0.0,0.0
formation_6x7.59001.peg.2167-MONOMER_mod_mg2(1),1.0794382285292648e-07,0.0
formation_6x7.59001.peg.1989-MONOMER_mod_4fe4s(1),-7.144175543688425e-29,-1.0256713848310058e-35
formation_6x7.59001.peg.3346-MONOMER_mod_mg2(1),1.1773824511713642e-08,0.0
formation_6x7.59001.peg.2626-MONOMER_mod_pydx5p(1),8.022833070116653e-09,0.0
formation_6x7.59001.peg.3144-MONOMER_mod_fad(1),4.657859505743348e-07,0.0
formation_6x7.59001.peg.2407-MONOMER_mod_mg2(1),0.0,0.0
formation_6x7.59001.peg.1800-MONOMER_mod_mn2(1),0.0,3.636722492984404e-34
formation_6x7.59001.peg.2406-MONOMER_mod_fe2(1)_mod_zn2(1),0.0,0.0
formation_6x7.59001.peg.1722-MONOMER_mod_mg2(1),0.0,0.0
formation_6x7.59001.peg.3136-MONOMER_mod_pydx5p(1),0.0,0.0
formation_6x7.59001.peg.3143-MONOMER_mod_pydx5p(1),0.0,0.0
formation_6x7.59001.peg.3141-MONOMER_mod_mg2(1),0.0,-4.5844971935633925e-34
formation_6x7.59001.peg.3306-MONOMER_mod_mn2(1),0.0,0.0
formation_6x7.59001.peg.751-MONOMER_mod_mg2(1),0.0,0.0
formation_6x7.59001.peg.2704-MONOMER_mod_mg2(1),7.100981597959179e-10,0.0
formation_6x7.59001.peg.2717-MONOMER_mod_pydx5p(1),0.0,3.9332169833312925e-34
formation_CPLX_GLUOX-0_mod_fe2(1)_mod_fad(1),0.0,1.9182326623155358e-33
formation_6x7.59001.peg.2274-MONOMER_mod_mg2(1),0.0,2.548035122576796e-34
formation_6x7.59001.peg.1096-MONOMER_mod_mg2(1)_mod_zn2(1),1.2019181332661863e-08,9.324381511265129e-35
formation_6x7.59001.peg.57-MONOMER_mod_pydx5p(1),0.0,6.321302026048268e-34
formation_6x7.59001.peg.3255-MONOMER_mod_mg2(1),0.0,2.7017250856208466e-34
formation_6x7.59001.peg.3255-MONOMER_mod_mn2(1),2.6721671494316403e-09,2.3444504037599567e-34
formation_6x7.59001.peg.2675-MONOMER_mod_zn2(1),0.0,1.3234031382465455e-34
formation_6x7.59001.peg.516-MONOMER_mod_mg2(1),4.9232257590181356e-08,-4.457153008084233e-35
formation_6x7.59001.peg.2635-MONOMER_mod_mg2(1),0.0,-2.2943943822150762e-34
formation_6x7.59001.peg.107-MONOMER_mod_mg2(1),0.0,0.0
formation_6x7.59001.peg.2948-MONOMER_mod_ca2(1),0.0,0.0
formation_6x7.59001.peg.3149-MONOMER_mod_mg2(1),0.0,0.0
formation_6x7.59001.peg.984-MONOMER_mod_k(1)_mod_mg2(1),2.1101828474214477e-08,0.0
formation_6x7.59001.peg.2530-MONOMER_mod_mg2(1),0.0,2.413001440475846e-34
formation_6x7.59001.peg.3200-MONOMER_mod_fad(1),0.0,0.0
formation_6x7.59001.peg.246-MONOMER_mod_mg2(1),3.6316529569998234e-10,4.405357955274149e-34
formation_6x7.59001.peg.1110-MONOMER_mod_zn2(1),7.181182057959654e-10,0.0
formation_6x7.59001.peg.1961-MONOMER_mod_mg2(1),1.7541919568014429e-09,0.0
formation_6x7.59001.peg.70-MONOMER_mod_nh4(1)_mod_mg2(1),0.0,7.043765804729745e-34
formation_6x7.59001.peg.29-MONOMER_mod_mn2(1),0.0,0.0
formation_6x7.59001.peg.2996-MONOMER_mod_zn2(1),0.0,2.2732413529231945e-34
formation_6x7.59001.peg.400-MONOMER_mod_zn2(1),0.0,0.0
formation_6x7.59001.peg.627-MONOMER_mod_zn2(1),1.6911154727224246e-07,-1.1249075187314385e-33
formation_6x7.59001.peg.187-MONOMER_mod_mg2(1),0.0,-3.029615699538014e-34
formation_6x7.59001.peg.2143-MONOMER_mod_mn2(1),0.0,8.379959523917941e-34
formation_6x7.59001.peg.2145-MONOMER_mod_mg2(1),0.0,4.516675924312419e-34
formation_6x7.59001.peg.2145-MONOMER_mod_mn2(1),0.0,0.0
formation_6x7.59001.peg.90-MONOMER_mod_dpm(1),2.0914650377241447e-09,2.6665078150006674e-34
formation_6x7.59001.peg.644-MONOMER_mod_mg2(1),0.0,0.0
formation_6x7.59001.peg.528-MONOMER_mod_k(1)_mod_mg2(1),0.0,0.0
formation_6x7.59001.peg.2144-MONOMER_mod_pydx5p(1),0.0,3.041154562725891e-34
formation_6x7.59001.peg.1925-MONOMER_mod_mn2(1),0.0,0.0
formation_6x7.59001.peg.1925-MONOMER_mod_mg2(1),0.0,-1.836176629875771e-34
formation_6x7.59001.peg.2224-MONOMER_mod_mg2(1),9.535004824430289e-10,0.0
formation_6x7.59001.peg.63-MONOMER_mod_pydx5p(6),8.07428893902362e-08,-3.588602791079428e-33
formation_6x7.59001.peg.63-MONOMER_mod_pydx5p(1),0.0,1.9777726431944837e-34
formation_6x7.59001.peg.3233-MONOMER_mod_mg2(1)_mod_zn2(1),0.0,0.0
formation_6x7.59001.peg.3233-MONOMER_mod_mn2(1)_mod_zn2(1),0.0,0.0
formation_6x7.59001.peg.579-MONOMER_mod_mg2(1)_mod_mn2(1),0.0,0.0
formation_6x7.59001.peg.2040-MONOMER_mod_mg2(1),2.9771452169401693e-08,0.0
formation_6x7.59001.peg.464-MONOMER_mod_mg2(1),1.3340429092635282e-08,0.0
formation_6x7.59001.peg.3018-MONOMER_mod_pydx5p(1),0.0,6.497968455235362e-34
formation_6x7.59001.peg.262-MONOMER_mod_fe2(1),0.0,0.0
formation_6x7.59001.peg.1575-MONOMER_mod_ni2(1),0.0,0.0
formation_6x7.59001.peg.713-MONOMER_mod_pydx5p(1),0.0,0.0
formation_6x7.59001.peg.1115-MONOMER_mod_mn2(1),0.0,7.127047415439369e-34
formation_6x7.59001.peg.1115-MONOMER_mod_mg2(1),0.0,-8.167334302095293e-34
formation_6x7.59001.peg.1079-MONOMER_mod_mn2(1),0.0,-1.681124120712608e-33
formation_6x7.59001.peg.1079-MONOMER_mod_mg2(1),0.0,-9.571227033823403e-34
formation_6x7.59001.peg.2651-MONOMER_mod_mn2(1),9.687870211126436e-08,1.90502847947889e-34
formation_6x7.59001.peg.2727-MONOMER_mod_mn2(1),8.165238499156932e-08,0.0
formation_6x7.59001.peg.2728-MONOMER_mod_mg2(1),0.0,1.8125437142591578e-34
formation_6x7.59001.peg.2728-MONOMER_mod_mn2(1),0.0,0.0
formation_6x7.59001.peg.2728-MONOMER_mod_cobalt2(1),7.993585243933217e-08,0.0
formation_6x7.59001.peg.2813-MONOMER_mod_k(4)_mod_mg2(1),0.0,0.0
formation_6x7.59001.peg.2813-MONOMER_mod_k(4)_mod_mn2(1),0.0,2.629918666911636e-34
formation_6x7.59001.peg.2813-MONOMER_mod_k(4)_mod_cobalt2(1),0.0,0.0
formation_6x7.59001.peg.2813-MONOMER_mod_k(4)_mod_zn2(1),2.0289855815718162e-09,1.1658803666950064e-34
formation_6x7.59001.peg.2813-MONOMER_mod_k(4)_mod_cd2(1),0.0,1.2790124066229017e-34
formation_6x7.59001.peg.2813-MONOMER_mod_k(4)_mod_ni2(1),0.0,0.0
formation_6x7.59001.peg.2813-MONOMER_mod_k(4)_mod_ca2(1),0.0,0.0
formation_6x7.59001.peg.2813-MONOMER_mod_nh4(4)_mod_mg2(1),0.0,0.0
formation_6x7.59001.peg.2813-MONOMER_mod_nh4(4)_mod_mn2(1),0.0,1.2846170830362536e-34
formation_6x7.59001.peg.2813-MONOMER_mod_nh4(4)_mod_cobalt2(1),0.0,1.3358705740664537e-34
formation_6x7.59001.peg.2813-MONOMER_mod_nh4(4)_mod_zn2(1),0.0,1.1536068058504767e-34
formation_6x7.59001.peg.2813-MONOMER_mod_nh4(4)_mod_cd2(1),0.0,-1.2639544523473413e-34
formation_6x7.59001.peg.2813-MONOMER_mod_nh4(4)_mod_ni2(1),0.0,1.3419243449110198e-34
formation_6x7.59001.peg.2813-MONOMER_mod_nh4(4)_mod_ca2(1),0.0,1.286369002801853e-34
formation_6x7.59001.peg.2813-MONOMER_mod_tl(4)_mod_mg2(1),0.0,-9.126317083883421e-35
formation_6x7.59001.peg.2813-MONOMER_mod_tl(4)_mod_mn2(1),0.0,-1.9195911145002406e-34
formation_6x7.59001.peg.2813-MONOMER_mod_tl(4)_mod_cobalt2(1),0.0,-1.5360570391648479e-34
formation_6x7.59001.peg.2813-MONOMER_mod_tl(4)_mod_zn2(1),0.0,1.0419214895730434e-34
formation_6x7.59001.peg.2813-MONOMER_mod_tl(4)_mod_cd2(1),0.0,-1.8074005760087255e-34
formation_6x7.59001.peg.2813-MONOMER_mod_tl(4)_mod_ni2(1),0.0,1.3530574494259031e-34
formation_6x7.59001.peg.2813-MONOMER_mod_tl(4)_mod_ca2(1),0.0,-1.69483503536075e-35
formation_6x7.59001.peg.2813-MONOMER_mod_cs(4)_mod_mg2(1),0.0,-9.126317083883421e-35
formation_6x7.59001.peg.2813-MONOMER_mod_cs(4)_mod_mn2(1),0.0,-1.9195911145002406e-34
formation_6x7.59001.peg.2813-MONOMER_mod_cs(4)_mod_cobalt2(1),0.0,-1.5360570391648479e-34
formation_6x7.59001.peg.2813-MONOMER_mod_cs(4)_mod_zn2(1),0.0,1.0419214895730434e-34
formation_6x7.59001.peg.2813-MONOMER_mod_cs(4)_mod_cd2(1),0.0,-1.8074005760087255e-34
formation_6x7.59001.peg.2813-MONOMER_mod_cs(4)_mod_ni2(1),0.0,1.3530574494259031e-34
formation_6x7.59001.peg.2813-MONOMER_mod_cs(4)_mod_ca2(1),0.0,-1.69483503536075e-35
formation_6x7.59001.peg.2813-MONOMER_mod_na1(4)_mod_mg2(1),0.0,0.0
formation_6x7.59001.peg.2813-MONOMER_mod_na1(4)_mod_mn2(1),0.0,1.2963188165048887e-34
formation_6x7.59001.peg.2813-MONOMER_mod_na1(4)_mod_cobalt2(1),0.0,0.0
formation_6x7.59001.peg.2813-MONOMER_mod_na1(4)_mod_zn2(1),0.0,-1.1633648653281818e-34
formation_6x7.59001.peg.2813-MONOMER_mod_na1(4)_mod_cd2(1),0.0,1.2680149086591573e-34
formation_6x7.59001.peg.2813-MONOMER_mod_na1(4)_mod_ni2(1),0.0,-1.3538200105282093e-34
formation_6x7.59001.peg.2813-MONOMER_mod_na1(4)_mod_ca2(1),0.0,1.2995230026632297e-34
formation_6x7.59001.peg.3243-MONOMER_mod_pydx5p(1),3.205980510831356e-08,0.0
formation_6x7.59001.peg.3298-MONOMER_mod_fad(1),2.039527163821479e-08,0.0
formation_6x7.59001.peg.171-MONOMER_mod_zn2(1)_mod_cbl1(1),2.0029514093742525e-08,-4.221078232125211e-34
formation_6x7.59001.peg.2668-MONOMER_mod_mg2(1),0.0,-9.433119112552306e-35
formation_6x7.59001.peg.643-MONOMER_mod_mg2(1),0.0,1.3744131850276812e-33
formation_6x7.59001.peg.1945-MONOMER_mod_mg2(1)_mod_cu(1)_mod_fad(1),0.0,-3.1680267259119507e-34
formation_CPLX_NADH6-0_mod_2fe2s(1)_mod_4fe4s(1)_mod_fmn(1),1.4863420492337775e-28,-7.19702298637596e-33
formation_6x7.59001.peg.2577-MONOMER_mod_mg2(1),2.4019972607641333e-14,0.0
formation_6x7.59001.peg.2655-MONOMER_mod_mg2(1),0.0,-1.0583040975811803e-37
formation_6x7.59001.peg.2655-MONOMER_mod_mn2(1),0.001329435065443419,0.0
formation_6x7.59001.peg.2655-MONOMER_mod_ca2(1),0.0,-7.580893795910093e-38
formation_6x7.59001.peg.2483-MONOMER_mod_mg2(1),0.0,-1.606264666334533e-34
formation_6x7.59001.peg.2671-MONOMER_mod_fad(1)_mod_pheme(1),0.0,-1.347380985537963e-34
formation_6x7.59001.peg.2221-MONOMER_mod_hco3(1),5.807857235669117e-10,4.3898833653981205e-34
formation_6x7.59001.peg.991-MONOMER_mod_zn2(1),0.0,0.0
formation_6x7.59001.peg.991-MONOMER_mod_cobalt2(1),0.0,0.0
formation_6x7.59001.peg.2725-MONOMER_mod_cobalt2(1),0.0,-8.291992425088435e-35
formation_6x7.59001.peg.3282-MONOMER_mod_mg2(1),0.0,1.1922644827366737e-34
formation_6x7.59001.peg.2620-MONOMER_mod_mg2(1),0.0,0.0
formation_6x7.59001.peg.2055-MONOMER_mod_glycyl(1),0.0,0.0
formation_6x7.59001.peg.858-MONOMER_mod_glycyl(1),0.0,0.0
formation_6x7.59001.peg.2051-MONOMER_mod_pydx5p(1),0.0,-3.0536076164153703e-34
formation_6x7.59001.peg.129-MONOMER_mod_mn2(1),0.0,-8.846014637062754e-34
formation_6x7.59001.peg.2852-MONOMER_mod_pydx5p(1),-3.713382586536919e-29,0.0
formation_6x7.59001.peg.35-MONOMER_mod_mg2(1),0.0,1.5526164715679572e-34
formation_6x7.59001.peg.1552-MONOMER_mod_fad(1),0.0,0.0
formation_6x7.59001.peg.642-MONOMER_mod_mg2(1)_mod_k(1),0.0,1.9786365466214093e-34
formation_6x7.59001.peg.642-MONOMER_mod_mg2(1)_mod_nh4(1),0.0,0.0
formation_6x7.59001.peg.642-MONOMER_mod_mn2(1)_mod_k(1),0.0,-2.522610596218758e-34
formation_6x7.59001.peg.642-MONOMER_mod_mn2(1)_mod_nh4(1),0.0,2.9362505827825925e-34
formation_6x7.59001.peg.1708-MONOMER_mod_mg2(1),0.0,4.363288710248641e-34
formation_6x7.59001.peg.3263-MONOMER_mod_mg2(1),8.945635743063747e-07,0.0
formation_6x7.59001.peg.3090-MONOMER_mod_mg2(1)_mod_cl(1),0.0,-4.814236486483452e-34
formation_6x7.59001.peg.2410-MONOMER_mod_23bpg(1),0.0,1.1941754003730585e-34
formation_6x7.59001.peg.3274-MONOMER_mod_mn2(1),4.811752532737136e-06,-1.3962909447412458e-34
formation_6x7.59001.peg.2447-MONOMER_mod_mg2(1),1.5079321985465894e-07,0.0
formation_6x7.59001.peg.938-MONOMER_mod_mg2(1),5.05950638068747e-08,-8.778234049743866e-35
formation_6x7.59001.peg.1919-MONOMER_mod_mg2(1),4.740891312106604e-08,0.0
formation_6x7.59001.peg.139-MONOMER_mod_mg2(1),6.003772361430001e-10,0.0
formation_6x7.59001.peg.1665-MONOMER_mod_thmpp(1),0.0,5.754249405512448e-34
formation_6x7.59001.peg.345-MONOMER_mod_mg2(1),1.1865944984609578e-07,-1.2178730256242764e-34
formation_6x7.59001.peg.126-MONOMER_mod_zn2(1),1.6541527888621435e-09,4.593274445897364e-34
formation_6x7.59001.peg.38-MONOMER_mod_fmn(1),2.745704766645573e-10,1.4617887634550534e-33
formation_6x7.59001.peg.38-MONOMER_mod_mg2(1),0.0,2.55657169905258e-33
formation_6x7.59001.peg.3111-MONOMER_mod_mg2(1),0.0,0.0
formation_6x7.59001.peg.3111-MONOMER_mod_ca2(1),0.0,7.652272789610329e-35
formation_6x7.59001.peg.3111-MONOMER_mod_mn2(1),0.0,-1.8292836914616712e-34
formation_6x7.59001.peg.3297-MONOMER_mod_mg2(1),1.9355892289109764e-07,0.0
formation_6x7.59001.peg.451-MONOMER_mod_mn2(1),4.4194000170035245e-08,0.0
formation_6x7.59001.peg.1676-MONOMER_mod_mg2(1),0.0,2.597476893921222e-34
formation_6x7.59001.peg.156-MONOMER_mod_mg2(1),0.0,0.0
formation_6x7.59001.peg.1043-MONOMER_mod_k(1)_mod_mg2(1),0.0,2.3692424662648424e-34
formation_6x7.59001.peg.729-MONOMER_mod_mg2(1),0.0,4.733868704792435e-34
formation_6x7.59001.peg.1346-MONOMER_mod_mg2(1)_mod_pi(1),0.0,0.0
formation_6x7.59001.peg.1346-MONOMER_mod_mn2(1)_mod_pi(1),1.1545458943526498e-06,0.0
formation_6x7.59001.peg.501-MONOMER_mod_mg2(1),0.0,1.959870021041673e-34
formation_6x7.59001.peg.43-MONOMER_mod_mg2(1),4.3898272692032e-10,2.759624466722445e-34
formation_6x7.59001.peg.1391-MONOMER_mod_mg2(1)_mod_k(1),0.0,5.559023968461574e-34
formation_6x7.59001.peg.1391-MONOMER_mod_mn2(1)_mod_k(1),0.0,0.0
formation_6x7.59001.peg.1734-MONOMER_mod_mg2(1)_mod_k(1),0.0,0.0
formation_6x7.59001.peg.1734-MONOMER_mod_mn2(1)_mod_k(1),1.6601443353833464e-06,0.0
formation_6x7.59001.peg.1063-MONOMER_mod_zn2(1)_mod_cobalt2(1),0.0,7.370114311449074e-34
formation_6x7.59001.peg.1434-MONOMER_mod_mg2(1),0.0,-1.2213519591549766e-34
formation_6x7.59001.peg.2223-MONOMER_mod_mg2(1)_mod_mn2(1)_mod_thmpp(1),8.200880534471896e-10,0.0
formation_6x7.59001.peg.810-MONOMER_mod_pydx5p(1),0.0,0.0
formation_6x7.59001.peg.3095-MONOMER_mod_mg2(1),0.0,4.380568453808759e-35
formation_6x7.59001.peg.3095-MONOMER_mod_mn2(1),0.0,3.751268637437335e-35
formation_6x7.59001.peg.3095-MONOMER_mod_cobalt2(1),8.371064144278743e-09,0.0
formation_6x7.59001.peg.3095-MONOMER_mod_fe2(1),0.0,-2.9421783892991103e-35
formation_6x7.59001.peg.3095-MONOMER_mod_ca2(1),0.0,-3.138202143193681e-35
formation_6x7.59001.peg.3095-MONOMER_mod_k(1),0.0,0.0
formation_6x7.59001.peg.1569-MONOMER_mod_fe3(1),0.0,0.0
formation_6x7.59001.peg.215-MONOMER_mod_cu2(1),0.0,-8.944797195124996e-35
formation_6x7.59001.peg.2219-MONOMER_mod_mg2(1),5.594448579226119e-10,0.0
formation_6x7.59001.peg.2220-MONOMER_mod_mg2(1),2.0460768719513223e-09,0.0
formation_CPLX_SUCDi-0_mod_3fe4s(1)_mod_fad(1)_mod_2fe2s(1)_mod_4fe4s(1),0.0,1.0243163786177477e-34
formation_CPLX_SUCDi-1_mod_pheme(1)_mod_3fe4s(1)_mod_4fe4s(1)_mod_fad(1)_mod_2fe2s(1),-1.4863420492337775e-28,2.146802943718323e-33
formation_6x7.59001.peg.78-MONOMER_mod_nad(1),7.513550669743293e-09,1.1876954555248877e-34
formation_6x7.59001.peg.2044-MONOMER_mod_mg2(1),8.142888928278812e-09,-1.9584478739201984e-34
formation_6x7.59001.peg.3288-MONOMER_mod_fad(1),1.459847294715943e-07,0.0
formation_6x7.59001.peg.2093-MONOMER_mod_pydx5p(1),0.0,-7.817948693162497e-34
formation_6x7.59001.peg.58-MONOMER_mod_zn2(1),0.0,0.0
formation_6x7.59001.peg.65-MONOMER_mod_pydx5p(1),0.0,0.0
formation_6x7.59001.peg.854-MONOMER_mod_pydx5p(1),1.8144790169113497e-08,-1.926358204402146e-34
formation_6x7.59001.peg.2807-MONOMER_mod_thmpp(1)_mod_mn2(1)_mod_mg2(1),2.500135913813321e-07,0.0
formation_6x7.59001.peg.659-MONOMER_mod_mg2(1),0.0,-1.7277263890946733e-34
formation_6x7.59001.peg.1772-MONOMER_mod_mg2(1),0.0,-1.9110174766907435e-34
formation_6x7.59001.peg.937-MONOMER_mod_mg2(1),0.0,0.0
formation_6x7.59001.peg.148-MONOMER_mod_mg2(1),0.0,8.284448003505342e-35
formation_CPLX_TRPS1-0_mod_pydx5p(1),0.0,-8.37911206464427e-34
formation_6x7.59001.peg.76-MONOMER_mod_nad(1),0.0,-2.3914103942355025e-34
formation_6x7.59001.peg.2405-MONOMER_mod_nad(1),0.0,-2.3624721284216096e-34
formation_6x7.59001.peg.593-MONOMER_mod_k(1)_mod_mg2(1),0.0,0.0
formation_6x7.59001.peg.596-MONOMER_mod_mg2(1),0.0,-1.7476065436629714e-34
formation_6x7.59001.peg.137-MONOMER_mod_fad(1),0.0,0.0
formation_6x7.59001.peg.10-MONOMER_mod_pydx5p(1),1.8461439699988994e-07,-1.7350553322681695e-33
formation_6x7.59001.peg.1314-MONOMER_mod_hemed(6),0.0,0.0
formation_6x7.59001.peg.851-MONOMER_mod_pheme(1),0.0,0.0
formation_6x7.59001.peg.1726-MONOMER_mod_4fe4s(1),0.0,-5.289562196115385e-35
formation_6x7.59001.peg.2132-MONOMER_mod_4fe4s(1),0.0,5.724202422478218e-35
formation_6x7.59001.peg.1404-MONOMER_mod_mg2(5),0.0,-2.782236258704148e-34
formation_RNAP-CPLX_mod_zn2(1)_mod_mg2(2),4.603387136545353e-07,0.0
formation_6x7.59001.peg.1495-MONOMER_mod_zn2(2),1.7649014255219412e-11,1.5911206980305274e-34
formation_6x7.59001.peg.1574-MONOMER_mod_mg2(4),0.0,0.0
formation_6x7.59001.peg.1762-MONOMER_mod_mg2(1),0.0,0.0
formation_6x7.59001.peg.1942-MONOMER_mod_mg2(1),3.399572043468368e-10,0.0
formation_6x7.59001.peg.1973-MONOMER_mod_pan4p(1),9.914670201394766e-07,0.0
formation_6x7.59001.peg.1984-MONOMER_mod_zn2(2),9.248816962952354e-10,0.0
formation_6x7.59001.peg.2555-MONOMER_mod_4fe4s(1),1.7649014255219412e-11,3.097863833023478e-36
formation_6x7.59001.peg.2562-MONOMER_mod_mg2(2),1.058940855313166e-10,0.0
formation_6x7.59001.peg.2624-MONOMER_mod_2fe2s(1),0.0,0.0
formation_6x7.59001.peg.2624-MONOMER_mod_4fe4s(1),2.1252072240211456e-14,1.3382960775036978e-35
formation_6x7.59001.peg.2654-MONOMER_mod_4fe4s(1),1.7649014255219412e-11,3.097863833023478e-36
formation_6x7.59001.peg.2680-MONOMER_mod_mg2(1),5.29470427656582e-11,0.0
formation_6x7.59001.peg.30-MONOMER_mod_mg2(1),3.399572043468368e-10,2.1253747085680377e-35
formation_6x7.59001.peg.3031-MONOMER_mod_fe2(1),9.843810425304694e-09,-8.889027428474392e-34
formation_6x7.59001.peg.3032-MONOMER_mod_mg2(1)_mod_k(1),9.843810425304694e-09,-7.7712934661992e-34
formation_6x7.59001.peg.3089-MONOMER_mod_mg2(1),1.1163580672022469e-08,0.0
formation_6x7.59001.peg.309-MONOMER_mod_mg2(2),5.32728808388099e-10,0.0
formation_6x7.59001.peg.34-MONOMER_mod_mg2(1),3.921528879071363e-10,8.489074238301138e-35
formation_6x7.59001.peg.539-MONOMER_mod_zn2(4),4.935003438016569e-11,0.0
6x7.59001.peg.499-MONOMER_to_generic_16Sm4Cm1402,0.0,-0.3364555613199972
6x7.59001.peg.587-MONOMER_to_generic_16Sm4Cm1402,1.7649014255219412e-11,0.0
RNA_ETAF_RS00675_to_generic_16s_rRNAs,1.4639140340134875e-05,-1.7537718991855815e-33
RNA_ETAF_RS00830_to_generic_16s_rRNAs,0.0,1.7537718991855815e-33
RNA_ETAF_RS02590_to_generic_16s_rRNAs,0.0,1.7537718991855815e-33
RNA_ETAF_RS12905_to_generic_16s_rRNAs,0.0,-1.7537718991855815e-33
RNA_ETAF_RS14480_to_generic_16s_rRNAs,0.0,-3.507543798371163e-33
RNA_ETAF_RS14500_to_generic_16s_rRNAs,0.0,1.7537718991855815e-33
RNA_ETAF_RS15775_to_generic_16s_rRNAs,0.0,1.7537718991855815e-33
RNA_ETAF_RS16010_to_generic_16s_rRNAs,0.0,1.7537718991855815e-33
RNA_ETAF_RS00685_to_generic_23s_rRNAs,1.4639140340134875e-05,-5.192755957369692e-33
RNA_ETAF_RS00840_to_generic_23s_rRNAs,0.0,0.0
RNA_ETAF_RS02600_to_generic_23s_rRNAs,0.0,0.0
RNA_ETAF_RS12895_to_generic_23s_rRNAs,0.0,0.0
RNA_ETAF_RS14465_to_generic_23s_rRNAs,0.0,0.0
RNA_ETAF_RS14490_to_generic_23s_rRNAs,0.0,0.0
RNA_ETAF_RS15765_to_generic_23s_rRNAs,0.0,0.0
RNA_ETAF_RS16000_to_generic_23s_rRNAs,0.0,0.0
RNA_ETAF_RS00690_to_generic_5s_rRNAs,0.0,-3.42072261943229e-34
RNA_ETAF_RS00845_to_generic_5s_rRNAs,0.0,1.710361309716145e-34
RNA_ETAF_RS02605_to_generic_5s_rRNAs,0.0,0.0
RNA_ETAF_RS12890_to_generic_5s_rRNAs,0.0,0.0
RNA_ETAF_RS14460_to_generic_5s_rRNAs,0.0,0.0
RNA_ETAF_RS14485_to_generic_5s_rRNAs,1.4639140340134875e-05,0.0
RNA_ETAF_RS15760_to_generic_5s_rRNAs,0.0,-3.42072261943229e-34
RNA_ETAF_RS15985_to_generic_5s_rRNAs,0.0,-0.0005008063359602853
RNA_ETAF_RS15995_to_generic_5s_rRNAs,0.0,-3.42072261943229e-34
6x7.59001.peg.204-MONOMER_to_generic_Dus,0.0,-0.07122675590833293
6x7.59001.peg.2386-MONOMER_to_generic_Dus,0.0,-0.5163060808738816
6x7.59001.peg.2984-MONOMER_to_generic_Dus,0.0,0.0
6x7.59001.peg.2772-MONOMER_to_generic_LYSINEaaRS,1.9607644395356792e-10,0.0
CPLX_pbiosynthesis-0_to_generic_LYSINEaaRS,0.0,-35.22155408818893
CPLX_pbiosynthesis-1_to_generic_LYSINEaaRS,0.0,-30.132204750814314
6x7.59001.peg.1350-MONOMER_to_generic_RF,0.0,-0.12165806101461718
6x7.59001.peg.2773-MONOMER_to_generic_RF,3.175687772299077e-09,7.572859063085238e-35
6x7.59001.peg.1404-MONOMER_to_generic_RNase,0.0,-1.477875266864928
6x7.59001.peg.1404-MONOMER_mod_mg2(5)_to_generic_RNase,0.0,-1.473837289761148
6x7.59001.peg.1574-MONOMER_to_generic_RNase,0.0,-0.7415249523898838
6x7.59001.peg.1574-MONOMER_mod_mg2(4)_to_generic_RNase,0.0,-0.7382945707068601
6x7.59001.peg.1762-MONOMER_to_generic_RNase,0.0,-1.0943610207919563
6x7.59001.peg.1762-MONOMER_mod_mg2(1)_to_generic_RNase,0.0,-1.0935534253712003
6x7.59001.peg.34-MONOMER_to_generic_RNase,0.0,-0.0008075954207559501
6x7.59001.peg.34-MONOMER_mod_mg2(1)_to_generic_RNase,3.921528879071363e-10,0.0
6x7.59001.peg.3065-MONOMER_to_generic_Tuf,1.8176847049799273e-06,2.931810335615308e-35
6x7.59001.peg.12-MONOMER_to_generic_gly_c_ligase,0.0,-1.525901761215065
6x7.59001.peg.13-MONOMER_to_generic_gly_c_ligase,1.300009396995131e-07,1.3498108284759788e-34
CPLX_pbiosynthesis-0_to_generic_gly_c_ligase,0.0,-36.096392305732316
CPLX_pbiosynthesis-1_to_generic_gly_c_ligase,0.0,-31.007042968357702
6x7.59001.peg.1697-MONOMER_to_generic_phe_ligase,0.0,-1.814381261769028
6x7.59001.peg.1698-MONOMER_to_generic_phe_ligase,8.404831279825291e-08,0.0
CPLX_pbiosynthesis-0_to_generic_phe_ligase,0.0,-36.207142891390895
CPLX_pbiosynthesis-1_to_generic_phe_ligase,0.0,-31.11779355401628
6x7.59001.peg.2216-MONOMER_to_generic_trp_ligase,0.0,-0.2919752365759841
6x7.59001.peg.3089-MONOMER_to_generic_trp_ligase,0.0,-0.0008075954207559501
6x7.59001.peg.3089-MONOMER_mod_mg2(1)_to_generic_trp_ligase,1.1163580672022469e-08,1.573542986828071e-34
CPLX_pbiosynthesis-0_to_generic_trp_ligase,0.0,-35.6880587298501
CPLX_pbiosynthesis-1_to_generic_trp_ligase,0.0,-30.598709392475484
transcription_RNA_dummy,2.729269162261775e-05,-1.818347210124921e-33
DM_RNA_dummy,0.0,-0.05208951121679846
translation_dummy,0.0018672689913162258,-1.7270077075912948e-33
formation_CPLX_dummy,2.5733691835744393e-05,1.1256391178731835e-34
dummy_protein_to_mass,0.0018415352994804813,0.0
15DAPt_REV_CPLX_dummy,0.0,-9.971766880223355e-07
15DAPt_FWD_CPLX_dummy,0.0,-1.4140324192273058e-06
23DHMPO_REV_6x7.59001.peg.67-MONOMER_mod_mg2(1),0.0,-1.3840222220821183e-06
23DHMPO_FWD_6x7.59001.peg.67-MONOMER_mod_mg2(1),0.0,-1.3840222220821183e-06
2AHBUTI_REV_6x7.59001.peg.67-MONOMER_mod_mg2(1),0.0,-2.7680444441642366e-06
2AHBUTI_FWD_6x7.59001.peg.67-MONOMER_mod_mg2(1),0.0,0.0
2MBCOATA_REV_6x7.59001.peg.1975-MONOMER,0.0,-1.672782317466346e-06
2MBCOATA_FWD_6x7.59001.peg.1975-MONOMER,0.024031383081258576,5.734408447278718e-38
2OMMBOX_REV_6x7.59001.peg.2792-MONOMER,0.0,-3.3230078646684428e-06
2OMMBOX_FWD_6x7.59001.peg.2792-MONOMER,0.0,-7.727412330154261e-38
2OMMBOX_REV_6x7.59001.peg.2466-MONOMER,0.0,-3.5603032479798935e-06
2OMMBOX_FWD_6x7.59001.peg.2466-MONOMER,0.0,-2.3729538331145078e-07
2OMPHH_REV_6x7.59001.peg.2793-MONOMER,0.0,-3.877825435206476e-06
2OMPHH_FWD_6x7.59001.peg.2793-MONOMER,0.0,1.0201059256116814e-37
3CARLPDH_REV_6x7.59001.peg.2425-MONOMER,0.0,-1.8823703676533973e-06
3CARLPDH_FWD_6x7.59001.peg.2425-MONOMER,0.0,1.6371860124285128e-38
3HAD100_REV_6x7.59001.peg.704-MONOMER,0.0,-1.5186792169378945e-06
3HAD100_FWD_6x7.59001.peg.704-MONOMER,0.0,4.030858170325391e-36
3HAD100_REV_6x7.59001.peg.1214-MONOMER,0.0,-1.7618865134445433e-06
3HAD100_FWD_6x7.59001.peg.1214-MONOMER,0.0,-2.432072965066488e-07
3HAD10M11_REV_6x7.59001.peg.704-MONOMER,0.0,-1.4785677330571375e-06
3HAD10M11_FWD_6x7.59001.peg.704-MONOMER,0.0,7.595074936549198e-41
3HAD10M12_REV_6x7.59001.peg.704-MONOMER,0.0,-1.4785677330571375e-06
3HAD10M12_FWD_6x7.59001.peg.704-MONOMER,0.024031383081258576,-5.015787488097091e-37
3HAD11M12_REV_6x7.59001.peg.704-MONOMER,0.0,-1.4785677330571375e-06
3HAD11M12_FWD_6x7.59001.peg.704-MONOMER,0.024031383081258576,1.9871754063987323e-36
3HAD120_REV_6x7.59001.peg.704-MONOMER,0.0,-1.5187131937905037e-06
3HAD120_FWD_6x7.59001.peg.704-MONOMER,0.0,1.5421040151169494e-36
3HAD120_REV_6x7.59001.peg.1214-MONOMER,0.0,-1.7619204902971525e-06
3HAD120_FWD_6x7.59001.peg.1214-MONOMER,0.0,-2.432072965066488e-07
3HAD12M13_REV_6x7.59001.peg.704-MONOMER,0.0,-1.4785677330571375e-06
3HAD12M13_FWD_6x7.59001.peg.704-MONOMER,0.0,7.595074936549198e-41
3HAD12M14_REV_6x7.59001.peg.704-MONOMER,0.0,-1.4785677330571375e-06
3HAD12M14_FWD_6x7.59001.peg.704-MONOMER,0.024031383081258576,-5.015787488097091e-37
3HAD13M14_REV_6x7.59001.peg.704-MONOMER,0.0,-1.4785677330571375e-06
3HAD13M14_FWD_6x7.59001.peg.704-MONOMER,0.024031383081258576,1.9871754063987323e-36
3HAD140_REV_6x7.59001.peg.704-MONOMER,0.0,-1.5187471708069638e-06
3HAD140_FWD_6x7.59001.peg.704-MONOMER,0.0,1.5421040151169494e-36
3HAD140_REV_6x7.59001.peg.1214-MONOMER,0.0,-1.7619544673136126e-06
3HAD140_FWD_6x7.59001.peg.1214-MONOMER,0.0,-2.432072965066488e-07
3HAD14M15_REV_6x7.59001.peg.704-MONOMER,0.0,-1.4785677330571375e-06
3HAD14M15_FWD_6x7.59001.peg.704-MONOMER,0.0,1.9871754063987323e-36
3HAD14M16_REV_6x7.59001.peg.704-MONOMER,0.0,-1.4785677330571375e-06
3HAD14M16_FWD_6x7.59001.peg.704-MONOMER,0.024031383081258576,-5.015787488097091e-37
3HAD15M16_REV_6x7.59001.peg.704-MONOMER,0.0,-1.4785677330571375e-06
3HAD15M16_FWD_6x7.59001.peg.704-MONOMER,0.024031383081258576,1.1942192027232499e-35
3HAD160_REV_6x7.59001.peg.704-MONOMER,0.0,-1.518749822914091e-06
3HAD160_FWD_6x7.59001.peg.704-MONOMER,0.0,-9.466501400914921e-37
3HAD160_REV_6x7.59001.peg.1214-MONOMER,0.0,-1.7619571194207397e-06
3HAD160_FWD_6x7.59001.peg.1214-MONOMER,0.0,-2.432072965066488e-07
3HAD180_REV_6x7.59001.peg.704-MONOMER,0.0,-1.5187360071716587e-06
3HAD180_FWD_6x7.59001.peg.704-MONOMER,0.0,4.030858170325391e-36
3HAD40_REV_6x7.59001.peg.704-MONOMER,0.0,-1.5187162893618494e-06
3HAD40_FWD_6x7.59001.peg.704-MONOMER,0.0,1.5421040151169494e-36
3HAD40_REV_6x7.59001.peg.1214-MONOMER,0.0,-1.7619235858684982e-06
3HAD40_FWD_6x7.59001.peg.1214-MONOMER,0.0,-2.432072965066488e-07
3HAD4M5_REV_6x7.59001.peg.704-MONOMER,0.0,-1.4785677330571375e-06
3HAD4M5_FWD_6x7.59001.peg.704-MONOMER,0.0,1.9871754063987323e-36
3HAD4M6_REV_6x7.59001.peg.704-MONOMER,0.0,-1.4785677330571375e-06
3HAD4M6_FWD_6x7.59001.peg.704-MONOMER,0.024031383081258576,-5.015787488097091e-37
3HAD5M6_REV_6x7.59001.peg.704-MONOMER,0.0,-1.4785677330571375e-06
3HAD5M6_FWD_6x7.59001.peg.704-MONOMER,0.024031383081258576,-7.967841214435033e-36
3HAD60_REV_6x7.59001.peg.704-MONOMER,0.0,-1.5186112637242257e-06
3HAD60_FWD_6x7.59001.peg.704-MONOMER,0.0,1.5421040151169494e-36
3HAD60_REV_6x7.59001.peg.1214-MONOMER,0.0,-1.7618185602308745e-06
3HAD60_FWD_6x7.59001.peg.1214-MONOMER,0.0,-2.432072965066488e-07
3HAD6M7_REV_6x7.59001.peg.704-MONOMER,0.0,-1.4785677330571375e-06
3HAD6M7_FWD_6x7.59001.peg.704-MONOMER,0.0,7.595074936549198e-41
3HAD6M8_REV_6x7.59001.peg.704-MONOMER,0.0,-1.4785677330571375e-06
3HAD6M8_FWD_6x7.59001.peg.704-MONOMER,0.024031383081258576,-2.9903329040181507e-36
3HAD7M8_REV_6x7.59001.peg.704-MONOMER,0.0,-1.4785677330571375e-06
3HAD7M8_FWD_6x7.59001.peg.704-MONOMER,0.024031383081258576,1.9871754063987323e-36
3HAD80_REV_6x7.59001.peg.704-MONOMER,0.0,-1.5186452402491354e-06
3HAD80_FWD_6x7.59001.peg.704-MONOMER,0.0,1.5421040151169494e-36
3HAD80_REV_6x7.59001.peg.1214-MONOMER,0.0,-1.7618525367557844e-06
3HAD80_FWD_6x7.59001.peg.1214-MONOMER,0.0,-2.432072965066488e-07
3HAD8M10_REV_6x7.59001.peg.704-MONOMER,0.0,-1.4785677330571375e-06
3HAD8M10_FWD_6x7.59001.peg.704-MONOMER,0.024031383081258576,-5.015787488097091e-37
3HAD8M9_REV_6x7.59001.peg.704-MONOMER,0.0,-1.4785677330571375e-06
3HAD8M9_FWD_6x7.59001.peg.704-MONOMER,0.0,7.595074936549198e-41
3HAD9M10_REV_6x7.59001.peg.704-MONOMER,0.0,-1.4785677330571375e-06
3HAD9M10_FWD_6x7.59001.peg.704-MONOMER,0.024031383081258576,-7.967841214435033e-36
3MOBS_REV_6x7.59001.peg.580-MONOMER,0.0,3.5371987487464336e-39
3MOBS_FWD_6x7.59001.peg.580-MONOMER,0.0,-9.372201078564645e-07
3OAR100_REV_6x7.59001.peg.2834-MONOMER,0.0,-1.664946516439419e-06
3OAR100_FWD_6x7.59001.peg.2834-MONOMER,0.0,-7.137953512139837e-07
3OAR100_REV_6x7.59001.peg.927-MONOMER,0.0,-9.71873414680282e-07
3OAR100_FWD_6x7.59001.peg.927-MONOMER,0.0,-2.0722249454846778e-08
3OAR100_REV_6x7.59001.peg.928-MONOMER,0.0,-1.0264274809365622e-06
3OAR100_FWD_6x7.59001.peg.928-MONOMER,0.0,-7.527631571112677e-08
3OAR100_REV_6x7.59001.peg.1974-MONOMER,0.0,-9.511511652254354e-07
3OAR100_FWD_6x7.59001.peg.1974-MONOMER,0.0,-5.327553948594432e-38
3OAR10M11_REV_6x7.59001.peg.2834-MONOMER,0.0,-1.6248333817947869e-06
3OAR10M11_FWD_6x7.59001.peg.2834-MONOMER,0.0,-7.137953512139837e-07
3OAR10M11_REV_6x7.59001.peg.927-MONOMER,0.0,-9.317602800356499e-07
3OAR10M11_FWD_6x7.59001.peg.927-MONOMER,0.0,-2.0722249454846778e-08
3OAR10M11_REV_6x7.59001.peg.928-MONOMER,0.0,-9.863143462919298e-07
3OAR10M11_FWD_6x7.59001.peg.928-MONOMER,0.0,-7.527631571112677e-08
3OAR10M11_REV_6x7.59001.peg.1974-MONOMER,0.0,-9.110380305808031e-07
3OAR10M11_FWD_6x7.59001.peg.1974-MONOMER,0.0,4.305743239515404e-39
3OAR10M12_REV_6x7.59001.peg.2834-MONOMER,0.0,-1.6248333817947869e-06
3OAR10M12_FWD_6x7.59001.peg.2834-MONOMER,0.0,-7.137953512139837e-07
3OAR10M12_REV_6x7.59001.peg.927-MONOMER,0.0,-9.317602800356499e-07
3OAR10M12_FWD_6x7.59001.peg.927-MONOMER,0.0,-2.0722249454846778e-08
3OAR10M12_REV_6x7.59001.peg.928-MONOMER,0.0,-9.863143462919298e-07
3OAR10M12_FWD_6x7.59001.peg.928-MONOMER,0.0,-7.527631571112677e-08
3OAR10M12_REV_6x7.59001.peg.1974-MONOMER,0.0,-9.110380305808031e-07
3OAR10M12_FWD_6x7.59001.peg.1974-MONOMER,0.024031383081258576,8.838919692831479e-36
3OAR11M12_REV_6x7.59001.peg.2834-MONOMER,0.0,-1.6248333817947869e-06
3OAR11M12_FWD_6x7.59001.peg.2834-MONOMER,0.0,-7.137953512139837e-07
3OAR11M12_REV_6x7.59001.peg.927-MONOMER,0.0,-9.317602800356499e-07
3OAR11M12_FWD_6x7.59001.peg.927-MONOMER,0.0,-2.0722249454846778e-08
3OAR11M12_REV_6x7.59001.peg.928-MONOMER,0.0,-9.863143462919298e-07
3OAR11M12_FWD_6x7.59001.peg.928-MONOMER,0.0,-7.527631571112677e-08
3OAR11M12_REV_6x7.59001.peg.1974-MONOMER,0.0,-9.110380305808031e-07
3OAR11M12_FWD_6x7.59001.peg.1974-MONOMER,0.024031383081258576,-5.9018886848862104e-36
3OAR120_REV_6x7.59001.peg.2834-MONOMER,0.0,-1.6649804932510657e-06
3OAR120_FWD_6x7.59001.peg.2834-MONOMER,0.0,-7.137953512139837e-07
3OAR120_REV_6x7.59001.peg.927-MONOMER,0.0,-9.719073914919288e-07
3OAR120_FWD_6x7.59001.peg.927-MONOMER,0.0,-2.0722249454846778e-08
3OAR120_REV_6x7.59001.peg.928-MONOMER,0.0,-1.0264614577482086e-06
3OAR120_FWD_6x7.59001.peg.928-MONOMER,0.0,-7.527631571112677e-08
3OAR120_REV_6x7.59001.peg.1974-MONOMER,0.0,-9.511851420370819e-07
3OAR120_FWD_6x7.59001.peg.1974-MONOMER,0.0,-6.370764844222097e-36
3OAR12M13_REV_6x7.59001.peg.2834-MONOMER,0.0,-1.6248333817947869e-06
3OAR12M13_FWD_6x7.59001.peg.2834-MONOMER,0.0,-7.137953512139837e-07
3OAR12M13_REV_6x7.59001.peg.927-MONOMER,0.0,-9.317602800356499e-07
3OAR12M13_FWD_6x7.59001.peg.927-MONOMER,0.0,-2.0722249454846778e-08
3OAR12M13_REV_6x7.59001.peg.928-MONOMER,0.0,-9.863143462919298e-07
3OAR12M13_FWD_6x7.59001.peg.928-MONOMER,0.0,-7.527631571112677e-08
3OAR12M13_REV_6x7.59001.peg.1974-MONOMER,0.0,-9.110380305808031e-07
3OAR12M13_FWD_6x7.59001.peg.1974-MONOMER,0.0,4.305743239515404e-39
3OAR12M14_REV_6x7.59001.peg.2834-MONOMER,0.0,-1.6248333817947869e-06
3OAR12M14_FWD_6x7.59001.peg.2834-MONOMER,0.0,-7.137953512139837e-07
3OAR12M14_REV_6x7.59001.peg.927-MONOMER,0.0,-9.317602800356499e-07
3OAR12M14_FWD_6x7.59001.peg.927-MONOMER,0.0,-2.0722249454846778e-08
3OAR12M14_REV_6x7.59001.peg.928-MONOMER,0.0,-9.863143462919298e-07
3OAR12M14_FWD_6x7.59001.peg.928-MONOMER,0.0,-7.527631571112677e-08
3OAR12M14_REV_6x7.59001.peg.1974-MONOMER,0.0,-9.110380305808031e-07
3OAR12M14_FWD_6x7.59001.peg.1974-MONOMER,0.024031383081258576,2.5214303880953263e-36
3OAR13M14_REV_6x7.59001.peg.2834-MONOMER,0.0,-1.6248333817947869e-06
3OAR13M14_FWD_6x7.59001.peg.2834-MONOMER,0.0,-7.137953512139837e-07
3OAR13M14_REV_6x7.59001.peg.927-MONOMER,0.0,-9.317602800356499e-07
3OAR13M14_FWD_6x7.59001.peg.927-MONOMER,0.0,-2.0722249454846778e-08
3OAR13M14_REV_6x7.59001.peg.928-MONOMER,0.0,-9.863143462919298e-07
3OAR13M14_FWD_6x7.59001.peg.928-MONOMER,0.0,-7.527631571112677e-08
3OAR13M14_REV_6x7.59001.peg.1974-MONOMER,0.0,-9.110380305808031e-07
3OAR13M14_FWD_6x7.59001.peg.1974-MONOMER,0.024031383081258576,2.5214303880953263e-36
3OAR140_REV_6x7.59001.peg.2834-MONOMER,0.0,-1.665014470226563e-06
3OAR140_FWD_6x7.59001.peg.2834-MONOMER,0.0,-7.137953512139837e-07
3OAR140_REV_6x7.59001.peg.927-MONOMER,0.0,-9.71941368467426e-07
3OAR140_FWD_6x7.59001.peg.927-MONOMER,0.0,-2.0722249454846778e-08
3OAR140_REV_6x7.59001.peg.928-MONOMER,0.0,-1.026495434723706e-06
3OAR140_FWD_6x7.59001.peg.928-MONOMER,0.0,-7.527631571112677e-08
3OAR140_REV_6x7.59001.peg.1974-MONOMER,0.0,-9.512191190125792e-07
3OAR140_FWD_6x7.59001.peg.1974-MONOMER,0.028223593485756752,-5.327553948594432e-38
3OAR14M15_REV_6x7.59001.peg.2834-MONOMER,0.0,-1.6248333817947869e-06
3OAR14M15_FWD_6x7.59001.peg.2834-MONOMER,0.0,-7.137953512139837e-07
3OAR14M15_REV_6x7.59001.peg.927-MONOMER,0.0,-9.317602800356499e-07
3OAR14M15_FWD_6x7.59001.peg.927-MONOMER,0.0,-2.0722249454846778e-08
3OAR14M15_REV_6x7.59001.peg.928-MONOMER,0.0,-9.863143462919298e-07
3OAR14M15_FWD_6x7.59001.peg.928-MONOMER,0.0,-7.527631571112677e-08
3OAR14M15_REV_6x7.59001.peg.1974-MONOMER,0.0,-9.110380305808031e-07
3OAR14M15_FWD_6x7.59001.peg.1974-MONOMER,0.0,-5.9018886848862104e-36
3OAR14M16_REV_6x7.59001.peg.2834-MONOMER,0.0,-1.6248333817947869e-06
3OAR14M16_FWD_6x7.59001.peg.2834-MONOMER,0.0,-7.137953512139837e-07
3OAR14M16_REV_6x7.59001.peg.927-MONOMER,0.0,-9.317602800356499e-07
3OAR14M16_FWD_6x7.59001.peg.927-MONOMER,0.0,-2.0722249454846778e-08
3OAR14M16_REV_6x7.59001.peg.928-MONOMER,0.0,-9.863143462919298e-07
3OAR14M16_FWD_6x7.59001.peg.928-MONOMER,0.0,-7.527631571112677e-08
3OAR14M16_REV_6x7.59001.peg.1974-MONOMER,0.0,-9.110380305808031e-07
3OAR14M16_FWD_6x7.59001.peg.1974-MONOMER,0.024031383081258576,4.6272601563407104e-36
3OAR15M16_REV_6x7.59001.peg.2834-MONOMER,0.0,-1.6248333817947869e-06
3OAR15M16_FWD_6x7.59001.peg.2834-MONOMER,0.0,-7.137953512139837e-07
3OAR15M16_REV_6x7.59001.peg.927-MONOMER,0.0,-9.317602800356499e-07
3OAR15M16_FWD_6x7.59001.peg.927-MONOMER,0.0,-2.0722249454846778e-08
3OAR15M16_REV_6x7.59001.peg.928-MONOMER,0.0,-9.863143462919298e-07
3OAR15M16_FWD_6x7.59001.peg.928-MONOMER,0.0,-7.527631571112677e-08
3OAR15M16_REV_6x7.59001.peg.1974-MONOMER,0.0,-9.110380305808031e-07
3OAR15M16_FWD_6x7.59001.peg.1974-MONOMER,0.024031383081258576,-5.9018886848862104e-36
3OAR160_REV_6x7.59001.peg.2834-MONOMER,0.0,-1.6650171223304926e-06
3OAR160_FWD_6x7.59001.peg.2834-MONOMER,0.0,-7.137953512139837e-07
3OAR160_REV_6x7.59001.peg.927-MONOMER,0.0,-9.719440205713555e-07
3OAR160_FWD_6x7.59001.peg.927-MONOMER,0.0,-2.0722249454846778e-08
3OAR160_REV_6x7.59001.peg.928-MONOMER,0.0,-1.0264980868276356e-06
3OAR160_FWD_6x7.59001.peg.928-MONOMER,0.0,-7.527631571112677e-08
3OAR160_REV_6x7.59001.peg.1974-MONOMER,0.0,-9.512217711165088e-07
3OAR160_FWD_6x7.59001.peg.1974-MONOMER,0.0,-5.327553948594432e-38
3OAR180_REV_6x7.59001.peg.2834-MONOMER,0.0,-1.6650033066047166e-06
3OAR180_FWD_6x7.59001.peg.2834-MONOMER,0.0,-7.137953512139837e-07
3OAR180_REV_6x7.59001.peg.927-MONOMER,0.0,-9.719302048455797e-07
3OAR180_FWD_6x7.59001.peg.927-MONOMER,0.0,-2.0722249454846778e-08
3OAR180_REV_6x7.59001.peg.928-MONOMER,0.0,-1.0264842711018598e-06
3OAR180_FWD_6x7.59001.peg.928-MONOMER,0.0,-7.527631571112677e-08
3OAR180_REV_6x7.59001.peg.1974-MONOMER,0.0,-9.51207955390733e-07
3OAR180_FWD_6x7.59001.peg.1974-MONOMER,0.0,-2.1591053077313286e-36
3OAR40_REV_6x7.59001.peg.2834-MONOMER,0.0,-1.6649835888186793e-06
3OAR40_FWD_6x7.59001.peg.2834-MONOMER,0.0,-7.137953512139837e-07
3OAR40_REV_6x7.59001.peg.927-MONOMER,0.0,-9.719104870595422e-07
3OAR40_FWD_6x7.59001.peg.927-MONOMER,0.0,-2.0722249454846778e-08
3OAR40_REV_6x7.59001.peg.928-MONOMER,0.0,-1.0264645533158223e-06
3OAR40_FWD_6x7.59001.peg.928-MONOMER,0.0,-7.527631571112677e-08
3OAR40_REV_6x7.59001.peg.1974-MONOMER,0.0,-9.511882376046954e-07
3OAR40_FWD_6x7.59001.peg.1974-MONOMER,0.0,4.158383997004824e-36
3OAR4M5_REV_6x7.59001.peg.2834-MONOMER,0.0,-1.6248333817947869e-06
3OAR4M5_FWD_6x7.59001.peg.2834-MONOMER,0.0,-7.137953512139837e-07
3OAR4M5_REV_6x7.59001.peg.927-MONOMER,0.0,-9.317602800356499e-07
3OAR4M5_FWD_6x7.59001.peg.927-MONOMER,0.0,-2.0722249454846778e-08
3OAR4M5_REV_6x7.59001.peg.928-MONOMER,0.0,-9.863143462919298e-07
3OAR4M5_FWD_6x7.59001.peg.928-MONOMER,0.0,-7.527631571112677e-08
3OAR4M5_REV_6x7.59001.peg.1974-MONOMER,0.0,-9.110380305808031e-07
3OAR4M5_FWD_6x7.59001.peg.1974-MONOMER,0.0,4.15600619849942e-37
3OAR4M6_REV_6x7.59001.peg.2834-MONOMER,0.0,-1.6248333817947869e-06
3OAR4M6_FWD_6x7.59001.peg.2834-MONOMER,0.0,-7.137953512139837e-07
3OAR4M6_REV_6x7.59001.peg.927-MONOMER,0.0,-9.317602800356499e-07
3OAR4M6_FWD_6x7.59001.peg.927-MONOMER,0.0,-2.0722249454846778e-08
3OAR4M6_REV_6x7.59001.peg.928-MONOMER,0.0,-9.863143462919298e-07
3OAR4M6_FWD_6x7.59001.peg.928-MONOMER,0.0,-7.527631571112677e-08
3OAR4M6_REV_6x7.59001.peg.1974-MONOMER,0.0,-9.110380305808031e-07
3OAR4M6_FWD_6x7.59001.peg.1974-MONOMER,0.024031383081258576,1.93680685340584e-35
3OAR5M6_REV_6x7.59001.peg.2834-MONOMER,0.0,-1.6248333817947869e-06
3OAR5M6_FWD_6x7.59001.peg.2834-MONOMER,0.0,-7.137953512139837e-07
3OAR5M6_REV_6x7.59001.peg.927-MONOMER,0.0,-9.317602800356499e-07
3OAR5M6_FWD_6x7.59001.peg.927-MONOMER,0.0,-2.0722249454846778e-08
3OAR5M6_REV_6x7.59001.peg.928-MONOMER,0.0,-9.863143462919298e-07
3OAR5M6_FWD_6x7.59001.peg.928-MONOMER,0.0,-7.527631571112677e-08
3OAR5M6_REV_6x7.59001.peg.1974-MONOMER,0.0,-9.110380305808031e-07
3OAR5M6_FWD_6x7.59001.peg.1974-MONOMER,0.024031383081258576,2.779138760703994e-35
3OAR60_REV_6x7.59001.peg.2834-MONOMER,0.0,-1.6648785633076748e-06
3OAR60_FWD_6x7.59001.peg.2834-MONOMER,0.0,-7.137953512139837e-07
3OAR60_REV_6x7.59001.peg.927-MONOMER,0.0,-9.718054615485379e-07
3OAR60_FWD_6x7.59001.peg.927-MONOMER,0.0,-2.0722249454846778e-08
3OAR60_REV_6x7.59001.peg.928-MONOMER,0.0,-1.0263595278048177e-06
3OAR60_FWD_6x7.59001.peg.928-MONOMER,0.0,-7.527631571112677e-08
3OAR60_REV_6x7.59001.peg.1974-MONOMER,0.0,-9.51083212093691e-07
3OAR60_FWD_6x7.59001.peg.1974-MONOMER,0.0,-5.327553948594432e-38
3OAR6M7_REV_6x7.59001.peg.2834-MONOMER,0.0,-1.6248333817947869e-06
3OAR6M7_FWD_6x7.59001.peg.2834-MONOMER,0.0,-7.137953512139837e-07
3OAR6M7_REV_6x7.59001.peg.927-MONOMER,0.0,-9.317602800356499e-07
3OAR6M7_FWD_6x7.59001.peg.927-MONOMER,0.0,-2.0722249454846778e-08
3OAR6M7_REV_6x7.59001.peg.928-MONOMER,0.0,-9.863143462919298e-07
3OAR6M7_FWD_6x7.59001.peg.928-MONOMER,0.0,-7.527631571112677e-08
3OAR6M7_REV_6x7.59001.peg.1974-MONOMER,0.0,-9.110380305808031e-07
3OAR6M7_FWD_6x7.59001.peg.1974-MONOMER,0.0,4.305743239515404e-39
3OAR6M8_REV_6x7.59001.peg.2834-MONOMER,0.0,-1.6248333817947869e-06
3OAR6M8_FWD_6x7.59001.peg.2834-MONOMER,0.0,-7.137953512139837e-07
3OAR6M8_REV_6x7.59001.peg.927-MONOMER,0.0,-9.317602800356499e-07
3OAR6M8_FWD_6x7.59001.peg.927-MONOMER,0.0,-2.0722249454846778e-08
3OAR6M8_REV_6x7.59001.peg.928-MONOMER,0.0,-9.863143462919298e-07
3OAR6M8_FWD_6x7.59001.peg.928-MONOMER,0.0,-7.527631571112677e-08
3OAR6M8_REV_6x7.59001.peg.1974-MONOMER,0.0,-9.110380305808031e-07
3OAR6M8_FWD_6x7.59001.peg.1974-MONOMER,0.024031383081258576,2.5214303880953263e-36
3OAR7M8_REV_6x7.59001.peg.2834-MONOMER,0.0,-1.6248333817947869e-06
3OAR7M8_FWD_6x7.59001.peg.2834-MONOMER,0.0,-7.137953512139837e-07
3OAR7M8_REV_6x7.59001.peg.927-MONOMER,0.0,-9.317602800356499e-07
3OAR7M8_FWD_6x7.59001.peg.927-MONOMER,0.0,-2.0722249454846778e-08
3OAR7M8_REV_6x7.59001.peg.928-MONOMER,0.0,-9.863143462919298e-07
3OAR7M8_FWD_6x7.59001.peg.928-MONOMER,0.0,-7.527631571112677e-08
3OAR7M8_REV_6x7.59001.peg.1974-MONOMER,0.0,-9.110380305808031e-07
3OAR7M8_FWD_6x7.59001.peg.1974-MONOMER,0.024031383081258576,-5.9018886848862104e-36
3OAR80_REV_6x7.59001.peg.2834-MONOMER,0.0,-1.6649125397916224e-06
3OAR80_FWD_6x7.59001.peg.2834-MONOMER,0.0,-7.137953512139837e-07
3OAR80_REV_6x7.59001.peg.927-MONOMER,0.0,-9.718394380324855e-07
3OAR80_FWD_6x7.59001.peg.927-MONOMER,0.0,-2.0722249454846778e-08
3OAR80_REV_6x7.59001.peg.928-MONOMER,0.0,-1.0263935042887654e-06
3OAR80_FWD_6x7.59001.peg.928-MONOMER,0.0,-7.527631571112677e-08
3OAR80_REV_6x7.59001.peg.1974-MONOMER,0.0,-9.511171885776386e-07
3OAR80_FWD_6x7.59001.peg.1974-MONOMER,0.0,-2.1591053077313286e-36
3OAR8M10_REV_6x7.59001.peg.2834-MONOMER,0.0,-1.6248333817947869e-06
3OAR8M10_FWD_6x7.59001.peg.2834-MONOMER,0.0,-7.137953512139837e-07
3OAR8M10_REV_6x7.59001.peg.927-MONOMER,0.0,-9.317602800356499e-07
3OAR8M10_FWD_6x7.59001.peg.927-MONOMER,0.0,-2.0722249454846778e-08
3OAR8M10_REV_6x7.59001.peg.928-MONOMER,0.0,-9.863143462919298e-07
3OAR8M10_FWD_6x7.59001.peg.928-MONOMER,0.0,-7.527631571112677e-08
3OAR8M10_REV_6x7.59001.peg.1974-MONOMER,0.0,-9.110380305808031e-07
3OAR8M10_FWD_6x7.59001.peg.1974-MONOMER,0.024031383081258576,4.15600619849942e-37
3OAR8M9_REV_6x7.59001.peg.2834-MONOMER,0.0,-1.6248333817947869e-06
3OAR8M9_FWD_6x7.59001.peg.2834-MONOMER,0.0,-7.137953512139837e-07
3OAR8M9_REV_6x7.59001.peg.927-MONOMER,0.0,-9.317602800356499e-07
3OAR8M9_FWD_6x7.59001.peg.927-MONOMER,0.0,-2.0722249454846778e-08
3OAR8M9_REV_6x7.59001.peg.928-MONOMER,0.0,-9.863143462919298e-07
3OAR8M9_FWD_6x7.59001.peg.928-MONOMER,0.0,-7.527631571112677e-08
3OAR8M9_REV_6x7.59001.peg.1974-MONOMER,0.0,-9.110380305808031e-07
3OAR8M9_FWD_6x7.59001.peg.1974-MONOMER,0.0,4.305743239515404e-39
3OAR9M10_REV_6x7.59001.peg.2834-MONOMER,0.0,-1.6248333817947869e-06
3OAR9M10_FWD_6x7.59001.peg.2834-MONOMER,0.0,-7.137953512139837e-07
3OAR9M10_REV_6x7.59001.peg.927-MONOMER,0.0,-9.317602800356499e-07
3OAR9M10_FWD_6x7.59001.peg.927-MONOMER,0.0,-2.0722249454846778e-08
3OAR9M10_REV_6x7.59001.peg.928-MONOMER,0.0,-9.863143462919298e-07
3OAR9M10_FWD_6x7.59001.peg.928-MONOMER,0.0,-7.527631571112677e-08
3OAR9M10_REV_6x7.59001.peg.1974-MONOMER,0.0,-9.110380305808031e-07
3OAR9M10_FWD_6x7.59001.peg.1974-MONOMER,0.024031383081258576,1.0944749461076862e-35
3OAS100_REV_CPLX_3OAS100-0,0.0,-9.649618630478768e-07
3OAS100_FWD_CPLX_3OAS100-0,0.0,-5.061970886368168e-07
3OAS100_REV_6x7.59001.peg.2286-MONOMER,0.0,-4.587647744110599e-07
3OAS100_FWD_6x7.59001.peg.2286-MONOMER,0.0,3.8790753900518696e-36
3OAS10M11_REV_CPLX_3OAS100-0,0.0,-1.4310642598698952e-06
3OAS10M11_FWD_CPLX_3OAS100-0,0.0,-8.86592124755938e-37
3OAS10M12_REV_CPLX_3OAS100-0,0.0,-1.4310642598698952e-06
3OAS10M12_FWD_CPLX_3OAS100-0,0.024031383081258576,1.1805667441783567e-36
3OAS11M12_REV_CPLX_3OAS100-0,0.0,-1.4310642598698952e-06
3OAS11M12_FWD_CPLX_3OAS100-0,0.024031383081258576,-9.155227600493117e-36
3OAS120_REV_CPLX_3OAS100-0,0.0,-9.649958398185607e-07
3OAS120_FWD_CPLX_3OAS100-0,0.0,-5.061970886368168e-07
3OAS120_REV_6x7.59001.peg.2286-MONOMER,0.0,-4.5879875118174397e-07
3OAS120_FWD_6x7.59001.peg.2286-MONOMER,0.0,3.8790753900518696e-36
3OAS12M13_REV_CPLX_3OAS100-0,0.0,-1.4310642598698952e-06
3OAS12M13_FWD_CPLX_3OAS100-0,0.0,1.1805667441783567e-36
3OAS12M14_REV_CPLX_3OAS100-0,0.0,-1.4310642598698952e-06
3OAS12M14_FWD_CPLX_3OAS100-0,0.024031383081258576,-8.86592124755938e-37
3OAS13M14_REV_CPLX_3OAS100-0,0.0,-1.4310642598698952e-06
3OAS13M14_FWD_CPLX_3OAS100-0,0.024031383081258576,-8.86592124755938e-37
3OAS140_REV_CPLX_3OAS100-0,0.0,-9.650298167530953e-07
3OAS140_FWD_CPLX_3OAS100-0,0.0,-5.061970886368168e-07
3OAS140_REV_6x7.59001.peg.2286-MONOMER,0.0,-4.588327281162785e-07
3OAS140_FWD_6x7.59001.peg.2286-MONOMER,0.028223627512249574,1.3618055141984255e-36
3OAS160_REV_CPLX_3OAS100-0,0.0,-9.650324688538275e-07
3OAS160_FWD_CPLX_3OAS100-0,0.0,-5.061970886368168e-07
3OAS160_REV_6x7.59001.peg.2286-MONOMER,0.0,-4.588353802170107e-07
3OAS160_FWD_6x7.59001.peg.2286-MONOMER,0.0,1.3618055141984255e-36
3OAS180_REV_CPLX_3OAS100-0,0.0,-1.4712151315087453e-06
3OAS180_FWD_CPLX_3OAS100-0,0.0,-8.86592124755938e-37
3OAS2M3_REV_CPLX_3OAS100-0,0.0,-1.4310642598698952e-06
3OAS2M3_FWD_CPLX_3OAS100-0,0.0,3.247725613112651e-36
3OAS3M4_REV_CPLX_3OAS100-0,0.0,-1.4310642598698952e-06
3OAS3M4_FWD_CPLX_3OAS100-0,0.024031383081258576,-8.86592124755938e-37
3OAS4M3O6_REV_CPLX_3OAS100-0,0.0,-1.4310642598698952e-06
3OAS4M3O6_FWD_CPLX_3OAS100-0,0.024031383081258576,-2.9537509936902327e-36
3OAS4M5_REV_CPLX_3OAS100-0,0.0,-1.4310642598698952e-06
3OAS4M5_FWD_CPLX_3OAS100-0,0.0,-8.86592124755938e-37
3OAS4M6_REV_CPLX_3OAS100-0,0.0,-1.4310642598698952e-06
3OAS4M6_FWD_CPLX_3OAS100-0,0.024031383081258576,1.1805667441783567e-36
3OAS5M6_REV_CPLX_3OAS100-0,0.0,-1.4310642598698952e-06
3OAS5M6_FWD_CPLX_3OAS100-0,0.024031383081258576,7.382043350981241e-36
3OAS60_REV_CPLX_3OAS100-0,0.0,-9.64893909998057e-07
3OAS60_FWD_CPLX_3OAS100-0,0.0,-5.061970886368168e-07
3OAS60_REV_6x7.59001.peg.2286-MONOMER,0.0,-4.5869682136124013e-07
3OAS60_FWD_6x7.59001.peg.2286-MONOMER,0.0,3.8790753900518696e-36
3OAS6M7_REV_CPLX_3OAS100-0,0.0,-1.4310642598698952e-06
3OAS6M7_FWD_CPLX_3OAS100-0,0.0,-8.86592124755938e-37
3OAS6M8_REV_CPLX_3OAS100-0,0.0,-1.4310642598698952e-06
3OAS6M8_FWD_CPLX_3OAS100-0,0.024031383081258576,1.1805667441783567e-36
3OAS7M8_REV_CPLX_3OAS100-0,0.0,-1.4310642598698952e-06
3OAS7M8_FWD_CPLX_3OAS100-0,0.024031383081258576,-9.155227600493117e-36
3OAS80_REV_CPLX_3OAS100-0,0.0,-9.649278864410424e-07
3OAS80_FWD_CPLX_3OAS100-0,0.0,-5.061970886368168e-07
3OAS80_REV_6x7.59001.peg.2286-MONOMER,0.0,-4.5873079780422555e-07
3OAS80_FWD_6x7.59001.peg.2286-MONOMER,0.0,3.8790753900518696e-36
3OAS8M10_REV_CPLX_3OAS100-0,0.0,-1.4310642598698952e-06
3OAS8M10_FWD_CPLX_3OAS100-0,0.024031383081258576,-8.86592124755938e-37
3OAS8M9_REV_CPLX_3OAS100-0,0.0,-1.4310642598698952e-06
3OAS8M9_FWD_CPLX_3OAS100-0,0.0,-8.86592124755938e-37
3OAS9M10_REV_CPLX_3OAS100-0,0.0,-1.4310642598698952e-06
3OAS9M10_FWD_CPLX_3OAS100-0,0.024031383081258576,-9.155227600493117e-36
4HBZt2_REV_CPLX_dummy,0.0,-2.4112091072496414e-06
4HBZt2_FWD_CPLX_dummy,0.0,-1.7459229230836963e-40
4HTHRS_REV_6x7.59001.peg.529-MONOMER_mod_pydx5p(1),0.0,-3.4200171221301885e-06
4HTHRS_FWD_6x7.59001.peg.529-MONOMER_mod_pydx5p(1),0.0,3.2821130791790767e-39
4NTPPH2_REV_6x7.59001.peg.2735-MONOMER_mod_zn2(1)_mod_mg2(1),0.0,-2.9398141172704835e-06
4NTPPH2_FWD_6x7.59001.peg.2735-MONOMER_mod_zn2(1)_mod_mg2(1),0.0,-4.0461180131524055e-40
5AIZCDC_REV_6x7.59001.peg.2540-MONOMER,0.0,-3.949041668333536e-06
5AIZCDC_FWD_6x7.59001.peg.2540-MONOMER,0.0,-2.1742826304866385e-07
5AIZCDC_REV_6x7.59001.peg.2541-MONOMER,0.0,-3.731613405284872e-06
5AIZCDC_FWD_6x7.59001.peg.2541-MONOMER,0.0,-6.76764040575721e-39
5DGLCNR_REV_6x7.59001.peg.1782-MONOMER,0.0,-1.3587245918820706e-06
5DGLCNR_FWD_6x7.59001.peg.1782-MONOMER,0.0,7.572706960708816e-39
5DOAN_REV_CPLX_dummy,0.0,-2.4112091072496414e-06
5DOAN_FWD_CPLX_dummy,0.0,-5.208411927492774e-40
5MTHCYST_REV_6x7.59001.peg.114-MONOMER_mod_zn2(1),0.0,-7.975344381715936e-39
5MTHCYST_FWD_6x7.59001.peg.114-MONOMER_mod_zn2(1),0.0,-3.3496109125212406e-06
6PHBG_REV_6x7.59001.peg.1609-MONOMER,0.0,-7.755393888810199e-07
6PHBG_FWD_6x7.59001.peg.1609-MONOMER,0.0,-7.803930155238605e-07
6PHBG2_REV_6x7.59001.peg.1609-MONOMER,0.0,-1.5559324044048805e-06
6PHBG2_FWD_6x7.59001.peg.1609-MONOMER,0.0,-5.72699988060102e-40
A5PISO_REV_6x7.59001.peg.465-MONOMER,0.0,-3.1521956686677466e-06
A5PISO_FWD_6x7.59001.peg.465-MONOMER,0.021167669594478713,1.2141220912388789e-39
AACOAT_REV_6x7.59001.peg.1403-MONOMER_mod_mg2(1),0.0,8.55957601039256e-06
AACOAT_FWD_6x7.59001.peg.1403-MONOMER_mod_mg2(1),0.0,-1.171497809712864e-05
AACOAT_REV_6x7.59001.peg.582-MONOMER,0.0,8.658133795508819e-06
AACOAT_FWD_6x7.59001.peg.582-MONOMER,0.0,-1.1616420312012381e-05
AACPS7_REV_CPLX_dummy,0.0,-2.4513318880326508e-06
AACPS7_FWD_CPLX_dummy,0.03527955991022261,-2.3354747267753898e-36
AB6PGH_REV_6x7.59001.peg.1609-MONOMER,0.0,-7.755393888810199e-07
AB6PGH_FWD_6x7.59001.peg.1609-MONOMER,0.0,-7.803930155238605e-07
AB6PGH2_REV_6x7.59001.peg.1609-MONOMER,0.0,-1.5559324044048805e-06
AB6PGH2_FWD_6x7.59001.peg.1609-MONOMER,0.0,3.68164278038637e-39
ACACCTr_REV_CPLX_ACACCTr-1,0.0,-3.7774489245364655e-07
ACACCTr_FWD_CPLX_ACACCTr-1,0.0,-3.2097661145086546e-06
ACACCTr_REV_CPLX_ACACCTr-0,0.0,-1.2320636491201068e-38
ACACCTr_FWD_CPLX_ACACCTr-0,0.0,-2.832021222055008e-06
ACACCTr_REV_CPLX_ACACCTr-3,0.0,-1.6627961256623522e-07
ACACCTr_FWD_CPLX_ACACCTr-3,0.0,-2.998300834621243e-06
ACACCTr_REV_CPLX_ACACCTr-2,0.0,-7.48058382158808e-08
ACACCTr_FWD_CPLX_ACACCTr-2,0.0,-2.9068270602708885e-06
ACACT1r_REV_6x7.59001.peg.1895-MONOMER,0.0,-2.793884930317613e-06
ACACT1r_FWD_6x7.59001.peg.1895-MONOMER,0.0,-8.884495684765765e-07
ACACT1r_REV_6x7.59001.peg.1996-MONOMER,0.0,-1.9054353618410366e-06
ACACT1r_FWD_6x7.59001.peg.1996-MONOMER,0.0,-8.647283577639146e-38
ACACT2r_REV_6x7.59001.peg.1895-MONOMER,0.0,-8.884495684765765e-07
ACACT2r_FWD_6x7.59001.peg.1895-MONOMER,0.0,-2.793884930317613e-06
ACACT2r_REV_6x7.59001.peg.1996-MONOMER,0.0,-6.133138123633021e-39
ACACT2r_FWD_6x7.59001.peg.1996-MONOMER,0.0,-1.9054353618410366e-06
ACACT3r_REV_6x7.59001.peg.1895-MONOMER,0.0,-8.884495684765765e-07
ACACT3r_FWD_6x7.59001.peg.1895-MONOMER,0.0,-2.793884930317613e-06
ACACT3r_REV_6x7.59001.peg.1996-MONOMER,0.0,-6.133138123633021e-39
ACACT3r_FWD_6x7.59001.peg.1996-MONOMER,0.0,-1.9054353618410366e-06
ACACT4r_REV_6x7.59001.peg.1895-MONOMER,0.0,-8.884495684765765e-07
ACACT4r_FWD_6x7.59001.peg.1895-MONOMER,0.0,-2.793884930317613e-06
ACACT4r_REV_6x7.59001.peg.1996-MONOMER,0.0,-6.133138123633021e-39
ACACT4r_FWD_6x7.59001.peg.1996-MONOMER,0.0,-1.9054353618410366e-06
ACACT5r_REV_6x7.59001.peg.1895-MONOMER,0.0,-8.884495684765765e-07
ACACT5r_FWD_6x7.59001.peg.1895-MONOMER,0.0,-2.793884930317613e-06
ACACT5r_REV_6x7.59001.peg.1996-MONOMER,0.0,-6.133138123633021e-39
ACACT5r_FWD_6x7.59001.peg.1996-MONOMER,0.0,-1.9054353618410366e-06
ACACT6r_REV_6x7.59001.peg.1895-MONOMER,0.0,-8.884495684765765e-07
ACACT6r_FWD_6x7.59001.peg.1895-MONOMER,0.0,-2.793884930317613e-06
ACACT6r_REV_6x7.59001.peg.1996-MONOMER,0.0,-6.133138123633021e-39
ACACT6r_FWD_6x7.59001.peg.1996-MONOMER,0.0,-1.9054353618410366e-06
ACACT7r_REV_6x7.59001.peg.1895-MONOMER,0.0,-8.884495684765765e-07
ACACT7r_FWD_6x7.59001.peg.1895-MONOMER,0.0,-2.793884930317613e-06
ACACT7r_REV_6x7.59001.peg.1996-MONOMER,0.0,-1.802770903007282e-38
ACACT7r_FWD_6x7.59001.peg.1996-MONOMER,0.0,-1.9054353618410366e-06
ACACt2_REV_6x7.59001.peg.1894-MONOMER,0.0,-5.5203821510931935e-40
ACACt2_FWD_6x7.59001.peg.1894-MONOMER,0.0,-3.0565723434930293e-06
ACALD_REV_6x7.59001.peg.1449-MONOMER_mod_fe2(1),0.0,-4.949558244468212e-07
ACALD_FWD_6x7.59001.peg.1449-MONOMER_mod_fe2(1),0.0,-2.6892699381413315e-06
ACALDt_REV_CPLX_dummy,0.0,-2.151543583944347e-40
ACALDt_FWD_CPLX_dummy,0.0,-2.4112091072496414e-06
ACBIPGT_REV_6x7.59001.peg.1869-MONOMER,0.0,-1.28811484351539e-06
ACBIPGT_FWD_6x7.59001.peg.1869-MONOMER,0.0,3.438417803941749e-39
ACCOACL_REV_CPLX_ACCOACL-0,0.0,-2.2772199879314264e-06
ACCOACL_FWD_CPLX_ACCOACL-0,0.3166006061820248,-1.6597519014032082e-39
ACCOAL_REV_6x7.59001.peg.159-MONOMER,0.0,8.706245666852113e-08
ACCOAL_FWD_6x7.59001.peg.159-MONOMER,0.0,-6.579830134675403e-07
ACGAMT_REV_6x7.59001.peg.74-MONOMER_mod_mg2(1),0.0,-3.5101490849182543e-06
ACGAMT_FWD_6x7.59001.peg.74-MONOMER_mod_mg2(1),0.0,5.179547985146352e-38
ACGApts_REV_CPLX_ACGApts-0,0.0,-2.6787760160755874e-06
ACGApts_FWD_CPLX_ACGApts-0,0.15956994166320626,-2.626416605679369e-36
ACGK_REV_6x7.59001.peg.3294-MONOMER_mod_mg2(1),0.0,-4.150011759579592e-06
ACGK_FWD_6x7.59001.peg.3294-MONOMER_mod_mg2(1),-6.302595939359675e-23,3.7598133668553394e-39
ACGS_REV_6x7.59001.peg.669-MONOMER,0.0,6.206032414926493e-06
ACGS_FWD_6x7.59001.peg.669-MONOMER,0.0,-1.034699020200478e-05
ACHBPL_REV_CPLX_ACHBPL-1,0.0,-1.042764655882359e-06
ACHBPL_FWD_CPLX_ACHBPL-1,0.0,-1.99133311575323e-06
ACHBPL_REV_CPLX_ACHBPL-0,0.0,-8.43004352845406e-07
ACHBPL_FWD_CPLX_ACHBPL-0,0.0,-1.7915728127162769e-06
ACKr_REV_6x7.59001.peg.857-MONOMER,7.10808222514409,9.808198627891319e-39
ACKr_FWD_6x7.59001.peg.857-MONOMER,0.0,-2.132159629690958e-06
ACKr_REV_6x7.59001.peg.2263-MONOMER_mod_mg2(1),0.0,-2.2875270375574232e-07
ACKr_FWD_6x7.59001.peg.2263-MONOMER_mod_mg2(1),0.0,-2.3609123334467005e-06
ACLS_a_REV_CPLX_ACHBPL-1,0.0,-1.6718367345332605e-06
ACLS_a_FWD_CPLX_ACHBPL-1,0.0,-1.3622610371023286e-06
ACLS_a_REV_CPLX_ACHBPL-0,0.0,-1.4720764314963075e-06
ACLS_a_FWD_CPLX_ACHBPL-0,0.0,-1.1625007340653755e-06
ACLS_b_REV_CPLX_ACHBPL-1,0.0,-1.9976030303695303e-07
ACLS_b_FWD_CPLX_ACHBPL-1,0.0,-2.834337468598636e-06
ACLS_b_REV_CPLX_ACHBPL-0,0.038151689500639574,1.0179518753955837e-39
ACLS_b_FWD_CPLX_ACHBPL-0,0.0,-2.634577165561683e-06
ACNAMS_REV_6x7.59001.peg.1157-MONOMER,0.0,6.995602604213647e-06
ACNAMS_FWD_6x7.59001.peg.1157-MONOMER,0.0,-8.641776643492606e-06
ACNML_REV_6x7.59001.peg.889-MONOMER,0.0,-1.0059135306645708e-06
ACNML_FWD_6x7.59001.peg.889-MONOMER,0.0,8.601910904564418e-40
ACNML_REV_6x7.59001.peg.1328-MONOMER,0.0,-2.1831705554719555e-06
ACNML_FWD_6x7.59001.peg.1328-MONOMER,0.0,-1.177257024807385e-06
ACOAAGPAT140_REV_6x7.59001.peg.169-MONOMER,0.0,-1.3410119712959083e-06
ACOAAGPAT140_FWD_6x7.59001.peg.169-MONOMER,0.0,-1.4901188121854122e-38
ACOAAGPAT140_REV_6x7.59001.peg.3315-MONOMER,0.0,-2.43405425508152e-06
ACOAAGPAT140_FWD_6x7.59001.peg.3315-MONOMER,0.0,-1.0930422837856118e-06
ACOAAGPAT160_REV_6x7.59001.peg.169-MONOMER,0.0,-1.3410119712959083e-06
ACOAAGPAT160_FWD_6x7.59001.peg.169-MONOMER,0.0,1.6112666830947954e-38
ACOAAGPAT160_REV_6x7.59001.peg.3315-MONOMER,0.0,-2.43405425508152e-06
ACOAAGPAT160_FWD_6x7.59001.peg.3315-MONOMER,0.0,-1.0930422837856118e-06
ACOAAGPAT180_REV_6x7.59001.peg.169-MONOMER,0.0,-1.3410119712959083e-06
ACOAAGPAT180_FWD_6x7.59001.peg.169-MONOMER,0.012015691540629288,1.6112666830947954e-38
ACOAAGPAT180_REV_6x7.59001.peg.3315-MONOMER,0.0,-2.43405425508152e-06
ACOAAGPAT180_FWD_6x7.59001.peg.3315-MONOMER,0.0,-1.0930422837856118e-06
ACOAAGPATAI15_REV_6x7.59001.peg.169-MONOMER,0.0,-1.3410119712959083e-06
ACOAAGPATAI15_FWD_6x7.59001.peg.169-MONOMER,0.0,-1.1005942290060713e-38
ACOAAGPATAI15_REV_6x7.59001.peg.3315-MONOMER,0.0,-2.43405425508152e-06
ACOAAGPATAI15_FWD_6x7.59001.peg.3315-MONOMER,0.0,-1.0930422837856118e-06
ACOAAGPATAI17_REV_6x7.59001.peg.169-MONOMER,0.0,-1.3410119712959083e-06
ACOAAGPATAI17_FWD_6x7.59001.peg.169-MONOMER,0.012015691540629288,3.1619594307348993e-38
ACOAAGPATAI17_REV_6x7.59001.peg.3315-MONOMER,0.0,-2.43405425508152e-06
ACOAAGPATAI17_FWD_6x7.59001.peg.3315-MONOMER,0.0,-1.0930422837856118e-06
ACOAAGPATI14_REV_6x7.59001.peg.169-MONOMER,0.0,-1.3410119712959083e-06
ACOAAGPATI14_FWD_6x7.59001.peg.169-MONOMER,0.0,7.337294860040476e-40
ACOAAGPATI14_REV_6x7.59001.peg.3315-MONOMER,0.0,-2.43405425508152e-06
ACOAAGPATI14_FWD_6x7.59001.peg.3315-MONOMER,0.0,-1.0930422837856118e-06
ACOAAGPATI15_REV_6x7.59001.peg.169-MONOMER,0.0,-1.3410119712959083e-06
ACOAAGPATI15_FWD_6x7.59001.peg.169-MONOMER,0.0,-1.088194200692603e-35
ACOAAGPATI15_REV_6x7.59001.peg.3315-MONOMER,0.0,-2.43405425508152e-06
ACOAAGPATI15_FWD_6x7.59001.peg.3315-MONOMER,0.0,-1.0930422837856118e-06
ACOAAGPATI16_REV_6x7.59001.peg.169-MONOMER,0.0,-1.237985792348124e-06
ACOAAGPATI16_FWD_6x7.59001.peg.169-MONOMER,0.0,-1.030261789477843e-07
ACOAAGPATI16_REV_6x7.59001.peg.3315-MONOMER,0.0,-2.331028076133736e-06
ACOAAGPATI16_FWD_6x7.59001.peg.3315-MONOMER,0.0,-1.196068462733396e-06
ACOAAGPATI17_REV_6x7.59001.peg.169-MONOMER,0.0,-1.3410119712959083e-06
ACOAAGPATI17_FWD_6x7.59001.peg.169-MONOMER,0.012015691540629288,-3.6900430000289e-36
ACOAAGPATI17_REV_6x7.59001.peg.3315-MONOMER,0.0,-2.43405425508152e-06
ACOAAGPATI17_FWD_6x7.59001.peg.3315-MONOMER,0.0,-1.0930422837856118e-06
ACOATA_REV_CPLX_3OAS100-0,0.0,-1.4310492927626727e-06
ACOATA_FWD_CPLX_3OAS100-0,0.0,3.315732899339474e-37
ACOCT_REV_6x7.59001.peg.2942-MONOMER,0.0,-3.1827356265415123e-06
ACOCT_FWD_6x7.59001.peg.2942-MONOMER,0.0,-5.0456567931522484e-40
ACODAr_REV_6x7.59001.peg.3296-MONOMER_mod_zn2(1),0.0,-3.5166803475280722e-06
ACODAr_FWD_6x7.59001.peg.3296-MONOMER_mod_zn2(1),0.0,5.781921555046119e-40
ACONT_REV_6x7.59001.peg.621-MONOMER_mod_4fe4s(1),0.0,-3.4922419183089756e-06
ACONT_FWD_6x7.59001.peg.621-MONOMER_mod_4fe4s(1),0.0,1.105706655329273e-39
ACONTa_REV_6x7.59001.peg.621-MONOMER_mod_4fe4s(1),0.0,-1.7461209591544878e-06
ACONTa_FWD_6x7.59001.peg.621-MONOMER_mod_4fe4s(1),0.0,-1.7461209591544878e-06
ACONTb_REV_6x7.59001.peg.621-MONOMER_mod_4fe4s(1),0.0,-3.4922419183089756e-06
ACONTb_FWD_6x7.59001.peg.621-MONOMER_mod_4fe4s(1),0.0,-1.2826380384945122e-39
ACOTA_REV_6x7.59001.peg.3081-MONOMER_mod_pydx5p(1),0.0,-1.9233597953699425e-06
ACOTA_FWD_6x7.59001.peg.3081-MONOMER_mod_pydx5p(1),6.302595939359675e-23,-4.647921018203589e-40
ACPS1_REV_6x7.59001.peg.2558-MONOMER_mod_mn2(1),0.0,-2.1991128033518048e-06
ACPS1_FWD_6x7.59001.peg.2558-MONOMER_mod_mn2(1),0.0,2.9318110201774072e-36
ACPS1_REV_6x7.59001.peg.2558-MONOMER_mod_mg2(1),0.0,-2.2014879539381676e-06
ACPS1_FWD_6x7.59001.peg.2558-MONOMER_mod_mg2(1),0.0,-2.375150586362727e-09
ACPpds_REV_6x7.59001.peg.916-MONOMER_mod_zn2(1)_mod_fe2(1)_mod_cobalt2(1)_mod_mg2(1)_mod_mn2(1),0.0,2.904899498103484e-05
ACPpds_FWD_6x7.59001.peg.916-MONOMER_mod_zn2(1)_mod_fe2(1)_mod_cobalt2(1)_mod_mg2(1)_mod_mn2(1),0.0,-3.12236016130479e-05
ACS_REV_6x7.59001.peg.159-MONOMER,0.0,1.1267827386388595e-05
ACS_FWD_6x7.59001.peg.159-MONOMER,0.0,-1.1838747943187613e-05
ACYP_REV_6x7.59001.peg.1230-MONOMER,0.0,6.667365501406595e-06
ACYP_FWD_6x7.59001.peg.1230-MONOMER,0.0,-7.57316024441099e-06
ACYP_2_REV_6x7.59001.peg.1230-MONOMER,0.0,6.719569458152833e-06
ACYP_2_FWD_6x7.59001.peg.1230-MONOMER,0.0,-7.625364201157227e-06
ACt2r_REV_CPLX_dummy,7.281763946536948,0.0
ACt2r_FWD_CPLX_dummy,0.0,-2.4112091072496414e-06
ADA_REV_6x7.59001.peg.1597-MONOMER,0.0,1.1494306815590493e-06
ADA_FWD_6x7.59001.peg.1597-MONOMER,0.0,-3.726695609133887e-06
ADA_REV_6x7.59001.peg.2827-MONOMER,0.0,1.447166465255371e-06
ADA_FWD_6x7.59001.peg.2827-MONOMER,0.0,-3.4289598254375653e-06
ADCL_REV_6x7.59001.peg.1971-MONOMER_mod_pydx5p(1),0.0,-3.221694595522268e-06
ADCL_FWD_6x7.59001.peg.1971-MONOMER_mod_pydx5p(1),0.002620674459210081,-3.0029220318347828e-40
ADCPS1_REV_6x7.59001.peg.1884-MONOMER,0.0,-2.734916359294867e-06
ADCPS1_FWD_6x7.59001.peg.1884-MONOMER,0.0,1.853390991382428e-39
ADCPS2_REV_6x7.59001.peg.1884-MONOMER,0.0,-2.734916359294867e-06
ADCPS2_FWD_6x7.59001.peg.1884-MONOMER,0.0,7.784242163806198e-39
ADCS_REV_6x7.59001.peg.3083-MONOMER,0.0,-2.5373612090785117e-06
ADCS_FWD_6x7.59001.peg.3083-MONOMER,0.002620674459210081,2.5801539344893106e-38
ADCS_REV_6x7.59001.peg.1724-MONOMER,0.0,-2.636532905575205e-06
ADCS_FWD_6x7.59001.peg.1724-MONOMER,0.0,-9.917169649669347e-08
ADCS_REV_6x7.59001.peg.1474-MONOMER,0.0,-2.6290517305719602e-06
ADCS_FWD_6x7.59001.peg.1474-MONOMER,0.0,-9.169052149344831e-08
ADCYRS_REV_6x7.59001.peg.1870-MONOMER,0.0,0.0001097865212680128
ADCYRS_FWD_6x7.59001.peg.1870-MONOMER,0.0,-0.0001128215027714151
ADCYRS_REV_6x7.59001.peg.1732-MONOMER,0.0,0.00010979686508437644
ADCYRS_FWD_6x7.59001.peg.1732-MONOMER,0.0,-0.00011281115895505145
ADD_REV_6x7.59001.peg.3355-MONOMER_mod_mn2(1),0.0,5.227163509655334e-07
ADD_FWD_6x7.59001.peg.3355-MONOMER_mod_mn2(1),0.0,-4.3534099397274025e-06
ADK1_REV_6x7.59001.peg.982-MONOMER_mod_mg2(1),0.0,-6.633161051466419e-07
ADK1_FWD_6x7.59001.peg.982-MONOMER_mod_mg2(1),0.6740610161873618,6.777776214327241e-38
ADK10_REV_6x7.59001.peg.982-MONOMER_mod_mg2(1),0.0,-6.633161051466419e-07
ADK10_FWD_6x7.59001.peg.982-MONOMER_mod_mg2(1),0.0,7.248264427007752e-38
ADK11_REV_6x7.59001.peg.982-MONOMER_mod_mg2(1),0.0,-6.633161051466419e-07
ADK11_FWD_6x7.59001.peg.982-MONOMER_mod_mg2(1),0.0,1.582590486246234e-39
ADK2_REV_6x7.59001.peg.982-MONOMER_mod_mg2(1),2.0029514093742525e-08,-3.481699069741715e-39
ADK2_FWD_6x7.59001.peg.982-MONOMER_mod_mg2(1),0.0,-6.633161051466419e-07
ADK3_REV_6x7.59001.peg.982-MONOMER_mod_mg2(1),0.0,-6.633161051466419e-07
ADK3_FWD_6x7.59001.peg.982-MONOMER_mod_mg2(1),0.0,6.802017254301901e-38
ADK5_REV_6x7.59001.peg.982-MONOMER_mod_mg2(1),0.0,-6.633161051466419e-07
ADK5_FWD_6x7.59001.peg.982-MONOMER_mod_mg2(1),0.0,7.248264427007752e-38
ADK7_REV_6x7.59001.peg.982-MONOMER_mod_mg2(1),0.0,-6.633161051466419e-07
ADK7_FWD_6x7.59001.peg.982-MONOMER_mod_mg2(1),0.0,5.897787212077633e-38
ADK8_REV_6x7.59001.peg.982-MONOMER_mod_mg2(1),0.0,-6.633161051466419e-07
ADK8_FWD_6x7.59001.peg.982-MONOMER_mod_mg2(1),0.0,6.573025819542693e-38
ADK9_REV_6x7.59001.peg.982-MONOMER_mod_mg2(1),0.0,-6.633161051466419e-07
ADK9_FWD_6x7.59001.peg.982-MONOMER_mod_mg2(1),0.0,6.573025819542693e-38
ADMDCr_REV_CPLX_dummy,0.0,-2.805143721272584e-39
ADMDCr_FWD_CPLX_dummy,0.0,-2.4112091072496414e-06
ADNCNT3tc_REV_6x7.59001.peg.446-MONOMER,0.0,-3.714910474266695e-06
ADNCNT3tc_FWD_6x7.59001.peg.446-MONOMER,0.0,-2.6071440739447024e-07
ADNCNT3tc_REV_6x7.59001.peg.2833-MONOMER,0.0,-3.4806845284440733e-06
ADNCNT3tc_FWD_6x7.59001.peg.2833-MONOMER,0.0,-2.648846157184863e-08
ADNCNT3tc_REV_6x7.59001.peg.1098-MONOMER,0.0,-3.454196066872225e-06
ADNCNT3tc_FWD_6x7.59001.peg.1098-MONOMER,0.03162108131787862,-5.673010957037138e-40
ADNCYC_REV_6x7.59001.peg.430-MONOMER,0.0,-2.9174300849648862e-06
ADNCYC_FWD_6x7.59001.peg.430-MONOMER,0.0,-4.5634081979746784e-39
ADNCYC_REV_6x7.59001.peg.91-MONOMER_mod_mg2(1),0.0,-3.0010353235951775e-06
ADNCYC_FWD_6x7.59001.peg.91-MONOMER_mod_mg2(1),0.0,-8.36052386302912e-08
ADNUC_REV_6x7.59001.peg.2478-MONOMER,0.0,2.2928941018937703e-06
ADNUC_FWD_6x7.59001.peg.2478-MONOMER,0.0,-4.844213311511505e-06
ADOCBIK_REV_6x7.59001.peg.1869-MONOMER,0.0,-1.28811484351539e-06
ADOCBIK_FWD_6x7.59001.peg.1869-MONOMER,0.0,4.8205690429907346e-39
ADOCBIK2_REV_6x7.59001.peg.1869-MONOMER,0.0,-1.28811484351539e-06
ADOCBIK2_FWD_6x7.59001.peg.1869-MONOMER,0.0,8.378982187942249e-40
ADOCBLS_REV_6x7.59001.peg.1486-MONOMER,0.0,-4.57156404594943e-06
ADOCBLS_FWD_6x7.59001.peg.1486-MONOMER,0.0,6.939051479184014e-40
ADOCBLabc_REV_CPLX_ADOCBLabc-0,0.0,-7.856521038511985e-06
ADOCBLabc_FWD_CPLX_ADOCBLabc-0,0.0008735781825841207,-3.772690810645538e-39
ADPRDP_REV_6x7.59001.peg.163-MONOMER_mod_mg2(1),0.0,-8.037409705184055e-07
ADPRDP_FWD_6x7.59001.peg.163-MONOMER_mod_mg2(1),0.0,-1.9440383076585798e-39
ADPT_REV_6x7.59001.peg.977-MONOMER_mod_mg2(1),0.0,-3.1130593632227205e-06
ADPT_FWD_6x7.59001.peg.977-MONOMER_mod_mg2(1),0.0,-1.976803674670011e-09
ADPT_REV_6x7.59001.peg.977-MONOMER_mod_mn2(1),0.0,-3.1110825595480503e-06
ADPT_FWD_6x7.59001.peg.977-MONOMER_mod_mn2(1),0.0345345385838914,1.8070241837443195e-36
ADSL1r_REV_6x7.59001.peg.1931-MONOMER,0.0,-2.5240269798210706e-06
ADSL1r_FWD_6x7.59001.peg.1931-MONOMER,-1.718669518766714e-24,8.074418496109516e-40
ADSL2r_REV_6x7.59001.peg.1931-MONOMER,0.0,-2.5240269798210706e-06
ADSL2r_FWD_6x7.59001.peg.1931-MONOMER,0.0,2.1087325136131848e-39
ADSS_REV_6x7.59001.peg.323-MONOMER_mod_mg2(1),0.0,-8.895758084330861e-07
ADSS_FWD_6x7.59001.peg.323-MONOMER_mod_mg2(1),0.0,-1.5467672913378033e-06
AGDC_REV_6x7.59001.peg.2460-MONOMER_mod_zn2(1),0.0,-1.2508523339820699e-06
AGDC_FWD_6x7.59001.peg.2460-MONOMER_mod_zn2(1),0.15956994166320626,-2.0602287559915364e-39
AGDC_REV_6x7.59001.peg.2372-MONOMER,0.0,-1.5472505673788039e-06
AGDC_FWD_6x7.59001.peg.2372-MONOMER,0.0,-2.96398233396734e-07
AGMHE_REV_6x7.59001.peg.56-MONOMER_mod_nadp(1),0.0,-1.285513986750719e-07
AGMHE_FWD_6x7.59001.peg.56-MONOMER_mod_nadp(1),0.02822355945930495,-9.555424616945227e-39
AGMT_REV_6x7.59001.peg.2810-MONOMER_mod_mn2(2),0.0,-1.8405808102586771e-06
AGMT_FWD_6x7.59001.peg.2810-MONOMER_mod_mn2(2),0.0,2.822278121609081e-40
AGPAT120_REV_6x7.59001.peg.169-MONOMER,0.0,1.823295335531592e-05
AGPAT120_FWD_6x7.59001.peg.169-MONOMER,0.0,-1.9614088107394836e-05
AGPAT120_REV_6x7.59001.peg.3315-MONOMER,0.0,1.7139911071530304e-05
AGPAT120_FWD_6x7.59001.peg.3315-MONOMER,0.0,-2.0707130391180448e-05
AGPAT140_REV_6x7.59001.peg.169-MONOMER,0.0,-5.146464304782221e-07
AGPAT140_FWD_6x7.59001.peg.169-MONOMER,0.0,-8.664896476502621e-07
AGPAT140_REV_6x7.59001.peg.3315-MONOMER,0.0,-1.607688714263834e-06
AGPAT140_FWD_6x7.59001.peg.3315-MONOMER,0.0,-1.959531931435874e-06
AGPAT141_REV_6x7.59001.peg.169-MONOMER,0.0,-1.3811072121529815e-06
AGPAT141_FWD_6x7.59001.peg.169-MONOMER,0.0,8.35636555664298e-37
AGPAT141_REV_6x7.59001.peg.3315-MONOMER,0.0,-2.4741494959385932e-06
AGPAT141_FWD_6x7.59001.peg.3315-MONOMER,0.0,-1.0930422837856118e-06
AGPAT160_REV_6x7.59001.peg.169-MONOMER,0.0,-1.3811285600053093e-06
AGPAT160_FWD_6x7.59001.peg.169-MONOMER,0.0,-1.917720775256538e-36
AGPAT160_REV_6x7.59001.peg.3315-MONOMER,0.0,-2.474170843790921e-06
AGPAT160_FWD_6x7.59001.peg.3315-MONOMER,0.0,-1.0930422837856118e-06
AGPAT161_REV_6x7.59001.peg.169-MONOMER,0.0,-1.3809913846418408e-06
AGPAT161_FWD_6x7.59001.peg.169-MONOMER,0.0,-1.917720775256538e-36
AGPAT161_REV_6x7.59001.peg.3315-MONOMER,0.0,-2.4740336684274527e-06
AGPAT161_FWD_6x7.59001.peg.3315-MONOMER,0.0,-1.0930422837856118e-06
AGPAT180_REV_6x7.59001.peg.169-MONOMER,0.0,-1.381135033485879e-06
AGPAT180_FWD_6x7.59001.peg.169-MONOMER,0.0,8.35636555664298e-37
AGPAT180_REV_6x7.59001.peg.3315-MONOMER,0.0,-2.4741773172714907e-06
AGPAT180_FWD_6x7.59001.peg.3315-MONOMER,0.0,-1.0930422837856118e-06
AGPAT181_REV_6x7.59001.peg.169-MONOMER,0.0,-1.3809913846418408e-06
AGPAT181_FWD_6x7.59001.peg.169-MONOMER,0.0,-1.917720775256538e-36
AGPAT181_REV_6x7.59001.peg.3315-MONOMER,0.0,-2.4740336684274527e-06
AGPAT181_FWD_6x7.59001.peg.3315-MONOMER,0.0,-1.0930422837856118e-06
AGPR_REV_6x7.59001.peg.3295-MONOMER,0.0,-3.3205123443806885e-06
AGPR_FWD_6x7.59001.peg.3295-MONOMER,6.302595939359675e-23,-2.0227489758207767e-38
AHCYSNS_r_REV_6x7.59001.peg.2621-MONOMER,0.0,-1.8052724183259855e-06
AHCYSNS_r_FWD_6x7.59001.peg.2621-MONOMER,0.0029134572660127786,3.122117174921019e-35
AHEXASE3_REV_6x7.59001.peg.20-MONOMER,0.0,-4.277982363926295e-07
AHEXASE3_FWD_6x7.59001.peg.20-MONOMER,0.0,-1.1960542898140029e-06
AHEXASE3_REV_6x7.59001.peg.2453-MONOMER,0.0,-6.264634818935712e-41
AHEXASE3_FWD_6x7.59001.peg.2453-MONOMER,0.0,-7.682560534213734e-07
AHMMPS_REV_6x7.59001.peg.149-MONOMER,0.0,-1.0075627828500564e-06
AHMMPS_FWD_6x7.59001.peg.149-MONOMER,0.0,-1.3278405045618629e-38
AICART_REV_6x7.59001.peg.157-MONOMER,0.0,-6.990899491273974e-07
AICART_FWD_6x7.59001.peg.157-MONOMER,0.0,-2.4201494763248946e-39
AIHPDCOATA_REV_6x7.59001.peg.1975-MONOMER,0.0,-1.672782317466346e-06
AIHPDCOATA_FWD_6x7.59001.peg.1975-MONOMER,0.024031383081258576,2.8874793513303346e-36
AIPDCOATA_REV_6x7.59001.peg.1975-MONOMER,0.0,5.734408447278718e-38
AIPDCOATA_FWD_6x7.59001.peg.1975-MONOMER,0.0,-1.672782317466346e-06
AIRC4_REV_CPLX_AIRC4-0,0.0,1.0108706714726176e-05
AIRC4_FWD_CPLX_AIRC4-0,0.0,-1.3513766636085868e-05
AKGS_REV_CPLX_AKGS-0,0.0,-2.214125908862317e-06
AKGS_FWD_CPLX_AKGS-0,0.02381043690999565,-1.0778376107856866e-34
AKGt2r_REV_6x7.59001.peg.571-MONOMER,0.0,1.9596877017541596e-39
AKGt2r_FWD_6x7.59001.peg.571-MONOMER,0.0,-4.902260814791732e-06
AKP1_REV_6x7.59001.peg.2735-MONOMER_mod_zn2(1)_mod_mg2(1),0.0,-2.9398141172704835e-06
AKP1_FWD_6x7.59001.peg.2735-MONOMER_mod_zn2(1)_mod_mg2(1),0.002620674459210081,-2.2776266409648718e-38
ALAALA_REV_6x7.59001.peg.597-MONOMER,0.0,-2.290002813305255e-06
ALAALA_FWD_6x7.59001.peg.597-MONOMER,0.0,-6.519304133898948e-07
ALAALA_REV_6x7.59001.peg.3203-MONOMER,0.0,-1.63807239991536e-06
ALAALA_FWD_6x7.59001.peg.3203-MONOMER,0.0,-5.96372739807286e-39
ALAASP1c_REV_6x7.59001.peg.692-MONOMER_mod_fe2(2),0.0,8.586884072702814e-40
ALAASP1c_FWD_6x7.59001.peg.692-MONOMER_mod_fe2(2),0.0,-6.951184685270601e-07
ALAASP1c_REV_6x7.59001.peg.1189-MONOMER,0.0,-1.1488359885968827e-06
ALAASP1c_FWD_6x7.59001.peg.1189-MONOMER,0.0,-1.8439544571239428e-06
ALAASP1c_REV_6x7.59001.peg.747-MONOMER,0.0,-1.3461515856250044e-06
ALAASP1c_FWD_6x7.59001.peg.747-MONOMER,0.0,-2.0412700541520647e-06
ALAASP1c_REV_6x7.59001.peg.2929-MONOMER_mod_zn2(1),0.0,-1.6231847685621239e-06
ALAASP1c_FWD_6x7.59001.peg.2929-MONOMER_mod_zn2(1),0.0,-2.3183032370891838e-06
ALAASP1c_REV_6x7.59001.peg.1309-MONOMER,0.0,-1.288866968280468e-06
ALAASP1c_FWD_6x7.59001.peg.1309-MONOMER,0.0,-1.9839854368075283e-06
ALAASP1c_REV_6x7.59001.peg.2657-MONOMER,0.0,-1.083882360363858e-06
ALAASP1c_FWD_6x7.59001.peg.2657-MONOMER,0.0,-1.779000828890918e-06
ALAASPabc_REV_6x7.59001.peg.3226-MONOMER,0.0,3.925715488272173e-06
ALAASPabc_FWD_6x7.59001.peg.3226-MONOMER,0.0,-4.757565224099989e-06
ALAASPabc_REV_6x7.59001.peg.1456-MONOMER,0.0,3.1356526944340625e-06
ALAASPabc_FWD_6x7.59001.peg.1456-MONOMER,0.0,-5.547628017938099e-06
ALAASPabc_REV_6x7.59001.peg.1455-MONOMER,0.0,3.0490999322972793e-06
ALAASPabc_FWD_6x7.59001.peg.1455-MONOMER,0.0,-5.6341807800748815e-06
ALAASPabc_REV_6x7.59001.peg.1454-MONOMER,0.0,2.7110726102039576e-06
ALAASPabc_FWD_6x7.59001.peg.1454-MONOMER,0.0,-5.972208102168203e-06
ALAASPabc_REV_6x7.59001.peg.959-MONOMER,0.0,2.0478352691105336e-06
ALAASPabc_FWD_6x7.59001.peg.959-MONOMER,0.0,-6.635445443261628e-06
ALAASPabc_REV_6x7.59001.peg.1452-MONOMER,0.0,3.7824999172699115e-06
ALAASPabc_FWD_6x7.59001.peg.1452-MONOMER,0.0,-4.900780795102249e-06
ALAASPabc_REV_6x7.59001.peg.238-MONOMER,0.0,3.0798194091151716e-06
ALAASPabc_FWD_6x7.59001.peg.238-MONOMER,0.0,-5.6034613032569895e-06
ALACI_REV_6x7.59001.peg.67-MONOMER_mod_mg2(1),0.0,-2.7680444441642366e-06
ALACI_FWD_6x7.59001.peg.67-MONOMER_mod_mg2(1),0.0,0.0
ALAGLN1c_REV_6x7.59001.peg.692-MONOMER_mod_fe2(2),0.0,-5.683532079413328e-40
ALAGLN1c_FWD_6x7.59001.peg.692-MONOMER_mod_fe2(2),0.0,-6.951184685270601e-07
ALAGLN1c_REV_6x7.59001.peg.1189-MONOMER,0.0,-1.1488359885968827e-06
ALAGLN1c_FWD_6x7.59001.peg.1189-MONOMER,0.0,-1.8439544571239428e-06
ALAGLN1c_REV_6x7.59001.peg.747-MONOMER,0.0,-1.3461515856250044e-06
ALAGLN1c_FWD_6x7.59001.peg.747-MONOMER,0.0,-2.0412700541520647e-06
ALAGLN1c_REV_6x7.59001.peg.2929-MONOMER_mod_zn2(1),0.0,-1.6231847685621239e-06
ALAGLN1c_FWD_6x7.59001.peg.2929-MONOMER_mod_zn2(1),0.0,-2.3183032370891838e-06
ALAGLN1c_REV_6x7.59001.peg.1309-MONOMER,0.0,-1.288866968280468e-06
ALAGLN1c_FWD_6x7.59001.peg.1309-MONOMER,0.0,-1.9839854368075283e-06
ALAGLN1c_REV_6x7.59001.peg.2657-MONOMER,0.0,-1.083882360363858e-06
ALAGLN1c_FWD_6x7.59001.peg.2657-MONOMER,0.0,-1.779000828890918e-06
ALAGLNabc_REV_6x7.59001.peg.3226-MONOMER,0.0,5.151560712351664e-06
ALAGLNabc_FWD_6x7.59001.peg.3226-MONOMER,0.0,-5.983410448179481e-06
ALAGLNabc_REV_6x7.59001.peg.1456-MONOMER,0.0,4.361497918513554e-06
ALAGLNabc_FWD_6x7.59001.peg.1456-MONOMER,0.0,-6.773473242017591e-06
ALAGLNabc_REV_6x7.59001.peg.1455-MONOMER,0.0,4.2749451563767715e-06
ALAGLNabc_FWD_6x7.59001.peg.1455-MONOMER,0.0,-6.860026004154374e-06
ALAGLNabc_REV_6x7.59001.peg.1454-MONOMER,0.0,3.93691783428345e-06
ALAGLNabc_FWD_6x7.59001.peg.1454-MONOMER,0.0,-7.198053326247695e-06
ALAGLNabc_REV_6x7.59001.peg.959-MONOMER,0.0,3.2736804931900254e-06
ALAGLNabc_FWD_6x7.59001.peg.959-MONOMER,0.0,-7.86129066734112e-06
ALAGLNabc_REV_6x7.59001.peg.1452-MONOMER,0.0,5.008345141349404e-06
ALAGLNabc_FWD_6x7.59001.peg.1452-MONOMER,0.0,-6.1266260191817415e-06
ALAGLNabc_REV_6x7.59001.peg.238-MONOMER,0.0,4.3056646331946635e-06
ALAGLNabc_FWD_6x7.59001.peg.238-MONOMER,0.0,-6.829306527336482e-06
ALAGLU1c_REV_6x7.59001.peg.692-MONOMER_mod_fe2(2),0.0,2.237890451838347e-40
ALAGLU1c_FWD_6x7.59001.peg.692-MONOMER_mod_fe2(2),0.0,-6.951184685270601e-07
ALAGLU1c_REV_6x7.59001.peg.1189-MONOMER,0.0,-1.1488359885968827e-06
ALAGLU1c_FWD_6x7.59001.peg.1189-MONOMER,0.0,-1.8439544571239428e-06
ALAGLU1c_REV_6x7.59001.peg.747-MONOMER,0.0,-1.3461515856250044e-06
ALAGLU1c_FWD_6x7.59001.peg.747-MONOMER,0.0,-2.0412700541520647e-06
ALAGLU1c_REV_6x7.59001.peg.2929-MONOMER_mod_zn2(1),0.0,-1.6231847685621239e-06
ALAGLU1c_FWD_6x7.59001.peg.2929-MONOMER_mod_zn2(1),0.0,-2.3183032370891838e-06
ALAGLU1c_REV_6x7.59001.peg.1309-MONOMER,0.0,-1.288866968280468e-06
ALAGLU1c_FWD_6x7.59001.peg.1309-MONOMER,0.0,-1.9839854368075283e-06
ALAGLU1c_REV_6x7.59001.peg.2657-MONOMER,0.0,-1.083882360363858e-06
ALAGLU1c_FWD_6x7.59001.peg.2657-MONOMER,0.0,-1.779000828890918e-06
ALAGLUabc_REV_6x7.59001.peg.3226-MONOMER,0.0,3.299194043833136e-06
ALAGLUabc_FWD_6x7.59001.peg.3226-MONOMER,0.0,-4.131043779660953e-06
ALAGLUabc_REV_6x7.59001.peg.1456-MONOMER,0.0,2.5091312499950265e-06
ALAGLUabc_FWD_6x7.59001.peg.1456-MONOMER,0.0,-4.921106573499062e-06
ALAGLUabc_REV_6x7.59001.peg.1455-MONOMER,0.0,2.4225784878582433e-06
ALAGLUabc_FWD_6x7.59001.peg.1455-MONOMER,0.0,-5.0076593356358455e-06
ALAGLUabc_REV_6x7.59001.peg.1454-MONOMER,0.0,2.0845511657649217e-06
ALAGLUabc_FWD_6x7.59001.peg.1454-MONOMER,0.0,-5.345686657729167e-06
ALAGLUabc_REV_6x7.59001.peg.959-MONOMER,0.0,1.4213138246714972e-06
ALAGLUabc_FWD_6x7.59001.peg.959-MONOMER,0.0,-6.008923998822591e-06
ALAGLUabc_REV_6x7.59001.peg.1452-MONOMER,0.0,3.1559784728308756e-06
ALAGLUabc_FWD_6x7.59001.peg.1452-MONOMER,0.0,-4.274259350663213e-06
ALAGLUabc_REV_6x7.59001.peg.238-MONOMER,0.0,2.4532979646761353e-06
ALAGLUabc_FWD_6x7.59001.peg.238-MONOMER,0.0,-4.976939858817953e-06
ALAGLY1c_REV_6x7.59001.peg.692-MONOMER_mod_fe2(2),0.0,1.2389050656027015e-40
ALAGLY1c_FWD_6x7.59001.peg.692-MONOMER_mod_fe2(2),0.0,-6.951184685270601e-07
ALAGLY1c_REV_6x7.59001.peg.1189-MONOMER,0.0,-1.1488359885968827e-06
ALAGLY1c_FWD_6x7.59001.peg.1189-MONOMER,0.0,-1.8439544571239428e-06
ALAGLY1c_REV_6x7.59001.peg.747-MONOMER,0.0,-1.3461515856250044e-06
ALAGLY1c_FWD_6x7.59001.peg.747-MONOMER,0.0,-2.0412700541520647e-06
ALAGLY1c_REV_6x7.59001.peg.2929-MONOMER_mod_zn2(1),0.0,-1.6231847685621239e-06
ALAGLY1c_FWD_6x7.59001.peg.2929-MONOMER_mod_zn2(1),0.0,-2.3183032370891838e-06
ALAGLY1c_REV_6x7.59001.peg.1309-MONOMER,0.0,-1.288866968280468e-06
ALAGLY1c_FWD_6x7.59001.peg.1309-MONOMER,0.0,-1.9839854368075283e-06
ALAGLY1c_REV_6x7.59001.peg.2657-MONOMER,0.0,-1.083882360363858e-06
ALAGLY1c_FWD_6x7.59001.peg.2657-MONOMER,0.0,-1.779000828890918e-06
ALAGLYabc_REV_6x7.59001.peg.3226-MONOMER,0.0,5.142891574673639e-06
ALAGLYabc_FWD_6x7.59001.peg.3226-MONOMER,0.0,-5.974741310501455e-06
ALAGLYabc_REV_6x7.59001.peg.1456-MONOMER,0.0,4.352828780835529e-06
ALAGLYabc_FWD_6x7.59001.peg.1456-MONOMER,0.0,-6.764804104339565e-06
ALAGLYabc_REV_6x7.59001.peg.1455-MONOMER,0.0,4.266276018698746e-06
ALAGLYabc_FWD_6x7.59001.peg.1455-MONOMER,0.0,-6.851356866476349e-06
ALAGLYabc_REV_6x7.59001.peg.1454-MONOMER,0.0,3.928248696605424e-06
ALAGLYabc_FWD_6x7.59001.peg.1454-MONOMER,0.0,-7.18938418856967e-06
ALAGLYabc_REV_6x7.59001.peg.959-MONOMER,0.0,3.265011355512e-06
ALAGLYabc_FWD_6x7.59001.peg.959-MONOMER,0.0,-7.852621529663094e-06
ALAGLYabc_REV_6x7.59001.peg.1452-MONOMER,0.0,4.999676003671378e-06
ALAGLYabc_FWD_6x7.59001.peg.1452-MONOMER,0.0,-6.117956881503716e-06
ALAGLYabc_REV_6x7.59001.peg.238-MONOMER,0.0,4.296995495516638e-06
ALAGLYabc_FWD_6x7.59001.peg.238-MONOMER,0.0,-6.820637389658456e-06
ALAHIS1c_REV_6x7.59001.peg.692-MONOMER_mod_fe2(2),0.0,-8.464633182958039e-40
ALAHIS1c_FWD_6x7.59001.peg.692-MONOMER_mod_fe2(2),0.0,-6.951184685270601e-07
ALAHIS1c_REV_6x7.59001.peg.1189-MONOMER,0.0,-1.1488359885968827e-06
ALAHIS1c_FWD_6x7.59001.peg.1189-MONOMER,0.0,-1.8439544571239428e-06
ALAHIS1c_REV_6x7.59001.peg.747-MONOMER,0.0,-1.3461515856250044e-06
ALAHIS1c_FWD_6x7.59001.peg.747-MONOMER,0.0,-2.0412700541520647e-06
ALAHIS1c_REV_6x7.59001.peg.2929-MONOMER_mod_zn2(1),0.0,-1.6231847685621239e-06
ALAHIS1c_FWD_6x7.59001.peg.2929-MONOMER_mod_zn2(1),0.0,-2.3183032370891838e-06
ALAHIS1c_REV_6x7.59001.peg.1309-MONOMER,0.0,-1.288866968280468e-06
ALAHIS1c_FWD_6x7.59001.peg.1309-MONOMER,0.0,-1.9839854368075283e-06
ALAHIS1c_REV_6x7.59001.peg.2657-MONOMER,0.0,-1.083882360363858e-06
ALAHIS1c_FWD_6x7.59001.peg.2657-MONOMER,0.0,-1.779000828890918e-06
ALAHISabc_REV_6x7.59001.peg.3226-MONOMER,0.0,4.6944286851100635e-06
ALAHISabc_FWD_6x7.59001.peg.3226-MONOMER,0.0,-5.52627842093788e-06
ALAHISabc_REV_6x7.59001.peg.1456-MONOMER,0.0,3.904365891271954e-06
ALAHISabc_FWD_6x7.59001.peg.1456-MONOMER,0.0,-6.3163412147759895e-06
ALAHISabc_REV_6x7.59001.peg.1455-MONOMER,0.0,3.81781312913517e-06
ALAHISabc_FWD_6x7.59001.peg.1455-MONOMER,0.0,-6.402893976912773e-06
ALAHISabc_REV_6x7.59001.peg.1454-MONOMER,0.0,3.479785807041849e-06
ALAHISabc_FWD_6x7.59001.peg.1454-MONOMER,0.0,-6.740921299006094e-06
ALAHISabc_REV_6x7.59001.peg.959-MONOMER,0.0,2.8165484659484245e-06
ALAHISabc_FWD_6x7.59001.peg.959-MONOMER,0.0,-7.404158640099519e-06
ALAHISabc_REV_6x7.59001.peg.1452-MONOMER,0.0,4.551213114107802e-06
ALAHISabc_FWD_6x7.59001.peg.1452-MONOMER,0.0,-5.66949399194014e-06
ALAHISabc_REV_6x7.59001.peg.238-MONOMER,0.0,3.848532605953063e-06
ALAHISabc_FWD_6x7.59001.peg.238-MONOMER,0.0,-6.37217450009488e-06
ALALEU1c_REV_6x7.59001.peg.692-MONOMER_mod_fe2(2),0.0,-8.517708203678828e-36
ALALEU1c_FWD_6x7.59001.peg.692-MONOMER_mod_fe2(2),0.0,-6.951184685270601e-07
ALALEU1c_REV_6x7.59001.peg.1189-MONOMER,0.0,-1.1488359885968827e-06
ALALEU1c_FWD_6x7.59001.peg.1189-MONOMER,0.0,-1.8439544571239428e-06
ALALEU1c_REV_6x7.59001.peg.747-MONOMER,0.0,-1.3461515856250044e-06
ALALEU1c_FWD_6x7.59001.peg.747-MONOMER,0.0,-2.0412700541520647e-06
ALALEU1c_REV_6x7.59001.peg.2929-MONOMER_mod_zn2(1),0.0,-1.6231847685621239e-06
ALALEU1c_FWD_6x7.59001.peg.2929-MONOMER_mod_zn2(1),0.0,-2.3183032370891838e-06
ALALEU1c_REV_6x7.59001.peg.1309-MONOMER,0.0,-1.288866968280468e-06
ALALEU1c_FWD_6x7.59001.peg.1309-MONOMER,0.0,-1.9839854368075283e-06
ALALEU1c_REV_6x7.59001.peg.2657-MONOMER,0.0,-1.083882360363858e-06
ALALEU1c_FWD_6x7.59001.peg.2657-MONOMER,0.0,-1.779000828890918e-06
ALALEUabc_REV_6x7.59001.peg.3226-MONOMER,0.0,-8.318497358278166e-07
ALALEUabc_FWD_6x7.59001.peg.3226-MONOMER,0.0,3.283533605279178e-36
ALALEUabc_REV_6x7.59001.peg.1456-MONOMER,0.0,-1.6219125296659262e-06
ALALEUabc_FWD_6x7.59001.peg.1456-MONOMER,0.0,-7.900627938381095e-07
ALALEUabc_REV_6x7.59001.peg.1455-MONOMER,0.0,-1.7084652918027094e-06
ALALEUabc_FWD_6x7.59001.peg.1455-MONOMER,0.0,-8.766155559748929e-07
ALALEUabc_REV_6x7.59001.peg.1454-MONOMER,0.0,-2.0464926138960313e-06
ALALEUabc_FWD_6x7.59001.peg.1454-MONOMER,0.0,-1.2146428780682144e-06
ALALEUabc_REV_6x7.59001.peg.959-MONOMER,0.0,-2.7097299549894553e-06
ALALEUabc_FWD_6x7.59001.peg.959-MONOMER,0.0,-1.8778802191616386e-06
ALALEUabc_REV_6x7.59001.peg.1452-MONOMER,0.0,-9.750653068300772e-07
ALALEUabc_FWD_6x7.59001.peg.1452-MONOMER,0.0,-1.4321557100226058e-07
ALALEUabc_REV_6x7.59001.peg.238-MONOMER,0.0,-1.677745814984817e-06
ALALEUabc_FWD_6x7.59001.peg.238-MONOMER,0.0,-8.458960791570005e-07
ALAR_REV_6x7.59001.peg.209-MONOMER,0.0,-4.786096312452542e-07
ALAR_FWD_6x7.59001.peg.209-MONOMER,0.0,-8.852932246993389e-07
ALATHR1c_REV_6x7.59001.peg.692-MONOMER_mod_fe2(2),0.0,0.0
ALATHR1c_FWD_6x7.59001.peg.692-MONOMER_mod_fe2(2),0.0,-6.951184685270601e-07
ALATHR1c_REV_6x7.59001.peg.1189-MONOMER,0.0,-1.1488359885968827e-06
ALATHR1c_FWD_6x7.59001.peg.1189-MONOMER,0.0,-1.8439544571239428e-06
ALATHR1c_REV_6x7.59001.peg.747-MONOMER,0.0,-1.3461515856250044e-06
ALATHR1c_FWD_6x7.59001.peg.747-MONOMER,0.0,-2.0412700541520647e-06
ALATHR1c_REV_6x7.59001.peg.2929-MONOMER_mod_zn2(1),0.0,-1.6231847685621239e-06
ALATHR1c_FWD_6x7.59001.peg.2929-MONOMER_mod_zn2(1),0.0,-2.3183032370891838e-06
ALATHR1c_REV_6x7.59001.peg.1309-MONOMER,0.0,-1.288866968280468e-06
ALATHR1c_FWD_6x7.59001.peg.1309-MONOMER,0.0,-1.9839854368075283e-06
ALATHR1c_REV_6x7.59001.peg.2657-MONOMER,0.0,-1.083882360363858e-06
ALATHR1c_FWD_6x7.59001.peg.2657-MONOMER,0.0,-1.779000828890918e-06
ALATHRabc_REV_6x7.59001.peg.3226-MONOMER,0.0,4.504019647679059e-06
ALATHRabc_FWD_6x7.59001.peg.3226-MONOMER,0.0,-5.335869383506876e-06
ALATHRabc_REV_6x7.59001.peg.1456-MONOMER,0.0,3.7139568538409496e-06
ALATHRabc_FWD_6x7.59001.peg.1456-MONOMER,0.0,-6.125932177344985e-06
ALATHRabc_REV_6x7.59001.peg.1455-MONOMER,0.0,3.6274040917041663e-06
ALATHRabc_FWD_6x7.59001.peg.1455-MONOMER,0.0,-6.2124849394817685e-06
ALATHRabc_REV_6x7.59001.peg.1454-MONOMER,0.0,3.2893767696108447e-06
ALATHRabc_FWD_6x7.59001.peg.1454-MONOMER,0.0,-6.55051226157509e-06
ALATHRabc_REV_6x7.59001.peg.959-MONOMER,0.0,2.6261394285174203e-06
ALATHRabc_FWD_6x7.59001.peg.959-MONOMER,0.0,-7.213749602668514e-06
ALATHRabc_REV_6x7.59001.peg.1452-MONOMER,0.0,4.360804076676799e-06
ALATHRabc_FWD_6x7.59001.peg.1452-MONOMER,0.0,-5.479084954509136e-06
ALATHRabc_REV_6x7.59001.peg.238-MONOMER,0.0,3.6581235685220587e-06
ALATHRabc_FWD_6x7.59001.peg.238-MONOMER,0.0,-6.181765462663877e-06
ALAt2r_REV_CPLX_dummy,0.0,-6.518046862906179e-07
ALAt2r_FWD_CPLX_dummy,0.0,-1.7594044209590234e-06
ALCD19_REV_6x7.59001.peg.725-MONOMER,0.0,-8.558648358856121e-07
ALCD19_FWD_6x7.59001.peg.725-MONOMER,0.0,-6.468900071930328e-07
ALCD19_REV_6x7.59001.peg.1449-MONOMER_mod_fe2(1),0.0,-1.6966002956403661e-06
ALCD19_FWD_6x7.59001.peg.1449-MONOMER_mod_fe2(1),0.0,-1.4876254669477869e-06
ALCD2x_REV_6x7.59001.peg.725-MONOMER,0.0,-3.7890146015024765e-38
ALCD2x_FWD_6x7.59001.peg.725-MONOMER,0.0,-1.502754843078645e-06
ALCD2x_REV_6x7.59001.peg.1449-MONOMER_mod_fe2(1),0.0,-8.407354597547539e-07
ALCD2x_FWD_6x7.59001.peg.1449-MONOMER_mod_fe2(1),0.0,-2.343490302833399e-06
ALKP_REV_6x7.59001.peg.2735-MONOMER_mod_zn2(1)_mod_mg2(1),0.0,5.25305655461679e-06
ALKP_FWD_6x7.59001.peg.2735-MONOMER_mod_zn2(1)_mod_mg2(1),0.0,-8.192870671887273e-06
ALLTNt2r_REV_6x7.59001.peg.1689-MONOMER,0.0,3.0533065210099263e-40
ALLTNt2r_FWD_6x7.59001.peg.1689-MONOMER,0.0,-4.229353191989049e-06
ALTRH_REV_6x7.59001.peg.402-MONOMER,0.0,-2.3273295536797275e-06
ALTRH_FWD_6x7.59001.peg.402-MONOMER,0.0,7.809846046003813e-40
AMALT1_REV_6x7.59001.peg.3137-MONOMER,0.0,-2.8845327236408853e-06
AMALT1_FWD_6x7.59001.peg.3137-MONOMER,0.0,-6.31514422224557e-40
AMALT2_REV_6x7.59001.peg.3137-MONOMER,0.0,-2.8845327236408853e-06
AMALT2_FWD_6x7.59001.peg.3137-MONOMER,0.0,-6.31514422224557e-40
AMALT3_REV_6x7.59001.peg.3137-MONOMER,0.0,-2.8845327236408853e-06
AMALT3_FWD_6x7.59001.peg.3137-MONOMER,0.0,-3.999591340755527e-39
AMALT4_REV_6x7.59001.peg.3137-MONOMER,0.0,-2.8845327236408853e-06
AMALT4_FWD_6x7.59001.peg.3137-MONOMER,0.0,-6.31514422224557e-40
AMANAPEr_REV_6x7.59001.peg.484-MONOMER,0.0,-1.2882659469879042e-06
AMANAPEr_FWD_6x7.59001.peg.484-MONOMER,0.0,0.0
AMANK_REV_6x7.59001.peg.1330-MONOMER,0.0,2.754758786462191e-05
AMANK_FWD_6x7.59001.peg.1330-MONOMER,0.0,-3.0288437064308545e-05
AMANK_REV_6x7.59001.peg.483-MONOMER,0.0,2.75719343718781e-05
AMANK_FWD_6x7.59001.peg.483-MONOMER,0.0,-3.0264090557052356e-05
AMAOTr_REV_6x7.59001.peg.2396-MONOMER_mod_pydx5p(1),0.0,-2.4073919098512996e-40
AMAOTr_FWD_6x7.59001.peg.2396-MONOMER_mod_pydx5p(1),0.0,-2.6178485922148137e-06
AMMQT8r_REV_6x7.59001.peg.119-MONOMER,0.0,-1.2993213290135667e-06
AMMQT8r_FWD_6x7.59001.peg.119-MONOMER,0.000873558153070027,-9.274860981371411e-38
AMPMS2_REV_CPLX_dummy,0.0,3.2993170877034515e-05
AMPMS2_FWD_CPLX_dummy,0.0,-3.540437998428415e-05
AMPN_REV_6x7.59001.peg.1761-MONOMER,0.0,1.696335291939694e-05
AMPN_FWD_6x7.59001.peg.1761-MONOMER,0.0,-1.989838274880188e-05
AMPTASECG_REV_6x7.59001.peg.692-MONOMER_mod_fe2(2),0.0,4.215336889542432e-06
AMPTASECG_FWD_6x7.59001.peg.692-MONOMER_mod_fe2(2),0.0,-4.910455358069492e-06
AMPTASECG_REV_6x7.59001.peg.1189-MONOMER,0.0,3.0665009009455493e-06
AMPTASECG_FWD_6x7.59001.peg.1189-MONOMER,0.0,-6.059291346666375e-06
AMPTASECG_REV_6x7.59001.peg.747-MONOMER,0.0,2.8691853039174275e-06
AMPTASECG_FWD_6x7.59001.peg.747-MONOMER,0.0,-6.2566069436944965e-06
AMPTASECG_REV_6x7.59001.peg.2929-MONOMER_mod_zn2(1),0.0,2.592152120980308e-06
AMPTASECG_FWD_6x7.59001.peg.2929-MONOMER_mod_zn2(1),0.0,-6.533640126631616e-06
AMPTASECG_REV_6x7.59001.peg.1309-MONOMER,0.0,2.926469921261964e-06
AMPTASECG_FWD_6x7.59001.peg.1309-MONOMER,0.0,-6.19932232634996e-06
AMPTASECG_REV_6x7.59001.peg.2657-MONOMER,0.0,3.131454529178574e-06
AMPTASECG_FWD_6x7.59001.peg.2657-MONOMER,0.0,-5.99433771843335e-06
AMPTASEGC_REV_6x7.59001.peg.692-MONOMER_mod_fe2(2),0.0,4.215336889542432e-06
AMPTASEGC_FWD_6x7.59001.peg.692-MONOMER_mod_fe2(2),0.0,-4.910455358069492e-06
AMPTASEGC_REV_6x7.59001.peg.1189-MONOMER,0.0,3.0665009009455493e-06
AMPTASEGC_FWD_6x7.59001.peg.1189-MONOMER,0.0,-6.059291346666375e-06
AMPTASEGC_REV_6x7.59001.peg.747-MONOMER,0.0,2.8691853039174275e-06
AMPTASEGC_FWD_6x7.59001.peg.747-MONOMER,0.0,-6.2566069436944965e-06
AMPTASEGC_REV_6x7.59001.peg.2929-MONOMER_mod_zn2(1),0.0,2.592152120980308e-06
AMPTASEGC_FWD_6x7.59001.peg.2929-MONOMER_mod_zn2(1),0.0,-6.533640126631616e-06
AMPTASEGC_REV_6x7.59001.peg.1309-MONOMER,0.0,2.926469921261964e-06
AMPTASEGC_FWD_6x7.59001.peg.1309-MONOMER,0.0,-6.19932232634996e-06
AMPTASEGC_REV_6x7.59001.peg.2657-MONOMER,0.0,3.131454529178574e-06
AMPTASEGC_FWD_6x7.59001.peg.2657-MONOMER,0.0,-5.99433771843335e-06
ANPRT_REV_6x7.59001.peg.1473-MONOMER,0.0,-3.4751668093379373e-06
ANPRT_FWD_6x7.59001.peg.1473-MONOMER,0.0,3.5851983441719326e-39
ANS_REV_CPLX_ANS-0,0.0,5.5874546774848556e-05
ANS_FWD_CPLX_ANS-0,0.0,-5.942127665377386e-05
ANS2_REV_CPLX_ANS-0,0.0,5.383428138375079e-05
ANS2_FWD_CPLX_ANS-0,0.0,-5.73810112626761e-05
AOBUTDs_REV_CPLX_dummy,0.0,2.928840559374645e-06
AOBUTDs_FWD_CPLX_dummy,0.0,-5.340049666624286e-06
AOXSr_REV_6x7.59001.peg.2394-MONOMER,0.0,-1.894622730022322e-07
AOXSr_FWD_6x7.59001.peg.2394-MONOMER,0.0,-2.8380164863435617e-06
AOXSr_REV_6x7.59001.peg.2393-MONOMER,0.0,-1.399245516439183e-38
AOXSr_FWD_6x7.59001.peg.2393-MONOMER,0.0,-2.6485542133413295e-06
AP4AH_REV_6x7.59001.peg.557-MONOMER,0.0,-3.150020874018622e-06
AP4AH_FWD_6x7.59001.peg.557-MONOMER,0.0,-9.708251426347508e-39
APRAUR_REV_6x7.59001.peg.934-MONOMER,0.0,-3.499059066797043e-06
APRAUR_FWD_6x7.59001.peg.934-MONOMER,0.0017478147610973376,1.0720079293637994e-37
APTNAT_REV_CPLX_dummy,0.0,1.453954034388514e-39
APTNAT_FWD_CPLX_dummy,0.0,-2.4112091072496414e-06
ARBTpts_REV_CPLX_ARBTpts-0,0.0,-3.0338149402917957e-06
ARBTpts_FWD_CPLX_ARBTpts-0,0.0,2.7853083870035984e-39
ARBt2r_REV_6x7.59001.peg.2814-MONOMER,0.0,0.0
ARBt2r_FWD_6x7.59001.peg.2814-MONOMER,0.0,-2.919231465474494e-06
ARGDC_REV_6x7.59001.peg.2811-MONOMER_mod_mg2(1)_mod_pydx5p(4),0.0,-3.728810262746483e-06
ARGDC_FWD_6x7.59001.peg.2811-MONOMER_mod_mg2(1)_mod_pydx5p(4),0.0,0.0
ARGSL_REV_6x7.59001.peg.3292-MONOMER,0.0,-3.0825921647094234e-06
ARGSL_FWD_6x7.59001.peg.3292-MONOMER,0.0,-5.58565184888353e-07
ARGSL_REV_6x7.59001.peg.1931-MONOMER,0.0,-2.5240269798210706e-06
ARGSL_FWD_6x7.59001.peg.1931-MONOMER,0.0,-1.234447507103931e-39
ARGSS_REV_6x7.59001.peg.3293-MONOMER_mod_mg2(1),0.0,-2.60612290842765e-06
ARGSS_FWD_6x7.59001.peg.3293-MONOMER_mod_mg2(1),0.0,-2.5789629567960346e-39
ARGabc_REV_6x7.59001.peg.2102-MONOMER,0.0,4.103734254221524e-06
ARGabc_FWD_6x7.59001.peg.2102-MONOMER,0.0,-6.627716202982642e-06
ARGabc_REV_6x7.59001.peg.2104-MONOMER,0.0,2.669905151696027e-06
ARGabc_FWD_6x7.59001.peg.2104-MONOMER,0.0,-8.06154530550814e-06
ARGabc_REV_6x7.59001.peg.2106-MONOMER,0.0,4.9461422134384375e-06
ARGabc_FWD_6x7.59001.peg.2106-MONOMER,0.0,-5.785308243765729e-06
ARGabc_REV_6x7.59001.peg.2105-MONOMER,0.0,3.024286482608996e-06
ARGabc_FWD_6x7.59001.peg.2105-MONOMER,0.0,-7.70716397459517e-06
ARGt2_REV_CPLX_dummy,0.0,-2.4112091072496414e-06
ARGt2_FWD_CPLX_dummy,0.1130387545985029,2.191180028683365e-40
ASAD_REV_6x7.59001.peg.3177-MONOMER,0.0,-2.890330929952936e-06
ASAD_FWD_6x7.59001.peg.3177-MONOMER,0.0,-6.690220271041208e-39
ASCBPL_REV_6x7.59001.peg.3123-MONOMER_mod_mn2(1),0.0,-1.1822825169808089e-06
ASCBPL_FWD_6x7.59001.peg.3123-MONOMER_mod_mn2(1),0.0,6.354401105372548e-41
ASNS1_REV_6x7.59001.peg.2465-MONOMER_mod_mg2(1),0.0,1.5240538146765842e-05
ASNS1_FWD_6x7.59001.peg.2465-MONOMER_mod_mg2(1),0.0,-1.7166458798932132e-05
ASNS2_REV_6x7.59001.peg.3332-MONOMER_mod_mg2(1),0.0,1.2817969422332972e-05
ASNS2_FWD_6x7.59001.peg.3332-MONOMER_mod_mg2(1),0.0,-1.5508496741169466e-05
ASNt2r_REV_CPLX_dummy,0.0,-2.4112091072496414e-06
ASNt2r_FWD_CPLX_dummy,0.06101823242147073,-2.25916946460408e-40
ASP1DC_REV_6x7.59001.peg.641-MONOMER,0.0,2.1813444741944995e-05
ASP1DC_FWD_6x7.59001.peg.641-MONOMER,0.0,-2.1849100149970724e-05
ASPCT_REV_6x7.59001.peg.2956-MONOMER,0.0,2.3633907126453467e-07
ASPCT_FWD_6x7.59001.peg.2956-MONOMER,0.0,-3.935749809143132e-06
ASPKi_REV_6x7.59001.peg.172-MONOMER,0.0,5.012702769653456e-06
ASPKi_FWD_6x7.59001.peg.172-MONOMER,0.0,-8.92984693833605e-06
ASPKi_REV_6x7.59001.peg.278-MONOMER_mod_cobalt2(1),0.0,5.41771862537947e-06
ASPKi_FWD_6x7.59001.peg.278-MONOMER_mod_cobalt2(1),0.0,-8.524831082610036e-06
ASPKi_REV_6x7.59001.peg.278-MONOMER_mod_mg2(1),0.0,5.41717135649597e-06
ASPKi_FWD_6x7.59001.peg.278-MONOMER_mod_mg2(1),0.0,-8.525378351493536e-06
ASPKi_REV_6x7.59001.peg.3242-MONOMER,0.0,4.836691175603519e-06
ASPKi_FWD_6x7.59001.peg.3242-MONOMER,0.0,-9.105858532385986e-06
ASPKi_REV_6x7.59001.peg.527-MONOMER,0.0,4.87789169332862e-06
ASPKi_FWD_6x7.59001.peg.527-MONOMER,0.0,-9.064658014660887e-06
ASPKi_REV_6x7.59001.peg.278-MONOMER_mod_mn2(1),0.0,5.417654717584336e-06
ASPKi_FWD_6x7.59001.peg.278-MONOMER_mod_mn2(1),0.0,-8.52489499040517e-06
ASPT_REV_6x7.59001.peg.172-MONOMER,0.0,-1.5204612903749585e-07
ASPT_FWD_6x7.59001.peg.172-MONOMER,0.0,-3.765098039645098e-06
ASPT_REV_6x7.59001.peg.278-MONOMER_mod_cobalt2(1),0.0,2.5296972668851833e-07
ASPT_FWD_6x7.59001.peg.278-MONOMER_mod_cobalt2(1),0.0,-3.3600821839190838e-06
ASPT_REV_6x7.59001.peg.278-MONOMER_mod_mg2(1),0.0,2.524224578050185e-07
ASPT_FWD_6x7.59001.peg.278-MONOMER_mod_mg2(1),0.0,-3.360629452802584e-06
ASPT_REV_6x7.59001.peg.3242-MONOMER,0.0,-3.280577230874325e-07
ASPT_FWD_6x7.59001.peg.3242-MONOMER,0.0,-3.9411096336950345e-06
ASPT_REV_6x7.59001.peg.527-MONOMER,0.0,-2.868572053623323e-07
ASPT_FWD_6x7.59001.peg.527-MONOMER,0.0,-3.899909115969935e-06
ASPT_REV_6x7.59001.peg.278-MONOMER_mod_mn2(1),0.0,2.529058188933838e-07
ASPT_FWD_6x7.59001.peg.278-MONOMER_mod_mn2(1),0.0,-3.3601460917142184e-06
ASPTA_REV_6x7.59001.peg.932-MONOMER,0.0,-1.3455460956478408e-06
ASPTA_FWD_6x7.59001.peg.932-MONOMER,0.0,-7.237855316469946e-07
ASPTA_REV_6x7.59001.peg.1952-MONOMER,0.0,-2.3823411675374593e-06
ASPTA_FWD_6x7.59001.peg.1952-MONOMER,0.0,-1.7605806035366131e-06
ASPTA_REV_6x7.59001.peg.1185-MONOMER_mod_pydx5p(1),0.0,-1.3198002737376023e-06
ASPTA_FWD_6x7.59001.peg.1185-MONOMER_mod_pydx5p(1),0.0,-6.980397097367561e-07
ASPabc_REV_CPLX_ASPabc-0,0.0,2.6536746436232982e-06
ASPabc_FWD_CPLX_ASPabc-0,0.0,-6.5403494199050866e-06
ASPt2_REV_6x7.59001.peg.161-MONOMER,0.0,-3.9486355009254235e-06
ASPt2_FWD_6x7.59001.peg.161-MONOMER,0.07750421510942174,-1.687983077391318e-39
ASPt2_3_REV_6x7.59001.peg.277-MONOMER,0.0,-4.04630545427027e-07
ASPt2_3_FWD_6x7.59001.peg.277-MONOMER,0.0,-3.124862493596024e-06
ATPPRT_REV_6x7.59001.peg.2142-MONOMER,0.0,-3.9796262835499985e-06
ATPPRT_FWD_6x7.59001.peg.2142-MONOMER,0.0,9.890526998866165e-39
ATPS4_REV_CPLX_ATPS4-0_mod_mg2(1),0.0,-3.139358390812177e-06
ATPS4_FWD_CPLX_ATPS4-0_mod_mg2(1),2.2141556391497645,-3.438657126171121e-36
BACCLi_REV_6x7.59001.peg.138-MONOMER,0.0,-2.912385999001524e-06
BACCLi_FWD_6x7.59001.peg.138-MONOMER,0.0,-3.181698058033455e-39
BBTCOAOX_REV_CPLX_dummy,0.0,5.480598870284376e-40
BBTCOAOX_FWD_CPLX_dummy,0.0,-2.4112091072496414e-06
BDH_REV_6x7.59001.peg.1805-MONOMER,0.0,-2.062249320972235e-06
BDH_FWD_6x7.59001.peg.1805-MONOMER,0.0,-1.9941439069107563e-07
BDH_REV_6x7.59001.peg.1993-MONOMER,0.0,-1.8628349302811595e-06
BDH_FWD_6x7.59001.peg.1993-MONOMER,0.0,-1.5808155405353647e-37
BGLA_REV_6x7.59001.peg.2821-MONOMER,0.0,1.3638166827506104e-06
BGLA_FWD_6x7.59001.peg.2821-MONOMER,0.0,-2.1409547601424952e-06
BGLA1_REV_6x7.59001.peg.1609-MONOMER,0.0,-1.5559324044048805e-06
BGLA1_FWD_6x7.59001.peg.1609-MONOMER,0.0,-2.4544285202575803e-40
BGLAr_REV_6x7.59001.peg.2237-MONOMER,0.0,-1.3701424194648532e-06
BGLAr_FWD_6x7.59001.peg.2237-MONOMER,0.0,-5.930043420729685e-07
BGLAr_REV_6x7.59001.peg.2821-MONOMER,0.0,-7.771380773918849e-07
BGLAr_FWD_6x7.59001.peg.2821-MONOMER,0.0,4.840824082388607e-40
BHBtp_REV_6x7.59001.peg.1992-MONOMER,0.0,0.0
BHBtp_FWD_6x7.59001.peg.1992-MONOMER,0.0,-3.451563133643271e-06
BPNT_REV_6x7.59001.peg.338-MONOMER_mod_mg2(1),0.0,-1.877705720522608e-06
BPNT_FWD_6x7.59001.peg.338-MONOMER_mod_mg2(1),0.0,-3.2615510966196086e-39
BTNCLi_REV_CPLX_BTNCLi-0,0.0,-1.4761211381806414e-06
BTNCLi_FWD_CPLX_BTNCLi-0,0.3166006061820248,-7.432714394381536e-39
BTS4_REV_6x7.59001.peg.2395-MONOMER_mod_4fe4s(1)_mod_2fe2s(1),0.0,-2.23904801723348e-05
BTS4_FWD_6x7.59001.peg.2395-MONOMER_mod_4fe4s(1)_mod_2fe2s(1),0.0,-1.2093993512050963e-38
BUTCTr_REV_CPLX_ACACCTr-1,0.0,-3.7774489245364655e-07
BUTCTr_FWD_CPLX_ACACCTr-1,0.0,-3.2097661145086546e-06
BUTCTr_REV_CPLX_ACACCTr-0,0.0,-2.2301911623313325e-38
BUTCTr_FWD_CPLX_ACACCTr-0,0.0,-2.832021222055008e-06
BUTCTr_REV_CPLX_ACACCTr-3,0.0,-1.6627961256623522e-07
BUTCTr_FWD_CPLX_ACACCTr-3,0.0,-2.998300834621243e-06
BUTCTr_REV_CPLX_ACACCTr-2,0.0,-7.48058382158808e-08
BUTCTr_FWD_CPLX_ACACCTr-2,0.0,-2.9068270602708885e-06
BUTt2_REV_6x7.59001.peg.1894-MONOMER,0.0,9.19486499099807e-05
BUTt2_FWD_6x7.59001.peg.1894-MONOMER,0.0,-9.500522225347373e-05
CADVt_REV_6x7.59001.peg.712-MONOMER,0.0,-1.9692695045175137e-06
CADVt_FWD_6x7.59001.peg.712-MONOMER,0.0,0.0
CADVt_REV_6x7.59001.peg.251-MONOMER,0.0,-2.2790362503276375e-06
CADVt_FWD_6x7.59001.peg.251-MONOMER,0.0,-3.097667458101237e-07
CADVt_REV_6x7.59001.peg.1768-MONOMER,0.0,-2.5381553209736286e-06
CADVt_FWD_6x7.59001.peg.1768-MONOMER,0.0,-5.688858164561147e-07
CAt4i_REV_6x7.59001.peg.1297-MONOMER,0.0,-6.002244951269606e-06
CAt4i_FWD_6x7.59001.peg.1297-MONOMER,0.0,4.1727309308168656e-40
CBIAT_REV_6x7.59001.peg.1488-MONOMER,0.0,1.875818665338388e-38
CBIAT_FWD_6x7.59001.peg.1488-MONOMER,0.0,-4.864865795940876e-07
CBL1abc_REV_CPLX_CBL1abc-0,0.0,1.9964004651726616e-05
CBL1abc_FWD_CPLX_CBL1abc-0,0.0,-2.5108821846359885e-05
CBL2abc_REV_CPLX_ADOCBLabc-0,0.0,-7.856521038511985e-06
CBL2abc_FWD_CPLX_ADOCBLabc-0,0.0,7.545381621291075e-39
CBLAT_REV_6x7.59001.peg.1488-MONOMER,2.0029514093742525e-08,-2.2348454489700386e-39
CBLAT_FWD_6x7.59001.peg.1488-MONOMER,0.0,-4.864865795940876e-07
CBPS_REV_CPLX_CBPS-0_mod_mg2(1),0.0,3.6396919165126955e-05
CBPS_FWD_CPLX_CBPS-0_mod_mg2(1),0.0,-3.847797849263762e-05
CBPS_REV_CPLX_CBPS-0_mod_cobalt2(1),0.0,3.639726974282152e-05
CBPS_FWD_CPLX_CBPS-0_mod_cobalt2(1),0.0,-3.8477627914943054e-05
CBPS_REV_CPLX_CBPS-0_mod_zn2(1),0.0,3.639733300446005e-05
CBPS_FWD_CPLX_CBPS-0_mod_zn2(1),0.0,-3.8477564653304526e-05
CBPS_REV_CPLX_CBPS-0_mod_cd2(1),0.0,3.6397399920140146e-05
CBPS_FWD_CPLX_CBPS-0_mod_cd2(1),0.0,-3.847749773762443e-05
CBPS_REV_CPLX_CBPS-0_mod_mn2(1),0.0,3.639722872333558e-05
CBPS_FWD_CPLX_CBPS-0_mod_mn2(1),0.0,-3.8477668934429e-05
CD2abc1_REV_6x7.59001.peg.996-MONOMER,0.0,-3.4182433601912362e-06
CD2abc1_FWD_6x7.59001.peg.996-MONOMER,0.0,-2.3443698917953587e-37
CD2abc1_REV_6x7.59001.peg.109-MONOMER,0.0,-3.6131665231733815e-06
CD2abc1_FWD_6x7.59001.peg.109-MONOMER,0.0,-1.9492316298214498e-07
CDAPPA120_REV_6x7.59001.peg.3206-MONOMER,0.0,1.8199073524031603e-05
CDAPPA120_FWD_6x7.59001.peg.3206-MONOMER,0.0,-2.213037238190043e-05
CDAPPA140_REV_6x7.59001.peg.3206-MONOMER,0.0,1.8199073524031603e-05
CDAPPA140_FWD_6x7.59001.peg.3206-MONOMER,0.0,-2.213037238190043e-05
CDAPPA141_REV_6x7.59001.peg.3206-MONOMER,0.0,1.8199073524031603e-05
CDAPPA141_FWD_6x7.59001.peg.3206-MONOMER,0.0,-2.213037238190043e-05
CDAPPA160_REV_6x7.59001.peg.3206-MONOMER,0.0,1.8199073524031603e-05
CDAPPA160_FWD_6x7.59001.peg.3206-MONOMER,0.0,-2.213037238190043e-05
CDAPPA161_REV_6x7.59001.peg.3206-MONOMER,0.0,1.8199073524031603e-05
CDAPPA161_FWD_6x7.59001.peg.3206-MONOMER,0.0,-2.213037238190043e-05
CDAPPA180_REV_6x7.59001.peg.3206-MONOMER,0.0,1.8199073524031603e-05
CDAPPA180_FWD_6x7.59001.peg.3206-MONOMER,0.0,-2.213037238190043e-05
CDAPPA181_REV_6x7.59001.peg.3206-MONOMER,0.0,-3.9312988578688275e-06
CDAPPA181_FWD_6x7.59001.peg.3206-MONOMER,0.0,7.331823668955207e-39
CDOSKT_REV_CPLX_dummy,0.0,-2.4112091072496414e-06
CDOSKT_FWD_CPLX_dummy,0.007055889864826238,9.5504746119582e-39
CDPMEK_REV_6x7.59001.peg.1347-MONOMER_mod_mg2(1),0.0,-3.505494697190719e-06
CDPMEK_FWD_6x7.59001.peg.1347-MONOMER_mod_mg2(1),0.09159171896220905,1.8266078130559177e-39
CGLYabc_REV_6x7.59001.peg.3226-MONOMER,0.0,-8.318497358278166e-07
CGLYabc_FWD_6x7.59001.peg.3226-MONOMER,0.0,-4.003332852083856e-39
CGLYabc_REV_6x7.59001.peg.1456-MONOMER,0.0,-1.6219125296659262e-06
CGLYabc_FWD_6x7.59001.peg.1456-MONOMER,0.0,-7.900627938381095e-07
CGLYabc_REV_6x7.59001.peg.1455-MONOMER,0.0,-1.7084652918027094e-06
CGLYabc_FWD_6x7.59001.peg.1455-MONOMER,0.0,-8.766155559748929e-07
CGLYabc_REV_6x7.59001.peg.1454-MONOMER,0.0,-2.0464926138960313e-06
CGLYabc_FWD_6x7.59001.peg.1454-MONOMER,0.0,-1.2146428780682144e-06
CGLYabc_REV_6x7.59001.peg.959-MONOMER,0.0,-2.7097299549894553e-06
CGLYabc_FWD_6x7.59001.peg.959-MONOMER,0.0,-1.8778802191616386e-06
CGLYabc_REV_6x7.59001.peg.1452-MONOMER,0.0,-9.750653068300772e-07
CGLYabc_FWD_6x7.59001.peg.1452-MONOMER,0.0,-1.4321557100226058e-07
CGLYabc_REV_6x7.59001.peg.238-MONOMER,0.0,-1.677745814984817e-06
CGLYabc_FWD_6x7.59001.peg.238-MONOMER,0.0,-8.458960791570005e-07
CHLt2r_REV_6x7.59001.peg.1703-MONOMER,0.0,-2.559469069663004e-40
CHLt2r_FWD_6x7.59001.peg.1703-MONOMER,0.0,-3.657707863892827e-06
CHOLSH_REV_6x7.59001.peg.2763-MONOMER,0.0,-8.893182393571104e-07
CHOLSH_FWD_6x7.59001.peg.2763-MONOMER,0.0,-3.2911490333041545e-40
CHOLSH_REV_6x7.59001.peg.2809-MONOMER,0.0,-1.3839221209652684e-06
CHOLSH_FWD_6x7.59001.peg.2809-MONOMER,0.0,-4.946038816081581e-07
CHORM_REV_6x7.59001.peg.2684-MONOMER,0.0,3.1835619708905884e-05
CHORM_FWD_6x7.59001.peg.2684-MONOMER,0.0,-3.570466189634465e-05
CHORM_REV_6x7.59001.peg.2685-MONOMER,0.0,3.2032785861586005e-05
CHORM_FWD_6x7.59001.peg.2685-MONOMER,0.0,-3.550749574366452e-05
CHORS_REV_6x7.59001.peg.2310-MONOMER_mod_fmnh2(1),0.0,-1.339338695969483e-06
CHORS_FWD_6x7.59001.peg.2310-MONOMER_mod_fmnh2(1),0.0,-5.270298548162716e-09
CHORS_REV_6x7.59001.peg.2310-MONOMER_mod_fadh2(1),0.0,-1.3340683974213204e-06
CHORS_FWD_6x7.59001.peg.2310-MONOMER_mod_fadh2(1),0.004367790765350135,9.802825227569635e-39
CHRPL_REV_6x7.59001.peg.186-MONOMER,0.0,3.488523430808046e-05
CHRPL_FWD_6x7.59001.peg.186-MONOMER,0.0,-3.8500347599030906e-05
CITL_REV_6x7.59001.peg.195-MONOMER,0.0,3.715759009649398e-06
CITL_FWD_6x7.59001.peg.195-MONOMER,0.0,-5.482243144401248e-06
CITL_REV_6x7.59001.peg.194-MONOMER,0.0,3.6257984577410457e-06
CITL_FWD_6x7.59001.peg.194-MONOMER,0.0,-5.572203696309601e-06
CITL_REV_6x7.59001.peg.196-MONOMER,0.0,3.5336720257271123e-06
CITL_FWD_6x7.59001.peg.196-MONOMER,0.0,-5.664330128323534e-06
CITt7_REV_6x7.59001.peg.222-MONOMER,0.0,-4.095418235166909e-06
CITt7_FWD_6x7.59001.peg.222-MONOMER,0.0,-5.023442988691184e-07
CITt7_REV_6x7.59001.peg.191-MONOMER,0.0,-3.59307393629779e-06
CITt7_FWD_6x7.59001.peg.191-MONOMER,0.9999999942772547,5.2915285347921335e-40
CLPNS140_REV_6x7.59001.peg.1458-MONOMER,0.0,-1.000806350567044e-06
CLPNS140_FWD_6x7.59001.peg.1458-MONOMER,0.0,-1.7799063764264533e-06
CLPNS140_REV_6x7.59001.peg.1239-MONOMER,0.0,-6.728886128537587e-39
CLPNS140_FWD_6x7.59001.peg.1239-MONOMER,0.0,-7.79100025859409e-07
CLPNS160_REV_6x7.59001.peg.1458-MONOMER,0.0,-1.000806350567044e-06
CLPNS160_FWD_6x7.59001.peg.1458-MONOMER,0.0,-1.7799063764264533e-06
CLPNS160_REV_6x7.59001.peg.1239-MONOMER,0.0,4.0373316771225523e-39
CLPNS160_FWD_6x7.59001.peg.1239-MONOMER,0.0,-7.79100025859409e-07
CLPNS180_REV_6x7.59001.peg.1458-MONOMER,0.0,-1.7799063764264533e-06
CLPNS180_FWD_6x7.59001.peg.1458-MONOMER,0.0,-1.000806350567044e-06
CLPNS180_REV_6x7.59001.peg.1239-MONOMER,0.0,-7.79100025859409e-07
CLPNS180_FWD_6x7.59001.peg.1239-MONOMER,0.003003922885157322,1.480354948278269e-38
CLPNSAI15_REV_6x7.59001.peg.1458-MONOMER,0.0,-1.000806350567044e-06
CLPNSAI15_FWD_6x7.59001.peg.1458-MONOMER,0.0,-1.7799063764264533e-06
CLPNSAI15_REV_6x7.59001.peg.1239-MONOMER,0.0,1.480354948278269e-38
CLPNSAI15_FWD_6x7.59001.peg.1239-MONOMER,0.0,-7.79100025859409e-07
CLPNSAI17_REV_6x7.59001.peg.1458-MONOMER,0.0,-1.7799063764264533e-06
CLPNSAI17_FWD_6x7.59001.peg.1458-MONOMER,0.0,-1.000806350567044e-06
CLPNSAI17_REV_6x7.59001.peg.1239-MONOMER,0.0,-7.79100025859409e-07
CLPNSAI17_FWD_6x7.59001.peg.1239-MONOMER,0.003003922885157322,5.786842070542325e-38
CLPNSI14_REV_6x7.59001.peg.1458-MONOMER,0.0,-1.000806350567044e-06
CLPNSI14_FWD_6x7.59001.peg.1458-MONOMER,0.0,-1.7799063764264533e-06
CLPNSI14_REV_6x7.59001.peg.1239-MONOMER,0.0,-4.662367137201618e-41
CLPNSI14_FWD_6x7.59001.peg.1239-MONOMER,0.0,-7.79100025859409e-07
CLPNSI15_REV_6x7.59001.peg.1458-MONOMER,0.0,-1.7799063764264533e-06
CLPNSI15_FWD_6x7.59001.peg.1458-MONOMER,0.0,-1.000806350567044e-06
CLPNSI15_REV_6x7.59001.peg.1239-MONOMER,0.0,-7.79100025859409e-07
CLPNSI15_FWD_6x7.59001.peg.1239-MONOMER,0.0,2.305450965359548e-35
CLPNSI16_REV_6x7.59001.peg.1458-MONOMER,0.0,-1.000806350567044e-06
CLPNSI16_FWD_6x7.59001.peg.1458-MONOMER,0.0,-1.7799063764264533e-06
CLPNSI16_REV_6x7.59001.peg.1239-MONOMER,0.0,3.3644430642687935e-40
CLPNSI16_FWD_6x7.59001.peg.1239-MONOMER,0.0,-7.79100025859409e-07
CLPNSI17_REV_6x7.59001.peg.1458-MONOMER,0.0,-1.7799063764264533e-06
CLPNSI17_FWD_6x7.59001.peg.1458-MONOMER,0.0,-1.000806350567044e-06
CLPNSI17_REV_6x7.59001.peg.1239-MONOMER,0.0,-7.79100025859409e-07
CLPNSI17_FWD_6x7.59001.peg.1239-MONOMER,0.003003922885157322,4.5103723719587446e-35
CMPSAS_REV_6x7.59001.peg.1158-MONOMER,0.0,-1.3021297549828542e-06
CMPSAS_FWD_6x7.59001.peg.1158-MONOMER,0.0,-5.084202794867016e-39
CO2t_REV_CPLX_dummy,3.131844892972288,-1.2334320890429942e-40
CO2t_FWD_CPLX_dummy,0.0,-2.4112091072496414e-06
COBALTt5_REV_6x7.59001.peg.99-MONOMER,0.0008737704130946771,0.0
COBALTt5_FWD_6x7.59001.peg.99-MONOMER,0.0,-3.1248918791281843e-06
COBALTt5_REV_6x7.59001.peg.1669-MONOMER,0.0,-9.73953366951219e-07
COBALTt5_FWD_6x7.59001.peg.1669-MONOMER,0.0,-4.098845246079403e-06
CPC2MT_REV_6x7.59001.peg.1874-MONOMER,0.0,-2.524216776084893e-06
CPC2MT_FWD_6x7.59001.peg.1874-MONOMER,0.0,-1.3229693916959098e-38
CPC3MT_REV_6x7.59001.peg.1877-MONOMER,0.0,-1.6913133098985545e-06
CPC3MT_FWD_6x7.59001.peg.1877-MONOMER,0.0,-1.5945483286902692e-38
CPC4MT_REV_6x7.59001.peg.1879-MONOMER,0.0,-1.7020736044159876e-06
CPC4MT_FWD_6x7.59001.peg.1879-MONOMER,0.0,1.2447888529218236e-40
CPC5MT_REV_6x7.59001.peg.1878-MONOMER,0.0,-3.569423317191107e-06
CPC5MT_FWD_6x7.59001.peg.1878-MONOMER,0.0,-1.7164421141321363e-38
CPC6MT_REV_6x7.59001.peg.1880-MONOMER,0.0,-2.1159296429640307e-06
CPC6MT_FWD_6x7.59001.peg.1880-MONOMER,0.0,1.4818941041107967e-38
CPC6R_REV_6x7.59001.peg.1876-MONOMER,0.0,-2.40427530821169e-06
CPC6R_FWD_6x7.59001.peg.1876-MONOMER,0.0,-7.113164133865661e-38
CPC8MM_REV_6x7.59001.peg.1883-MONOMER,0.0,1.2825171290494057e-38
CPC8MM_FWD_6x7.59001.peg.1883-MONOMER,0.0,-9.524641189649876e-07
CPPPGO_REV_6x7.59001.peg.1082-MONOMER_mod_mn2(1),0.0,-1.8284263034967488e-06
CPPPGO_FWD_6x7.59001.peg.1082-MONOMER_mod_mn2(1),0.0,-1.6336727065104695e-38
CPPPGO2_REV_6x7.59001.peg.3311-MONOMER_mod_4fe4s(1),0.0,-2.455153059733069e-06
CPPPGO2_FWD_6x7.59001.peg.3311-MONOMER_mod_4fe4s(1),0.000873558153070027,-3.172499701556372e-38
CRNBTCT_REV_CPLX_dummy,0.0,0.0
CRNBTCT_FWD_CPLX_dummy,0.0,-2.4112091072496414e-06
CRNCBCT_REV_6x7.59001.peg.2504-MONOMER,0.0,4.2636076893830835e-40
CRNCBCT_FWD_6x7.59001.peg.2504-MONOMER,0.0,-1.1294882120354673e-06
CRNCDH_REV_6x7.59001.peg.2502-MONOMER,0.0,-1.754210059812702e-06
CRNCDH_FWD_6x7.59001.peg.2502-MONOMER,0.0,0.0
CRNabc_REV_CPLX_dummy,0.0,5.340263968157722e-06
CRNabc_FWD_CPLX_dummy,0.0,-7.751473075407364e-06
CRNt7_REV_6x7.59001.peg.2506-MONOMER,0.0,-3.3853562454359334e-06
CRNt7_FWD_6x7.59001.peg.2506-MONOMER,0.0,-2.3340991191197057e-40
CSND_REV_6x7.59001.peg.3086-MONOMER_mod_fe2(1)_mod_zn2(1),0.0,1.3423011812611182e-05
CSND_FWD_6x7.59001.peg.3086-MONOMER_mod_fe2(1)_mod_zn2(1),0.0,-1.5566028403835876e-05
CSND_REV_6x7.59001.peg.3086-MONOMER_mod_cobalt2(1)_mod_zn2(1),0.0,1.3423167625585894e-05
CSND_FWD_6x7.59001.peg.3086-MONOMER_mod_cobalt2(1)_mod_zn2(1),0.0,-1.5565872590861164e-05
CSND_REV_6x7.59001.peg.3086-MONOMER_mod_mn2(1)_mod_zn2(1),0.0,1.3422974206590532e-05
CSND_FWD_6x7.59001.peg.3086-MONOMER_mod_mn2(1)_mod_zn2(1),0.0,-1.5566066009856526e-05
CSNt2_REV_6x7.59001.peg.1689-MONOMER,0.0,-4.229353191989049e-06
CSNt2_FWD_6x7.59001.peg.1689-MONOMER,0.0,-3.0533065210099263e-40
CSNt2_REV_6x7.59001.peg.3087-MONOMER,0.0,-4.270969000343019e-06
CSNt2_FWD_6x7.59001.peg.3087-MONOMER,0.0,-4.16158083539705e-08
CTBTt_REV_CPLX_dummy,0.0,-2.4112091072496414e-06
CTBTt_FWD_CPLX_dummy,0.0,-2.0030312326564304e-40
CTPS1_REV_6x7.59001.peg.2552-MONOMER_mod_mg2(1),0.0,-2.0942577368476814e-06
CTPS1_FWD_6x7.59001.peg.2552-MONOMER_mod_mg2(1),0.04016270807717694,2.7556525040598037e-36
CTPS2_REV_6x7.59001.peg.2552-MONOMER_mod_mg2(1),0.0,-5.3992345749913386e-08
CTPS2_FWD_6x7.59001.peg.2552-MONOMER_mod_mg2(1),0.0,-2.040265391097768e-06
CYRDAAT_REV_6x7.59001.peg.1488-MONOMER,0.0,-4.864865795940876e-07
CYRDAAT_FWD_6x7.59001.peg.1488-MONOMER,0.0,5.9716415552275234e-40
CYRDAS_REV_6x7.59001.peg.1885-MONOMER,0.0,-2.76492927693001e-06
CYRDAS_FWD_6x7.59001.peg.1885-MONOMER,0.0,-3.249780796233179e-38
CYSDS_REV_6x7.59001.peg.1012-MONOMER_mod_pydx5p(1),0.0,4.797907151153e-07
CYSDS_FWD_6x7.59001.peg.1012-MONOMER_mod_pydx5p(1),0.0,-3.9171990812475216e-06
CYSDS_REV_6x7.59001.peg.1812-MONOMER,0.0,6.522143991938565e-07
CYSDS_FWD_6x7.59001.peg.1812-MONOMER,0.0,-3.7447753971689646e-06
CYSS_REV_6x7.59001.peg.1091-MONOMER_mod_pydx5p(2),0.0,3.015687542241578e-07
CYSS_FWD_6x7.59001.peg.1091-MONOMER_mod_pydx5p(2),0.0,-1.8879093890234726e-06
CYSS_REV_6x7.59001.peg.1811-MONOMER_mod_pydx5p(1),0.0,-4.670128536014023e-07
CYSS_FWD_6x7.59001.peg.1811-MONOMER_mod_pydx5p(1),0.0,-2.6564909968490326e-06
CYSS3r_REV_6x7.59001.peg.1091-MONOMER_mod_pydx5p(2),0.0,-2.483954802672236e-06
CYSS3r_FWD_6x7.59001.peg.1091-MONOMER_mod_pydx5p(2),0.0,-3.5272308671585616e-35
CYSS3r_REV_6x7.59001.peg.1811-MONOMER_mod_pydx5p(1),0.0,-3.2525364104977957e-06
CYSS3r_FWD_6x7.59001.peg.1811-MONOMER_mod_pydx5p(1),0.0,-7.6858160782556e-07
CYSTA_REV_CPLX_dummy,0.0,-1.6540047479877254e-39
CYSTA_FWD_CPLX_dummy,0.0,-2.4112091072496414e-06
CYSTGL_REV_6x7.59001.peg.1812-MONOMER,0.0,-2.735868713763114e-07
CYSTGL_FWD_6x7.59001.peg.1812-MONOMER,0.0,-2.818974126598797e-06
CYSTL_REV_6x7.59001.peg.1012-MONOMER_mod_pydx5p(1),0.0,-2.8415615872370703e-06
CYSTL_FWD_6x7.59001.peg.1012-MONOMER_mod_pydx5p(1),0.0,-5.958467788951512e-07
CYSTL_REV_6x7.59001.peg.1372-MONOMER,0.0,-2.2457148083419187e-06
CYSTL_FWD_6x7.59001.peg.1372-MONOMER,0.0,-3.2872173665357454e-39
CYSTS_REV_6x7.59001.peg.1811-MONOMER_mod_pydx5p(1),0.0,1.311137487563577e-06
CYSTS_FWD_6x7.59001.peg.1811-MONOMER_mod_pydx5p(1),0.0,-4.434641338014012e-06
CYSTS_H2S_REV_CPLX_dummy,0.0,2.1157477487275495e-06
CYSTS_H2S_FWD_CPLX_dummy,0.0,-4.5269568559771905e-06
CYSt2r_REV_CPLX_dummy,0.0,-2.4112091072496414e-06
CYSt2r_FWD_CPLX_dummy,0.01634387872222392,-4.1533312733692796e-40
CYTBD_REV_CPLX_CYTBD-2_mod_pheme(1)_mod_hemed(1),0.0,2.9340073991530066e-05
CYTBD_FWD_CPLX_CYTBD-2_mod_pheme(1)_mod_hemed(1),0.0,-3.408648497458155e-05
CYTBD_REV_CPLX_CYTBD-3,0.0,2.961470054664506e-05
CYTBD_FWD_CPLX_CYTBD-3,0.0,-3.381185841946656e-05
CYTBD_REV_CPLX_CYTBD-1_mod_pheme(1)_mod_hemed(1),0.0,2.9759360414674638e-05
CYTBD_FWD_CPLX_CYTBD-1_mod_pheme(1)_mod_hemed(1),0.0,-3.366719855143698e-05
CYTBD_REV_6x7.59001.peg.2429-MONOMER,0.0,2.977480568489346e-05
CYTBD_FWD_6x7.59001.peg.2429-MONOMER,0.0,-3.365175328121816e-05
CYTBD_REV_CPLX_CYTBD-0,0.0,2.9444665264771844e-05
CYTBD_FWD_CPLX_CYTBD-0,0.0,-3.398189370133977e-05
CYTBD_REV_CPLX_CYTBD-4,0.0,2.7535728044140504e-05
CYTBD_FWD_CPLX_CYTBD-4,0.0,-3.589083092197111e-05
CYTBD2_REV_6x7.59001.peg.2421-MONOMER,0.0,3.2559689490901654e-05
CYTBD2_FWD_6x7.59001.peg.2421-MONOMER,0.0,-3.559142217578398e-05
CYTBD2_REV_6x7.59001.peg.2842-MONOMER,0.0,3.237165505412066e-05
CYTBD2_FWD_6x7.59001.peg.2842-MONOMER,0.0,-3.577945661256498e-05
CYTBD2_REV_6x7.59001.peg.2429-MONOMER,0.0,3.213708203518047e-05
CYTBD2_FWD_6x7.59001.peg.2429-MONOMER,0.0,-3.601402963150517e-05
CYTBD2_REV_6x7.59001.peg.2841-MONOMER,0.0,3.165802045120839e-05
CYTBD2_FWD_6x7.59001.peg.2841-MONOMER,0.0,-3.649309121547725e-05
CYTBD2_REV_6x7.59001.peg.2420-MONOMER,0.0,3.2226000421758914e-05
CYTBD2_FWD_6x7.59001.peg.2420-MONOMER,0.0,-3.592511124492673e-05
CYTD_REV_6x7.59001.peg.1116-MONOMER_mod_zn2(1),0.0,1.740976164402284e-05
CYTD_FWD_6x7.59001.peg.1116-MONOMER_mod_zn2(1),0.0,-2.0962573502650507e-05
CYTDK1_REV_6x7.59001.peg.1139-MONOMER_mod_mg2(1),0.0,8.291265003314103e-06
CYTDK1_FWD_6x7.59001.peg.1139-MONOMER_mod_mg2(1),0.0,-9.50185541132521e-06
CYTDK2_REV_6x7.59001.peg.1139-MONOMER_mod_mg2(1),0.0,8.291265003314103e-06
CYTDK2_FWD_6x7.59001.peg.1139-MONOMER_mod_mg2(1),0.0,-9.50185541132521e-06
CYTDK3_REV_6x7.59001.peg.2049-MONOMER_mod_mg2(1),0.0,7.637536949029923e-06
CYTDK3_FWD_6x7.59001.peg.2049-MONOMER_mod_mg2(1),0.0,-1.015558346560939e-05
CYTDK4_REV_6x7.59001.peg.1139-MONOMER_mod_mg2(1),0.0,8.291265003314103e-06
CYTDK4_FWD_6x7.59001.peg.1139-MONOMER_mod_mg2(1),0.0,-9.50185541132521e-06
CYTDt2r_REV_6x7.59001.peg.446-MONOMER,0.0,-2.6071440739447024e-07
CYTDt2r_FWD_6x7.59001.peg.446-MONOMER,0.0,-3.714910474266695e-06
CYTDt2r_REV_6x7.59001.peg.2833-MONOMER,0.0,-2.648846157184863e-08
CYTDt2r_FWD_6x7.59001.peg.2833-MONOMER,0.0,-3.4806845284440733e-06
CYTDt2r_REV_6x7.59001.peg.1098-MONOMER,0.0,3.971107669925997e-39
CYTDt2r_FWD_6x7.59001.peg.1098-MONOMER,0.0,-3.454196066872225e-06
CYTK1_REV_6x7.59001.peg.2049-MONOMER_mod_mg2(1),0.0,-2.518046516579467e-06
CYTK1_FWD_6x7.59001.peg.2049-MONOMER_mod_mg2(1),0.16834460985919003,1.1815384155378236e-36
CYTK2_REV_6x7.59001.peg.2049-MONOMER_mod_mg2(1),0.0,8.904269631358888e-39
CYTK2_FWD_6x7.59001.peg.2049-MONOMER_mod_mg2(1),0.0,-2.518046516579467e-06
Cuabc_REV_6x7.59001.peg.996-MONOMER,0.0,-3.4182433601912362e-06
Cuabc_FWD_6x7.59001.peg.996-MONOMER,0.0,0.0
Cuabc_REV_6x7.59001.peg.109-MONOMER,0.0,-3.6131665231733815e-06
Cuabc_FWD_6x7.59001.peg.109-MONOMER,0.0,-1.9492316298214498e-07
Cut1_REV_6x7.59001.peg.996-MONOMER,0.0,1.6477093289001017e-05
Cut1_FWD_6x7.59001.peg.996-MONOMER,0.0,-1.9895336649192255e-05
Cut1_REV_6x7.59001.peg.109-MONOMER,0.0,1.6282170126018874e-05
Cut1_FWD_6x7.59001.peg.109-MONOMER,0.0,-2.0090259812174398e-05
DAAD_REV_6x7.59001.peg.1418-MONOMER,0.0,2.150113184996145e-06
DAAD_FWD_6x7.59001.peg.1418-MONOMER,0.0,-5.145952565598369e-06
DADA_REV_6x7.59001.peg.1597-MONOMER,0.0,1.1494306815590493e-06
DADA_FWD_6x7.59001.peg.1597-MONOMER,0.0,-3.726695609133887e-06
DADA_REV_6x7.59001.peg.2827-MONOMER,0.0,1.447166465255371e-06
DADA_FWD_6x7.59001.peg.2827-MONOMER,0.0,-3.4289598254375653e-06
DADNt2r_REV_CPLX_DADNt2r-1,0.0,-4.00849770829784e-06
DADNt2r_FWD_CPLX_DADNt2r-1,0.0,-1.2900574541806122e-07
DADNt2r_REV_CPLX_DADNt2r-0,0.0,-4.154061789875035e-06
DADNt2r_FWD_CPLX_DADNt2r-0,0.0,-2.74569826995256e-07
DAGK120_REV_6x7.59001.peg.190-MONOMER_mod_cd2(1)_mod_zn2(1)_mod_mg2(1)_mod_mn2(1)_mod_cobalt2(1),0.0,-3.3177555116451552e-06
DAGK120_FWD_6x7.59001.peg.190-MONOMER_mod_cd2(1)_mod_zn2(1)_mod_mg2(1)_mod_mn2(1)_mod_cobalt2(1),0.0,1.1517165237746669e-39
DAGK140_REV_6x7.59001.peg.190-MONOMER_mod_cd2(1)_mod_zn2(1)_mod_mg2(1)_mod_mn2(1)_mod_cobalt2(1),0.0,-3.3177555116451552e-06
DAGK140_FWD_6x7.59001.peg.190-MONOMER_mod_cd2(1)_mod_zn2(1)_mod_mg2(1)_mod_mn2(1)_mod_cobalt2(1),0.0,-2.1389021155815243e-39
DAGK141_REV_6x7.59001.peg.190-MONOMER_mod_cd2(1)_mod_zn2(1)_mod_mg2(1)_mod_mn2(1)_mod_cobalt2(1),0.0,-3.3177555116451552e-06
DAGK141_FWD_6x7.59001.peg.190-MONOMER_mod_cd2(1)_mod_zn2(1)_mod_mg2(1)_mod_mn2(1)_mod_cobalt2(1),0.0,0.0
DAGK160_REV_6x7.59001.peg.190-MONOMER_mod_cd2(1)_mod_zn2(1)_mod_mg2(1)_mod_mn2(1)_mod_cobalt2(1),0.0,-3.3177555116451552e-06
DAGK160_FWD_6x7.59001.peg.190-MONOMER_mod_cd2(1)_mod_zn2(1)_mod_mg2(1)_mod_mn2(1)_mod_cobalt2(1),0.0,4.935927959034287e-40
DAGK161_REV_6x7.59001.peg.190-MONOMER_mod_cd2(1)_mod_zn2(1)_mod_mg2(1)_mod_mn2(1)_mod_cobalt2(1),0.0,-3.3177555116451552e-06
DAGK161_FWD_6x7.59001.peg.190-MONOMER_mod_cd2(1)_mod_zn2(1)_mod_mg2(1)_mod_mn2(1)_mod_cobalt2(1),0.0,3.471602664520782e-38
DAGK180_REV_6x7.59001.peg.190-MONOMER_mod_cd2(1)_mod_zn2(1)_mod_mg2(1)_mod_mn2(1)_mod_cobalt2(1),0.0,-3.3177555116451552e-06
DAGK180_FWD_6x7.59001.peg.190-MONOMER_mod_cd2(1)_mod_zn2(1)_mod_mg2(1)_mod_mn2(1)_mod_cobalt2(1),0.0,-2.1389021155815243e-39
DAGK181_REV_6x7.59001.peg.190-MONOMER_mod_cd2(1)_mod_zn2(1)_mod_mg2(1)_mod_mn2(1)_mod_cobalt2(1),0.0,-3.3177555116451552e-06
DAGK181_FWD_6x7.59001.peg.190-MONOMER_mod_cd2(1)_mod_zn2(1)_mod_mg2(1)_mod_mn2(1)_mod_cobalt2(1),0.0,1.3656067353328193e-38
DALAt2r_REV_6x7.59001.peg.2164-MONOMER,0.0,0.0
DALAt2r_FWD_6x7.59001.peg.2164-MONOMER,0.0,-1.5142833281224902e-06
DALAt2r_REV_6x7.59001.peg.2165-MONOMER,0.0,-8.622070293506301e-07
DALAt2r_FWD_6x7.59001.peg.2165-MONOMER,0.0,-2.3764903574731205e-06
DAPAT_REV_CPLX_dummy,0.0,-2.4112091072496414e-06
DAPAT_FWD_CPLX_dummy,0.0,-1.0385385959917957e-39
DAPDC_REV_6x7.59001.peg.2760-MONOMER_mod_pydx5p(1),0.0,-1.9637769115742455e-06
DAPDC_FWD_6x7.59001.peg.2760-MONOMER_mod_pydx5p(1),0.0,-1.6246207783364545e-06
DAPDC_REV_6x7.59001.peg.2939-MONOMER,0.0,-3.391561332377911e-07
DAPDC_FWD_6x7.59001.peg.2939-MONOMER,0.0,-1.9504058461043634e-39
DAPE_REV_6x7.59001.peg.94-MONOMER,0.0,-9.190603842562154e-07
DAPE_FWD_6x7.59001.peg.94-MONOMER,0.0,-3.32341737050683e-40
DASYN120_REV_6x7.59001.peg.699-MONOMER_mod_mg2(1)_mod_k(1),0.0,-3.9004116054399595e-06
DASYN120_FWD_6x7.59001.peg.699-MONOMER_mod_mg2(1)_mod_k(1),0.0,-1.1284396019465089e-39
DASYN140_REV_6x7.59001.peg.699-MONOMER_mod_mg2(1)_mod_k(1),0.0,-3.9004116054399595e-06
DASYN140_FWD_6x7.59001.peg.699-MONOMER_mod_mg2(1)_mod_k(1),0.0,-5.642198009732544e-39
DASYN141_REV_6x7.59001.peg.699-MONOMER_mod_mg2(1)_mod_k(1),0.0,-3.9004116054399595e-06
DASYN141_FWD_6x7.59001.peg.699-MONOMER_mod_mg2(1)_mod_k(1),0.0,3.3853188058395264e-39
DASYN160_REV_6x7.59001.peg.699-MONOMER_mod_mg2(1)_mod_k(1),0.0,-3.9004116054399595e-06
DASYN160_FWD_6x7.59001.peg.699-MONOMER_mod_mg2(1)_mod_k(1),0.0,-1.1284396019465089e-39
DASYN161_REV_6x7.59001.peg.699-MONOMER_mod_mg2(1)_mod_k(1),0.0,-3.9004116054399595e-06
DASYN161_FWD_6x7.59001.peg.699-MONOMER_mod_mg2(1)_mod_k(1),0.0,-5.642198009732544e-39
DASYN180_REV_6x7.59001.peg.699-MONOMER_mod_mg2(1)_mod_k(1),0.0,-3.9004116054399595e-06
DASYN180_FWD_6x7.59001.peg.699-MONOMER_mod_mg2(1)_mod_k(1),0.012015691540629288,-5.642198009732544e-39
DASYN181_REV_6x7.59001.peg.699-MONOMER_mod_mg2(1)_mod_k(1),0.0,1.822996077646047e-05
DASYN181_FWD_6x7.59001.peg.699-MONOMER_mod_mg2(1)_mod_k(1),0.0,-2.213037238190043e-05
DASYNAI15_REV_6x7.59001.peg.699-MONOMER_mod_mg2(1)_mod_k(1),0.0,-3.9004116054399595e-06
DASYNAI15_FWD_6x7.59001.peg.699-MONOMER_mod_mg2(1)_mod_k(1),0.0,-5.642198009732544e-39
DASYNAI17_REV_6x7.59001.peg.699-MONOMER_mod_mg2(1)_mod_k(1),0.0,-3.9004116054399595e-06
DASYNAI17_FWD_6x7.59001.peg.699-MONOMER_mod_mg2(1)_mod_k(1),0.012015691540629288,3.046786925255574e-38
DASYNI14_REV_6x7.59001.peg.699-MONOMER_mod_mg2(1)_mod_k(1),0.0,-3.9004116054399595e-06
DASYNI14_FWD_6x7.59001.peg.699-MONOMER_mod_mg2(1)_mod_k(1),0.0,3.3853188058395264e-39
DASYNI15_REV_6x7.59001.peg.699-MONOMER_mod_mg2(1)_mod_k(1),0.0,-3.9004116054399595e-06
DASYNI15_FWD_6x7.59001.peg.699-MONOMER_mod_mg2(1)_mod_k(1),0.0,7.288591388972501e-36
DASYNI16_REV_6x7.59001.peg.699-MONOMER_mod_mg2(1)_mod_k(1),0.0,-3.9004116054399595e-06
DASYNI16_FWD_6x7.59001.peg.699-MONOMER_mod_mg2(1)_mod_k(1),0.0,3.3853188058395264e-39
DASYNI17_REV_6x7.59001.peg.699-MONOMER_mod_mg2(1)_mod_k(1),0.0,-3.9004116054399595e-06
DASYNI17_FWD_6x7.59001.peg.699-MONOMER_mod_mg2(1)_mod_k(1),0.012015691540629288,-1.1199763049319101e-35
DB4PS_REV_CPLX_DB4PS-0,0.0,-2.4230724597228984e-06
DB4PS_FWD_CPLX_DB4PS-0,0.003495629522194675,-1.5408011070787694e-39
DBTS_REV_6x7.59001.peg.1605-MONOMER,0.0,-2.409754569293605e-06
DBTS_FWD_6x7.59001.peg.1605-MONOMER,0.0,1.8355313904879582e-39
DBTS_REV_6x7.59001.peg.2391-MONOMER_mod_mg2(1),0.0,-2.8807664323471313e-06
DBTS_FWD_6x7.59001.peg.2391-MONOMER_mod_mg2(1),0.0,-4.710118630535265e-07
DCTPD_REV_6x7.59001.peg.1141-MONOMER,0.0,1.0082319114249486e-05
DCTPD_FWD_6x7.59001.peg.1141-MONOMER,0.0,-1.2910876022573255e-05
DCTPD2_REV_6x7.59001.peg.1141-MONOMER,0.0,7.871397058762466e-06
DCTPD2_FWD_6x7.59001.peg.1141-MONOMER,0.0,-1.0699953967086234e-05
DCYTD_REV_6x7.59001.peg.1116-MONOMER_mod_zn2(1),0.0,-1.1157627844791482e-07
DCYTD_FWD_6x7.59001.peg.1116-MONOMER_mod_zn2(1),0.0,-3.4412355801797506e-06
DCYTt2r_REV_6x7.59001.peg.446-MONOMER,0.0,-3.714910474266695e-06
DCYTt2r_FWD_6x7.59001.peg.446-MONOMER,0.0,-2.6071440739447024e-07
DCYTt2r_REV_6x7.59001.peg.2833-MONOMER,0.0,-3.4806845284440733e-06
DCYTt2r_FWD_6x7.59001.peg.2833-MONOMER,0.0,-2.648846157184863e-08
DCYTt2r_REV_6x7.59001.peg.1098-MONOMER,0.0,-3.454196066872225e-06
DCYTt2r_FWD_6x7.59001.peg.1098-MONOMER,0.0,0.0
DDCAt_REV_CPLX_dummy,0.0,-2.4112091072496414e-06
DDCAt_FWD_CPLX_dummy,0.03527955991022261,-1.1626766907843609e-40
DDGLK_REV_6x7.59001.peg.3209-MONOMER_mod_mg2(1),0.0,-2.517829878840989e-06
DDGLK_FWD_6x7.59001.peg.3209-MONOMER_mod_mg2(1),0.0,-7.273173684055801e-39
DDPA_REV_6x7.59001.peg.2411-MONOMER_mod_fe2(1),0.0,-1.965221982273353e-06
DDPA_FWD_6x7.59001.peg.2411-MONOMER_mod_fe2(1),0.0,-1.05755072002767e-07
DDPA_REV_6x7.59001.peg.1679-MONOMER_mod_fe3(1),0.0,-1.8594669102705861e-06
DDPA_FWD_6x7.59001.peg.1679-MONOMER_mod_fe3(1),0.004367790765350135,-6.641099323797888e-36
DDPA_REV_6x7.59001.peg.2686-MONOMER_mod_fe2(2),0.0,-1.8816743290849789e-06
DDPA_FWD_6x7.59001.peg.2686-MONOMER_mod_fe2(2),0.0,-2.2207418814392916e-08
DDPGA_REV_6x7.59001.peg.1396-MONOMER,0.0,7.1764437423045884e-40
DDPGA_FWD_6x7.59001.peg.1396-MONOMER,0.0,-2.480259596041968e-06
DGK1_REV_6x7.59001.peg.31-MONOMER_mod_mg2(1),0.0,-4.5954290422609205e-39
DGK1_FWD_6x7.59001.peg.31-MONOMER_mod_mg2(1),0.0,-1.1922618047406663e-06
DGSNt2_REV_6x7.59001.peg.446-MONOMER,0.0,-3.714910474266695e-06
DGSNt2_FWD_6x7.59001.peg.446-MONOMER,0.0,-2.6071440739447024e-07
DGSNt2_REV_6x7.59001.peg.2833-MONOMER,0.0,-3.4806845284440733e-06
DGSNt2_FWD_6x7.59001.peg.2833-MONOMER,0.0,-2.648846157184863e-08
DGSNt2_REV_6x7.59001.peg.1098-MONOMER,0.0,-3.454196066872225e-06
DGSNt2_FWD_6x7.59001.peg.1098-MONOMER,0.038151689500639574,-5.673010957037138e-40
DHAD1_REV_6x7.59001.peg.64-MONOMER_mod_4fe4s(1),0.0,-2.478769541453368e-06
DHAD1_FWD_6x7.59001.peg.64-MONOMER_mod_4fe4s(1),0.038151689500639574,2.300155513801166e-40
DHAD2_REV_6x7.59001.peg.64-MONOMER_mod_4fe4s(1),0.0,-2.478769541453368e-06
DHAD2_FWD_6x7.59001.peg.64-MONOMER_mod_4fe4s(1),0.0,2.300155513801166e-40
DHDPRy_REV_6x7.59001.peg.551-MONOMER,0.0,5.22177758227243e-06
DHDPRy_FWD_6x7.59001.peg.551-MONOMER,0.0,-7.3760819697658945e-06
DHDPS_REV_6x7.59001.peg.1053-MONOMER,0.0,-3.625823119807113e-06
DHDPS_FWD_6x7.59001.peg.1053-MONOMER,0.0,8.408750173535436e-40
DHEDAA_REV_6x7.59001.peg.1848-MONOMER_mod_mg2(1),0.0,-5.628268958116056e-06
DHEDAA_FWD_6x7.59001.peg.1848-MONOMER_mod_mg2(1),0.0,0.0
DHFOR2_REV_6x7.59001.peg.556-MONOMER,0.0,5.258446947023944e-38
DHFOR2_FWD_6x7.59001.peg.556-MONOMER,0.0,-5.8517398166169e-07
DHFOR2_REV_6x7.59001.peg.1641-MONOMER,0.0,-1.0570046280022148e-06
DHFOR2_FWD_6x7.59001.peg.1641-MONOMER,0.0,-1.642178609663905e-06
DHFR_REV_6x7.59001.peg.556-MONOMER,0.0,-5.8517398166169e-07
DHFR_FWD_6x7.59001.peg.556-MONOMER,0.002620674459210081,-9.790411369230892e-36
DHFR_REV_6x7.59001.peg.1641-MONOMER,0.0,-1.642178609663905e-06
DHFR_FWD_6x7.59001.peg.1641-MONOMER,0.0,-1.0570046280022148e-06
DHFS_REV_6x7.59001.peg.2277-MONOMER,0.0,-2.8810539329483203e-06
DHFS_FWD_6x7.59001.peg.2277-MONOMER,0.002620674459210081,-3.347282508979992e-38
DHNAOPT_REV_6x7.59001.peg.3251-MONOMER_mod_mg2(1),0.0,6.953761441859828e-39
DHNAOPT_FWD_6x7.59001.peg.3251-MONOMER_mod_mg2(1),0.0,-4.963591575376813e-06
DHNAOT4_REV_6x7.59001.peg.3251-MONOMER_mod_mg2(1),0.0,-4.963591575376813e-06
DHNAOT4_FWD_6x7.59001.peg.3251-MONOMER_mod_mg2(1),0.001747116306140054,2.4755390733020985e-38
DHNPA_REV_6x7.59001.peg.423-MONOMER,0.0,-8.486149939572051e-07
DHNPA_FWD_6x7.59001.peg.423-MONOMER,0.002620674459210081,5.5394129466589136e-39
DHNPA2_REV_6x7.59001.peg.422-MONOMER,0.0,1.6814693862920098e-05
DHNPA2_FWD_6x7.59001.peg.422-MONOMER,0.0,-1.8932602920945643e-05
DHORD2_REV_6x7.59001.peg.1199-MONOMER_mod_fmn(1),0.0,3.8953091606253846e-07
DHORD2_FWD_6x7.59001.peg.1199-MONOMER_mod_fmn(1),0.0,-2.362276350287011e-06
DHORD5_REV_6x7.59001.peg.1199-MONOMER_mod_fmn(1),0.0,-1.9727454342244722e-06
DHORD5_FWD_6x7.59001.peg.1199-MONOMER_mod_fmn(1),0.0,3.9895987300289966e-38
DHORDfum_REV_CPLX_dummy,0.0,-9.446307077530983e-07
DHORDfum_FWD_CPLX_dummy,0.0,-1.466578399496543e-06
DHORDi_REV_6x7.59001.peg.1199-MONOMER_mod_fmn(1),0.0,3.5812594621214696e-05
DHORDi_FWD_6x7.59001.peg.1199-MONOMER_mod_fmn(1),0.0,-3.778534005543916e-05
DHORTS_REV_6x7.59001.peg.1986-MONOMER_mod_zn2(2),0.0,1.9792241288877633e-39
DHORTS_FWD_6x7.59001.peg.1986-MONOMER_mod_zn2(2),0.0,-2.375641607876059e-06
DHPPDA_REV_6x7.59001.peg.934-MONOMER,0.0,-3.499059066797043e-06
DHPPDA_FWD_6x7.59001.peg.934-MONOMER,0.0017478147610973376,1.4763369407725127e-39
DHPR_REV_6x7.59001.peg.878-MONOMER_mod_fad(1),0.0,-3.062450053956286e-06
DHPR_FWD_6x7.59001.peg.878-MONOMER_mod_fad(1),0.0,1.810335959539523e-38
DHPS_REV_6x7.59001.peg.365-MONOMER_mod_mg2(1),0.0,-2.170763138719791e-06
DHPS_FWD_6x7.59001.peg.365-MONOMER_mod_mg2(1),0.002620674459210081,-1.3972365694137323e-38
DHPS2_REV_6x7.59001.peg.364-MONOMER,0.0,-9.673229809801526e-07
DHPS2_FWD_6x7.59001.peg.364-MONOMER,0.0,2.0943509366406984e-39
DHQS_REV_6x7.59001.peg.3094-MONOMER_mod_cobalt2(1)_mod_nad(1),0.0,-2.8964049508269276e-06
DHQS_FWD_6x7.59001.peg.3094-MONOMER_mod_cobalt2(1)_mod_nad(1),0.004367790765350135,2.3454068521409663e-39
DHQTi_REV_6x7.59001.peg.2976-MONOMER,0.0,-2.490926761928457e-06
DHQTi_FWD_6x7.59001.peg.2976-MONOMER,0.004367790765350135,-5.959915263597077e-40
DINSt2_REV_6x7.59001.peg.446-MONOMER,0.0,-3.714910474266695e-06
DINSt2_FWD_6x7.59001.peg.446-MONOMER,0.0,-2.6071440739447024e-07
DINSt2_REV_6x7.59001.peg.2833-MONOMER,0.0,-3.4806845284440733e-06
DINSt2_FWD_6x7.59001.peg.2833-MONOMER,0.0,-2.648846157184863e-08
DINSt2_REV_6x7.59001.peg.1098-MONOMER,0.0,-3.454196066872225e-06
DINSt2_FWD_6x7.59001.peg.1098-MONOMER,-1.718669518766714e-24,-5.673010957037138e-40
DKGLCNR1_REV_6x7.59001.peg.3019-MONOMER,0.0,-2.0645446194984967e-06
DKGLCNR1_FWD_6x7.59001.peg.3019-MONOMER,0.0,6.097682868669766e-39
DMATT_REV_6x7.59001.peg.940-MONOMER_mod_mn2(1),0.0,-3.5180937964148507e-06
DMATT_FWD_6x7.59001.peg.940-MONOMER_mod_mn2(1),0.008803006170966292,-1.1461311213672456e-38
DMATT_REV_6x7.59001.peg.940-MONOMER_mod_mg2(1),0.0,-3.5206246564047893e-06
DMATT_FWD_6x7.59001.peg.940-MONOMER_mod_mg2(1),0.0,-2.5308599899384402e-09
DMPPS_REV_6x7.59001.peg.546-MONOMER_mod_nadph(1)_mod_nadh(1)_mod_fad(1)_mod_cobalt2(1),0.0,-9.964924790061628e-07
DMPPS_FWD_6x7.59001.peg.546-MONOMER_mod_nadph(1)_mod_nadh(1)_mod_fad(1)_mod_cobalt2(1),0.008803006170966292,7.992110271809564e-38
DMPPS2r_REV_6x7.59001.peg.546-MONOMER_mod_nadph(1)_mod_nadh(1)_mod_fad(1)_mod_cobalt2(1),0.0,-4.09239050230874e-07
DMPPS2r_FWD_6x7.59001.peg.546-MONOMER_mod_nadph(1)_mod_nadh(1)_mod_fad(1)_mod_cobalt2(1),0.0,-5.872534287752888e-07
DMQMT_REV_CPLX_dummy,0.0,-2.4112091072496414e-06
DMQMT_FWD_CPLX_dummy,0.0,-6.834483203285112e-39
DMSOR1_REV_CPLX_DMSOR1-0,0.0,-1.4140954796557405e-06
DMSOR1_FWD_CPLX_DMSOR1-0,0.0,-1.1393395317814188e-06
DMSOR1_REV_CPLX_DMSOR1-1,0.0,-1.9667698107152722e-06
DMSOR1_FWD_CPLX_DMSOR1-1,0.0,-1.6920138628409506e-06
DMSOR2_REV_CPLX_DMSOR1-0,0.0,-2.5534350114371592e-06
DMSOR2_FWD_CPLX_DMSOR1-0,0.0,-8.394714148177728e-39
DMSOR2_REV_CPLX_DMSOR1-1,0.0,-3.1061093424966912e-06
DMSOR2_FWD_CPLX_DMSOR1-1,0.0,-5.526743310595318e-07
DMSORdmq_REV_CPLX_dummy,0.0,-2.4112091072496414e-06
DMSORdmq_FWD_CPLX_dummy,0.0,6.408395924801291e-38
DMSORmq_REV_CPLX_dummy,0.0,-1.2718695754682226e-06
DMSORmq_FWD_CPLX_dummy,0.0,-1.1393395317814188e-06
DNTPPA_REV_6x7.59001.peg.1380-MONOMER_mod_mg2(1),0.0,-1.1975602632693016e-06
DNTPPA_FWD_6x7.59001.peg.1380-MONOMER_mod_mg2(1),0.0,-4.1886914962022785e-39
DPCOAK_REV_6x7.59001.peg.608-MONOMER,0.0,-2.3697510836210376e-06
DPCOAK_FWD_6x7.59001.peg.608-MONOMER,0.000873558153070027,-5.03904060268287e-38
DPRr_REV_6x7.59001.peg.67-MONOMER_mod_mg2(1),0.0,-2.0884125012069698e-39
DPRr_FWD_6x7.59001.peg.67-MONOMER_mod_mg2(1),0.0,-2.7680444441642366e-06
DPRr_REV_6x7.59001.peg.944-MONOMER,0.0,-5.07230797393784e-07
DPRr_FWD_6x7.59001.peg.944-MONOMER,0.0,-3.2752752415580207e-06
DRBK_REV_6x7.59001.peg.3324-MONOMER_mod_k(1)_mod_mg2(1),0.0,2.9415830416896226e-06
DRBK_FWD_6x7.59001.peg.3324-MONOMER_mod_k(1)_mod_mg2(1),0.0,-4.7136400365047936e-06
DRBK_REV_6x7.59001.peg.1859-MONOMER,0.0,3.301595123856476e-06
DRBK_FWD_6x7.59001.peg.1859-MONOMER,0.0,-4.3536279543379396e-06
DRBK_REV_6x7.59001.peg.1690-MONOMER,0.0,2.181938643492098e-06
DRBK_FWD_6x7.59001.peg.1690-MONOMER,0.0,-5.473284434702318e-06
DRIBabc_REV_CPLX_DRIBabc-0,0.0,-3.5025637808578407e-06
DRIBabc_FWD_CPLX_DRIBabc-0,0.0,3.922627041230375e-39
DRIBabc_REV_CPLX_DRIBabc-2,0.0,-3.7881777470267187e-06
DRIBabc_FWD_CPLX_DRIBabc-2,0.0,-2.856139661688779e-07
DRIBabc_REV_CPLX_DRIBabc-1,0.0,-3.844346713944939e-06
DRIBabc_FWD_CPLX_DRIBabc-1,0.0,-3.417829330870987e-07
DRPAr_REV_6x7.59001.peg.449-MONOMER,0.0,-1.3852677218513115e-06
DRPAr_FWD_6x7.59001.peg.449-MONOMER,0.038151689500639574,1.1219619447225653e-39
DSERt2r_REV_6x7.59001.peg.2164-MONOMER,0.0,9.079029943912878e-41
DSERt2r_FWD_6x7.59001.peg.2164-MONOMER,0.0,-1.5142833281224902e-06
DSERt2r_REV_6x7.59001.peg.2165-MONOMER,0.0,-8.622070293506301e-07
DSERt2r_FWD_6x7.59001.peg.2165-MONOMER,0.0,-2.3764903574731205e-06
DTMPK_REV_6x7.59001.peg.1969-MONOMER_mod_mg2(1),0.0,-2.315054489580198e-06
DTMPK_FWD_6x7.59001.peg.1969-MONOMER_mod_mg2(1),0.010358947122225393,-4.634174570102766e-39
DURIK1_REV_6x7.59001.peg.1447-MONOMER_mod_mg2(1),0.0,-2.2137408551405907e-06
DURIK1_FWD_6x7.59001.peg.1447-MONOMER_mod_mg2(1),0.0,2.254189813816397e-39
DURIPP_REV_6x7.59001.peg.452-MONOMER,0.0,-1.2331374121182402e-07
DURIPP_FWD_6x7.59001.peg.452-MONOMER,0.0,-1.2009148516000098e-07
DURIt2_REV_6x7.59001.peg.446-MONOMER,0.0,-3.714910474266695e-06
DURIt2_FWD_6x7.59001.peg.446-MONOMER,0.0,-2.6071440739447024e-07
DURIt2_REV_6x7.59001.peg.2833-MONOMER,0.0,-3.4806845284440733e-06
DURIt2_FWD_6x7.59001.peg.2833-MONOMER,0.0,-2.648846157184863e-08
DURIt2_REV_6x7.59001.peg.1098-MONOMER,0.0,-3.454196066872225e-06
DURIt2_FWD_6x7.59001.peg.1098-MONOMER,0.0,-5.673010957037138e-40
DUTPDP_REV_6x7.59001.peg.37-MONOMER_mod_zn2(1),0.0,1.376967329832094e-05
DUTPDP_FWD_6x7.59001.peg.37-MONOMER_mod_zn2(1),0.0,-1.682599467083797e-05
DXPRIr_REV_6x7.59001.peg.697-MONOMER_mod_cobalt2(1),0.0,-2.515582966228973e-06
DXPRIr_FWD_6x7.59001.peg.697-MONOMER_mod_cobalt2(1),0.09159171896220905,-2.5464782993286142e-36
DXPRIr_REV_6x7.59001.peg.697-MONOMER_mod_mg2(1),0.0,-2.5166631328788527e-06
DXPRIr_FWD_6x7.59001.peg.697-MONOMER_mod_mg2(1),0.0,-1.0801666498798714e-09
DXPRIr_REV_6x7.59001.peg.697-MONOMER_mod_mn2(1),0.0,-2.5157090751123465e-06
DXPRIr_FWD_6x7.59001.peg.697-MONOMER_mod_mn2(1),0.0,-1.2610888337340096e-10
DXPS_REV_6x7.59001.peg.939-MONOMER_mod_thmpp(1),0.0,-3.6583321184512323e-06
DXPS_FWD_6x7.59001.peg.939-MONOMER_mod_thmpp(1),0.09159171896220905,-2.6723366048876338e-39
D_LACD_REV_6x7.59001.peg.1658-MONOMER,0.0,-2.0141074496145297e-06
D_LACD_FWD_6x7.59001.peg.1658-MONOMER,4.579093005981819,5.714841884468871e-40
D_LACD_REV_6x7.59001.peg.1005-MONOMER_mod_fad(1),0.0,-2.1233670948524257e-06
D_LACD_FWD_6x7.59001.peg.1005-MONOMER_mod_fad(1),0.0,-1.0925964523789595e-07
D_LACt2_REV_CPLX_dummy,0.0,-1.257202116394496e-06
D_LACt2_FWD_CPLX_dummy,0.0,-1.1540069908551454e-06
E4PD_REV_6x7.59001.peg.2806-MONOMER,0.0,-1.2199205430205702e-06
E4PD_FWD_6x7.59001.peg.2806-MONOMER,0.0,-8.002250490536619e-07
E4PD_REV_6x7.59001.peg.1427-MONOMER,0.0,-4.1969549396690827e-07
E4PD_FWD_6x7.59001.peg.1427-MONOMER,0.0,-1.3976101106164888e-38
EAR100x_REV_CPLX_dummy,0.0,-2.451319136675666e-06
EAR100x_FWD_CPLX_dummy,0.0,-3.627410525774086e-36
EAR10M12x_REV_CPLX_dummy,0.0,-2.4112091072496414e-06
EAR10M12x_FWD_CPLX_dummy,0.024031383081258576,-2.5573254197969033e-36
EAR11M12x_REV_CPLX_dummy,0.0,-2.4112091072496414e-06
EAR11M12x_FWD_CPLX_dummy,0.024031383081258576,8.34926615060378e-38
EAR120x_REV_CPLX_dummy,0.0,-2.451353113569238e-06
EAR120x_FWD_CPLX_dummy,0.0,-3.627410525774086e-36
EAR12M14_REV_CPLX_dummy,0.0,-2.4112091072496414e-06
EAR12M14_FWD_CPLX_dummy,0.024031383081258576,-2.031095521139852e-37
EAR13M14x_REV_CPLX_dummy,0.0,-2.4112091072496414e-06
EAR13M14x_FWD_CPLX_dummy,0.024031383081258576,8.34926615060378e-38
EAR140x_REV_CPLX_dummy,0.0,1.0540027235440995e-05
EAR140x_FWD_CPLX_dummy,0.0,-1.2991398663578269e-05
EAR14M16x_REV_CPLX_dummy,0.0,-2.4112091072496414e-06
EAR14M16x_FWD_CPLX_dummy,0.024031383081258576,2.7243107428089787e-36
EAR15M16_REV_CPLX_dummy,0.0,-2.4112091072496414e-06
EAR15M16_FWD_CPLX_dummy,0.024031383081258576,-8.497593355293282e-36
EAR160x_REV_CPLX_dummy,0.0,1.7875920730442603e-05
EAR160x_FWD_CPLX_dummy,0.0,-2.0327285966511068e-05
EAR180x_REV_CPLX_dummy,0.0,6.776623108196974e-06
EAR180x_FWD_CPLX_dummy,0.0,-9.227987909870627e-06
EAR40x_REV_CPLX_dummy,0.0,5.519707305098547e-05
EAR40x_FWD_CPLX_dummy,0.0,-5.764835975900475e-05
EAR4M6x_REV_CPLX_dummy,0.0,-2.4112091072496414e-06
EAR4M6x_FWD_CPLX_dummy,0.024031383081258576,8.34926615060378e-38
EAR5M6x_REV_CPLX_dummy,0.0,-2.4112091072496414e-06
EAR5M6x_FWD_CPLX_dummy,0.024031383081258576,8.34926615060378e-38
EAR60x_REV_CPLX_dummy,0.0,-2.4512511833800724e-06
EAR60x_FWD_CPLX_dummy,0.0,-3.627410525774086e-36
EAR6M8x_REV_CPLX_dummy,0.0,-2.4112091072496414e-06
EAR6M8x_FWD_CPLX_dummy,0.024031383081258576,2.7243107428089787e-36
EAR7M8x_REV_CPLX_dummy,0.0,-2.4112091072496414e-06
EAR7M8x_FWD_CPLX_dummy,0.024031383081258576,8.34926615060378e-38
EAR80x_REV_CPLX_dummy,0.0,-2.4512851599459446e-06
EAR80x_FWD_CPLX_dummy,0.0,1.5035135918364313e-36
EAR8M10_REV_CPLX_dummy,0.0,-2.4112091072496414e-06
EAR8M10_FWD_CPLX_dummy,0.024031383081258576,1.455787208521874e-36
EAR9M10_REV_CPLX_dummy,0.0,-2.4112091072496414e-06
EAR9M10_FWD_CPLX_dummy,0.024031383081258576,4.7735807297935926e-36
ECOAH1_REV_CPLX_dummy,0.0,-6.631296931816947e-39
ECOAH1_FWD_CPLX_dummy,0.0,-2.4112091072496414e-06
EDA_R_REV_6x7.59001.peg.1396-MONOMER,0.0,-2.480259596041968e-06
EDA_R_FWD_6x7.59001.peg.1396-MONOMER,0.0,3.550195107542476e-40
EDD_REV_6x7.59001.peg.1395-MONOMER,0.0,-2.215102262766353e-06
EDD_FWD_6x7.59001.peg.1395-MONOMER,0.0,7.902261819500039e-40
EDTXS1_REV_6x7.59001.peg.2768-MONOMER,0.0,-2.097923527889353e-06
EDTXS1_FWD_6x7.59001.peg.2768-MONOMER,0.0,-2.2506426410495155e-07
EDTXS1_REV_6x7.59001.peg.432-MONOMER,0.0,-1.8728592637844015e-06
EDTXS1_FWD_6x7.59001.peg.432-MONOMER,0.007055889864826238,-2.4182922181059452e-36
EDTXS2_REV_6x7.59001.peg.1389-MONOMER,0.0,-1.8735174283818362e-06
EDTXS2_FWD_6x7.59001.peg.1389-MONOMER,0.007055889864826238,-2.2115282531356134e-36
EHGLAT_REV_6x7.59001.peg.932-MONOMER,0.0,-2.043585805384597e-06
EHGLAT_FWD_6x7.59001.peg.932-MONOMER,0.0,-2.5745821910238493e-08
EHGLAT_REV_6x7.59001.peg.1952-MONOMER,0.0,-3.0803808772742152e-06
EHGLAT_FWD_6x7.59001.peg.1952-MONOMER,0.0,-1.062540893799857e-06
EHGLAT_REV_6x7.59001.peg.1185-MONOMER_mod_pydx5p(1),0.0,-2.017839983474358e-06
EHGLAT_FWD_6x7.59001.peg.1185-MONOMER_mod_pydx5p(1),0.0,-1.2932482014934204e-39
EHGLAT_REV_6x7.59001.peg.2257-MONOMER,0.0,-2.212008886077898e-06
EHGLAT_FWD_6x7.59001.peg.2257-MONOMER,0.0,-1.9416890260353944e-07
ENO_REV_6x7.59001.peg.2187-MONOMER,0.0,-1.7186858613178923e-06
ENO_FWD_6x7.59001.peg.2187-MONOMER,0.0,-3.584237809075356e-07
ENO_REV_6x7.59001.peg.2551-MONOMER_mod_mg2(4),0.0,-1.3602620804103568e-06
ENO_FWD_6x7.59001.peg.2551-MONOMER_mod_mg2(4),5.788717468363434,-8.722049675303208e-41
ETOHt_REV_CPLX_dummy,0.0,-1.2105856955417623e-40
ETOHt_FWD_CPLX_dummy,0.0,-2.4112091072496414e-06
FACOAL140_REV_6x7.59001.peg.1403-MONOMER_mod_mg2(1),0.0,-3.056844301619821e-06
FACOAL140_FWD_6x7.59001.peg.1403-MONOMER_mod_mg2(1),0.0,-9.855778511625874e-08
FACOAL140_REV_6x7.59001.peg.582-MONOMER,0.0,-2.9582865165035627e-06
FACOAL140_FWD_6x7.59001.peg.582-MONOMER,0.007055898371439188,-3.182833506112242e-38
FACOAL160_REV_6x7.59001.peg.1403-MONOMER_mod_mg2(1),0.0,-9.855778511625874e-08
FACOAL160_FWD_6x7.59001.peg.1403-MONOMER_mod_mg2(1),0.0,-3.056844301619821e-06
FACOAL160_REV_6x7.59001.peg.582-MONOMER,0.0,-5.633333639136712e-40
FACOAL160_FWD_6x7.59001.peg.582-MONOMER,0.0,-2.9582865165035627e-06
FACOAL161_REV_6x7.59001.peg.1403-MONOMER_mod_mg2(1),0.0,-9.855778511625874e-08
FACOAL161_FWD_6x7.59001.peg.1403-MONOMER_mod_mg2(1),0.0,-3.056844301619821e-06
FACOAL161_REV_6x7.59001.peg.582-MONOMER,0.0,-5.633333639136712e-40
FACOAL161_FWD_6x7.59001.peg.582-MONOMER,0.0,-2.9582865165035627e-06
FACOAL180_REV_6x7.59001.peg.1403-MONOMER_mod_mg2(1),0.0,-3.056844301619821e-06
FACOAL180_FWD_6x7.59001.peg.1403-MONOMER_mod_mg2(1),0.0,-9.855778511625874e-08
FACOAL180_REV_6x7.59001.peg.582-MONOMER,0.0,-2.9582865165035627e-06
FACOAL180_FWD_6x7.59001.peg.582-MONOMER,0.024031383081258576,-2.816666819568356e-38
FACOAL181_REV_6x7.59001.peg.1403-MONOMER_mod_mg2(1),0.0,-9.855778511625874e-08
FACOAL181_FWD_6x7.59001.peg.1403-MONOMER_mod_mg2(1),0.0,-3.056844301619821e-06
FACOAL181_REV_6x7.59001.peg.582-MONOMER,0.0,-5.633333639136712e-40
FACOAL181_FWD_6x7.59001.peg.582-MONOMER,0.0,-2.9582865165035627e-06
FACOALAI15_REV_6x7.59001.peg.1403-MONOMER_mod_mg2(1),0.0,-9.855778511625874e-08
FACOALAI15_FWD_6x7.59001.peg.1403-MONOMER_mod_mg2(1),0.0,-3.056844301619821e-06
FACOALAI15_REV_6x7.59001.peg.582-MONOMER,0.0,1.7463334281323806e-38
FACOALAI15_FWD_6x7.59001.peg.582-MONOMER,0.0,-2.9582865165035627e-06
FACOALAI17_REV_6x7.59001.peg.1403-MONOMER_mod_mg2(1),0.0,-9.855778511625874e-08
FACOALAI17_FWD_6x7.59001.peg.1403-MONOMER_mod_mg2(1),0.0,-3.056844301619821e-06
FACOALAI17_REV_6x7.59001.peg.582-MONOMER,0.0,1.7463334281323806e-38
FACOALAI17_FWD_6x7.59001.peg.582-MONOMER,0.0,-2.9582865165035627e-06
FACOALI14_REV_6x7.59001.peg.1403-MONOMER_mod_mg2(1),0.0,-9.855778511625874e-08
FACOALI14_FWD_6x7.59001.peg.1403-MONOMER_mod_mg2(1),0.0,-3.056844301619821e-06
FACOALI14_REV_6x7.59001.peg.582-MONOMER,0.0,1.7463334281323806e-38
FACOALI14_FWD_6x7.59001.peg.582-MONOMER,0.0,-2.9582865165035627e-06
FACOALI15_REV_6x7.59001.peg.1403-MONOMER_mod_mg2(1),0.0,-9.855778511625874e-08
FACOALI15_FWD_6x7.59001.peg.1403-MONOMER_mod_mg2(1),0.0,-3.056844301619821e-06
FACOALI15_REV_6x7.59001.peg.582-MONOMER,0.0,2.0544767781931586e-36
FACOALI15_FWD_6x7.59001.peg.582-MONOMER,0.0,-2.9582865165035627e-06
FACOALI16_REV_6x7.59001.peg.1403-MONOMER_mod_mg2(1),0.0,-9.855778511625874e-08
FACOALI16_FWD_6x7.59001.peg.1403-MONOMER_mod_mg2(1),0.0,-3.056844301619821e-06
FACOALI16_REV_6x7.59001.peg.582-MONOMER,0.0,1.7463334281323806e-38
FACOALI16_FWD_6x7.59001.peg.582-MONOMER,0.0,-2.9582865165035627e-06
FACOALI17_REV_6x7.59001.peg.1403-MONOMER_mod_mg2(1),0.0,-9.855778511625874e-08
FACOALI17_FWD_6x7.59001.peg.1403-MONOMER_mod_mg2(1),0.0,-3.056844301619821e-06
FACOALI17_REV_6x7.59001.peg.582-MONOMER,0.0,2.0544767781931586e-36
FACOALI17_FWD_6x7.59001.peg.582-MONOMER,0.0,-2.9582865165035627e-06
FBA_REV_6x7.59001.peg.2804-MONOMER,0.0,-1.6629204253919282e-06
FBA_FWD_6x7.59001.peg.2804-MONOMER,1.9955269113192198,-2.7060665458448134e-39
FBA2_REV_6x7.59001.peg.2804-MONOMER,0.0,-1.6629204253919282e-06
FBA2_FWD_6x7.59001.peg.2804-MONOMER,0.0,-1.1236455336028517e-39
FBA3_REV_6x7.59001.peg.2804-MONOMER,0.0,-1.6629204253919282e-06
FBA3_FWD_6x7.59001.peg.2804-MONOMER,0.2937728394751472,9.62461931413333e-40
FBP_REV_6x7.59001.peg.346-MONOMER_mod_mg2(1),0.0,8.267288766334851e-06
FBP_FWD_6x7.59001.peg.346-MONOMER_mod_mg2(1),0.0,-9.837302307053293e-06
FBP_REV_6x7.59001.peg.3256-MONOMER_mod_mn2(1),0.0,8.145310778906093e-06
FBP_FWD_6x7.59001.peg.3256-MONOMER_mod_mn2(1),0.0,-9.959280294482051e-06
FCI_REV_6x7.59001.peg.258-MONOMER_mod_mn2(1),0.0,-1.6075880059467491e-06
FCI_FWD_6x7.59001.peg.258-MONOMER_mod_mn2(1),0.0,8.125553545811562e-41
FCLK_REV_6x7.59001.peg.257-MONOMER_mod_mg2(1),0.0,8.18497215700677e-06
FCLK_FWD_6x7.59001.peg.257-MONOMER_mod_mg2(1),0.0,-1.1266015365783e-05
FCLPA_REV_6x7.59001.peg.261-MONOMER_mod_zn2(1),0.0,5.125365185154212e-40
FCLPA_FWD_6x7.59001.peg.261-MONOMER_mod_zn2(1),0.0,-2.7442973855477553e-06
FCLTc_REV_6x7.59001.peg.983-MONOMER,0.0,-2.7048420664707744e-06
FCLTc_FWD_6x7.59001.peg.983-MONOMER,0.000873558153070027,2.65519937447677e-38
FDH_REV_6x7.59001.peg.3173-MONOMER,0.0,1.0404166151244718e-06
FDH_FWD_6x7.59001.peg.3173-MONOMER,0.0,-2.9311963137511366e-06
FDH_REV_6x7.59001.peg.3168-MONOMER,0.0,8.597491087482037e-07
FDH_FWD_6x7.59001.peg.3168-MONOMER,0.0,-3.1118638201274046e-06
FDH_REV_6x7.59001.peg.3169-MONOMER,0.0,1.1344672164541579e-06
FDH_FWD_6x7.59001.peg.3169-MONOMER,0.0,-2.8371457124214503e-06
FDH_REV_6x7.59001.peg.3171-MONOMER,0.0,1.2430285619659587e-06
FDH_FWD_6x7.59001.peg.3171-MONOMER,0.0,-2.7285843669096497e-06
FDH_REV_6x7.59001.peg.2206-MONOMER,0.0,8.60904961961244e-07
FDH_FWD_6x7.59001.peg.2206-MONOMER,0.0,-3.1107079669143645e-06
FDH_REV_6x7.59001.peg.3172-MONOMER,0.0,1.9470469694174214e-06
FDH_FWD_6x7.59001.peg.3172-MONOMER,0.0,-2.0245659594581867e-06
FDH_REV_6x7.59001.peg.3170-MONOMER,0.0,1.237550778785141e-06
FDH_FWD_6x7.59001.peg.3170-MONOMER,0.0,-2.7340621500904673e-06
FDH2_REV_CPLX_FDH2-0,0.0,-1.140578379437185e-06
FDH2_FWD_CPLX_FDH2-0,1.9973793272267533,1.4832658930405481e-36
FDH2_REV_CPLX_FDH2-8,0.0,-1.3284409746966906e-06
FDH2_FWD_CPLX_FDH2-8,0.0,-1.8786259525950552e-07
FDH2_REV_CPLX_FDH2-5,0.0,-1.3757076011454364e-06
FDH2_FWD_CPLX_FDH2-5,0.0,-2.3512922170825138e-07
FDH2_REV_CPLX_FDH2-2,0.0,-1.3345732444939312e-06
FDH2_FWD_CPLX_FDH2-2,0.0,-1.9399486505674623e-07
FDH2_REV_CPLX_FDH2-7,0.0,-1.2517084955634965e-06
FDH2_FWD_CPLX_FDH2-7,0.0,-1.1113011612631154e-07
FDH2_REV_CPLX_FDH2-1,0.0,-1.2549510550040457e-06
FDH2_FWD_CPLX_FDH2-1,0.0,-1.1437267556686065e-07
FDH2_REV_CPLX_FDH2-6,0.0,-1.140578379437185e-06
FDH2_FWD_CPLX_FDH2-6,0.0,-5.060457722497369e-37
FDH2_REV_CPLX_FDH2-3,0.0,-1.1775556938213878e-06
FDH2_FWD_CPLX_FDH2-3,0.0,-3.6977314384202784e-08
FDH2_REV_CPLX_FDH2-4,0.0,-1.2887405471136566e-06
FDH2_FWD_CPLX_FDH2-4,0.0,-1.4816216767647174e-07
FE2abc_REV_6x7.59001.peg.3117-MONOMER,0.0,-3.976205243820551e-06
FE2abc_FWD_6x7.59001.peg.3117-MONOMER,0.0017471401441674726,7.91019108913377e-39
FE3abc_REV_CPLX_dummy,0.0,5.460472870067115e-06
FE3abc_FWD_CPLX_dummy,0.0,-7.871681977316756e-06
FEDCabc_REV_6x7.59001.peg.1846-MONOMER,0.0,-5.345278688805411e-06
FEDCabc_FWD_6x7.59001.peg.1846-MONOMER,2.8613726462665687e-09,-1.2462760011869173e-38
FERO_REV_6x7.59001.peg.1707-MONOMER,0.0,0.00010223435131131229
FERO_FWD_6x7.59001.peg.1707-MONOMER,0.0,-0.00010490878512504311
FERO_REV_6x7.59001.peg.1460-MONOMER,0.0,0.00010204731978176054
FERO_FWD_6x7.59001.peg.1460-MONOMER,0.0,-0.00010509581665459486
FERO_REV_6x7.59001.peg.2610-MONOMER,0.0,0.0001029235034543599
FERO_FWD_6x7.59001.peg.2610-MONOMER,0.0,-0.0001042196329819955
FMNAT_REV_6x7.59001.peg.542-MONOMER,0.0,-2.8022126332307263e-06
FMNAT_FWD_6x7.59001.peg.542-MONOMER,0.0008742556043184061,-9.329411834084316e-39
FMNRx2_REV_6x7.59001.peg.2112-MONOMER,0.0,-2.611715023039665e-06
FMNRx2_FWD_6x7.59001.peg.2112-MONOMER,0.0,-4.430910913639147e-39
FOLD3_REV_6x7.59001.peg.365-MONOMER_mod_mg2(1),0.0,-2.170763138719791e-06
FOLD3_FWD_6x7.59001.peg.365-MONOMER_mod_mg2(1),0.0,-6.353595110490893e-39
FORt2r_REV_CPLX_dummy,4.457444443418208,-1.5945513368283058e-40
FORt2r_FWD_CPLX_dummy,0.0,-2.4112091072496414e-06
FPGS_REV_6x7.59001.peg.2264-MONOMER,0.0,0.00010865024550965708
FPGS_FWD_6x7.59001.peg.2264-MONOMER,0.0,-0.0001115274506094841
FPGS7_REV_6x7.59001.peg.2277-MONOMER,0.0,-2.8810539329483203e-06
FPGS7_FWD_6x7.59001.peg.2277-MONOMER,0.00816504084669213,3.796383810081721e-34
FPGS_tm_REV_6x7.59001.peg.2277-MONOMER,0.0,-2.8810539329483203e-06
FPGS_tm_FWD_6x7.59001.peg.2277-MONOMER,0.0,-3.025792098512987e-39
FRD2_REV_6x7.59001.peg.303-MONOMER,0.0,6.800268347963269e-07
FRD2_FWD_6x7.59001.peg.303-MONOMER,0.0,-1.8146662911715902e-06
FRD2_REV_6x7.59001.peg.2427-MONOMER,0.0,3.614223904757398e-07
FRD2_FWD_6x7.59001.peg.2427-MONOMER,0.0,-2.133270735492177e-06
FRD2_REV_CPLX_FRD2-0,0.0,4.447728122838482e-07
FRD2_FWD_CPLX_FRD2-0,0.0,-2.049920313684069e-06
FRD2_REV_CPLX_FRD2-2,0.0,1.872058857427756e-07
FRD2_FWD_CPLX_FRD2-2,0.0,-2.3074872402251416e-06
FRD2_REV_CPLX_FRD2-1,0.0,6.898816693324324e-07
FRD2_FWD_CPLX_FRD2-1,0.0,-1.8048114566354847e-06
FRD2_REV_CPLX_FRD2-4,0.0,-1.2504554673158421e-06
FRD2_FWD_CPLX_FRD2-4,0.0,-3.7451485932837593e-06
FRD2_REV_CPLX_FRD2-3,0.0,4.2808530349322165e-07
FRD2_FWD_CPLX_FRD2-3,0.0,-2.0666078224746955e-06
FRD3_REV_6x7.59001.peg.303-MONOMER,0.0,-4.593126969850919e-07
FRD3_FWD_6x7.59001.peg.303-MONOMER,0.0,-6.753267593901714e-07
FRD3_REV_6x7.59001.peg.2427-MONOMER,0.0,-7.77917141305679e-07
FRD3_FWD_6x7.59001.peg.2427-MONOMER,0.0,-9.939312037107586e-07
FRD3_REV_CPLX_FRD2-0,0.0,-6.945667194975705e-07
FRD3_FWD_CPLX_FRD2-0,0.0,-9.1058078190265e-07
FRD3_REV_CPLX_FRD2-2,0.0,-9.521336460386432e-07
FRD3_FWD_CPLX_FRD2-2,0.0,-1.1681477084437228e-06
FRD3_REV_CPLX_FRD2-1,0.0,-4.4945786244898636e-07
FRD3_FWD_CPLX_FRD2-1,0.0,-6.654719248540659e-07
FRD3_REV_CPLX_FRD2-4,0.0,-2.389794999097261e-06
FRD3_FWD_CPLX_FRD2-4,0.0,-2.6058090615023403e-06
FRD3_REV_CPLX_FRD2-3,0.0,-7.112542282881971e-07
FRD3_FWD_CPLX_FRD2-3,0.0,-9.272682906932767e-07
FRD7_REV_CPLX_dummy,0.0,-2.320534340927873e-06
FRD7_FWD_CPLX_dummy,0.0,-9.067476632176838e-08
FRDO_REV_6x7.59001.peg.3259-MONOMER_mod_fad(1),0.0,8.097114694510485e-07
FRDO_FWD_6x7.59001.peg.3259-MONOMER_mod_fad(1),0.0,-3.368188162121174e-06
FRUK_REV_6x7.59001.peg.2167-MONOMER_mod_mg2(1),0.0,-1.962912226042672e-06
FRUK_FWD_6x7.59001.peg.2167-MONOMER_mod_mg2(1),0.14898579,5.110885366745813e-39
FRUpts_REV_CPLX_FRUpts-0,0.0,-4.11349109804909e-06
FRUpts_FWD_CPLX_FRUpts-0,0.14898579,3.906991225115329e-40
FTHFCL_REV_6x7.59001.peg.2797-MONOMER,0.0,-3.1101765782396966e-06
FTHFCL_FWD_6x7.59001.peg.2797-MONOMER,0.0,-2.252615872260624e-38
FTHFD_REV_6x7.59001.peg.1441-MONOMER,0.0,5.419475419109979e-06
FTHFD_FWD_6x7.59001.peg.1441-MONOMER,0.0,-7.088126675680767e-06
FTHFL_REV_6x7.59001.peg.1594-MONOMER,0.0,5.418941785315614e-07
FTHFL_FWD_6x7.59001.peg.1594-MONOMER,0.0,-3.427597015678711e-06
FUM_REV_6x7.59001.peg.1989-MONOMER_mod_4fe4s(1),0.0,-2.796341016367647e-07
FUM_FWD_6x7.59001.peg.1989-MONOMER_mod_4fe4s(1),0.0,-2.1851395081133713e-06
FUM_REV_6x7.59001.peg.1600-MONOMER,0.0,-8.257331077681693e-07
FUM_FWD_6x7.59001.peg.1600-MONOMER,0.0,-2.731238514244776e-06
FUMt2r_REV_6x7.59001.peg.2825-MONOMER,0.0,-7.241597144660907e-07
FUMt2r_FWD_6x7.59001.peg.2825-MONOMER,1.0,-8.208701743681328e-41
FUMt2r_REV_6x7.59001.peg.1143-MONOMER,0.0,-1.8173354723685505e-06
FUMt2r_FWD_6x7.59001.peg.1143-MONOMER,0.0,-1.0931757579024598e-06
G1PACT_REV_6x7.59001.peg.3346-MONOMER_mod_mg2(1),0.0,-3.0396715874717332e-06
G1PACT_FWD_6x7.59001.peg.3346-MONOMER_mod_mg2(1),0.014111779729652475,7.413546955452952e-36
G1PP_REV_6x7.59001.peg.1646-MONOMER,0.22347868,-1.4246370184665602e-39
G1PP_FWD_6x7.59001.peg.1646-MONOMER,0.0,-2.1126498003214585e-06
G1PTT_REV_6x7.59001.peg.79-MONOMER,0.0,-2.380609546396839e-06
G1PTT_FWD_6x7.59001.peg.79-MONOMER,0.007055889864826238,-3.112958609791235e-39
G1SAT_REV_6x7.59001.peg.2626-MONOMER_mod_pydx5p(1),0.0,-1.7684680741923482e-06
G1SAT_FWD_6x7.59001.peg.2626-MONOMER_mod_pydx5p(1),0.013976930449120432,9.950986997040615e-40
G3PAT120_REV_CPLX_G3PAT120-0,0.0,1.7805981391533153e-05
G3PAT120_FWD_CPLX_G3PAT120-0,0.0,-2.114702211251249e-05
G3PAT120_REV_6x7.59001.peg.189-MONOMER,0.0,1.7440445237619277e-05
G3PAT120_FWD_6x7.59001.peg.189-MONOMER,0.0,-2.151255826642637e-05
G3PAT140_REV_CPLX_G3PAT120-0,0.0,8.263655408176861e-07
G3PAT140_FWD_CPLX_G3PAT120-0,0.0,-4.167407587846589e-06
G3PAT140_REV_6x7.59001.peg.189-MONOMER,0.0,4.6082938690380726e-07
G3PAT140_FWD_6x7.59001.peg.189-MONOMER,0.0,-4.5329437417604675e-06
G3PAT141_REV_CPLX_G3PAT120-0,0.0,-1.8080791759357445e-06
G3PAT141_FWD_CPLX_G3PAT120-0,0.0,-1.5329340051176552e-06
G3PAT141_REV_6x7.59001.peg.189-MONOMER,0.0,-2.1736153298496234e-06
G3PAT141_FWD_6x7.59001.peg.189-MONOMER,0.0,-1.898470159031534e-06
G3PAT160_REV_CPLX_G3PAT120-0,0.0,1.5081116990947153e-05
G3PAT160_FWD_CPLX_G3PAT120-0,0.0,-1.842215151985288e-05
G3PAT160_REV_6x7.59001.peg.189-MONOMER,0.0,1.4715580837033273e-05
G3PAT160_FWD_6x7.59001.peg.189-MONOMER,0.0,-1.8787687673766758e-05
G3PAT161_REV_CPLX_G3PAT120-0,0.0,-1.807963348424604e-06
G3PAT161_FWD_CPLX_G3PAT120-0,0.0,-1.5329340051176552e-06
G3PAT161_REV_6x7.59001.peg.189-MONOMER,0.0,-2.173499502338483e-06
G3PAT161_FWD_6x7.59001.peg.189-MONOMER,0.0,-1.898470159031534e-06
G3PAT180_REV_CPLX_G3PAT120-0,0.0,-3.341041002386297e-06
G3PAT180_FWD_CPLX_G3PAT120-0,0.0,2.082974566222425e-36
G3PAT180_REV_6x7.59001.peg.189-MONOMER,0.0,-3.706577156300176e-06
G3PAT180_FWD_6x7.59001.peg.189-MONOMER,0.0,-3.655361539138789e-07
G3PAT181_REV_CPLX_G3PAT120-0,0.0,-1.807963348424604e-06
G3PAT181_FWD_CPLX_G3PAT120-0,0.0,-1.5329340051176552e-06
G3PAT181_REV_6x7.59001.peg.189-MONOMER,0.0,-2.173499502338483e-06
G3PAT181_FWD_6x7.59001.peg.189-MONOMER,0.0,-1.898470159031534e-06
G3PATAI15_REV_CPLX_G3PAT120-0,0.0,-3.3009179401963264e-06
G3PATAI15_FWD_CPLX_G3PAT120-0,0.0,1.243203603251366e-38
G3PATAI15_REV_6x7.59001.peg.189-MONOMER,0.0,-3.6664540941102054e-06
G3PATAI15_FWD_6x7.59001.peg.189-MONOMER,0.0,-3.655361539138789e-07
G3PATAI17_REV_CPLX_G3PAT120-0,0.0,-3.3009179401963264e-06
G3PATAI17_FWD_CPLX_G3PAT120-0,0.012015691540629288,8.535346040554201e-38
G3PATAI17_REV_6x7.59001.peg.189-MONOMER,0.0,-3.6664540941102054e-06
G3PATAI17_FWD_6x7.59001.peg.189-MONOMER,0.0,-3.655361539138789e-07
G3PATI14_REV_CPLX_G3PAT120-0,0.0,-3.3009179401963264e-06
G3PATI14_FWD_CPLX_G3PAT120-0,0.0,1.0986450447337652e-38
G3PATI14_REV_6x7.59001.peg.189-MONOMER,0.0,-3.6664540941102054e-06
G3PATI14_FWD_6x7.59001.peg.189-MONOMER,0.0,-3.655361539138789e-07
G3PATI15_REV_CPLX_G3PAT120-0,0.0,-3.3009179401963264e-06
G3PATI15_FWD_CPLX_G3PAT120-0,0.0,-8.213817294970071e-36
G3PATI15_REV_6x7.59001.peg.189-MONOMER,0.0,-3.6664540941102054e-06
G3PATI15_FWD_6x7.59001.peg.189-MONOMER,0.0,-3.655361539138789e-07
G3PATI16_REV_CPLX_G3PAT120-0,0.0,-3.3009179401963264e-06
G3PATI16_FWD_CPLX_G3PAT120-0,-1.9502648337516308e-23,1.7347027022112082e-39
G3PATI16_REV_6x7.59001.peg.189-MONOMER,0.0,-3.6664540941102054e-06
G3PATI16_FWD_6x7.59001.peg.189-MONOMER,0.0,-3.655361539138789e-07
G3PATI17_REV_CPLX_G3PAT120-0,0.0,-3.3009179401963264e-06
G3PATI17_FWD_CPLX_G3PAT120-0,0.012015691540629288,3.620170594695014e-36
G3PATI17_REV_6x7.59001.peg.189-MONOMER,0.0,-3.6664540941102054e-06
G3PATI17_FWD_6x7.59001.peg.189-MONOMER,0.0,-3.655361539138789e-07
G3PD1_REV_6x7.59001.peg.3270-MONOMER,0.0,-1.2817732466867947e-06
G3PD1_FWD_6x7.59001.peg.3270-MONOMER,0.0,-1.5647292925885835e-06
G3PD2_REV_6x7.59001.peg.3270-MONOMER,0.0,-1.8690266754620835e-06
G3PD2_FWD_6x7.59001.peg.3270-MONOMER,0.0,-9.774758638132947e-07
G3PD5_REV_CPLX_G3PD5-0,0.0,-5.971622908217344e-07
G3PD5_FWD_CPLX_G3PD5-0,0.0,-2.4367944775051504e-06
G3PD5_REV_6x7.59001.peg.3144-MONOMER_mod_fad(1),0.0,-5.226441636035948e-07
G3PD5_FWD_6x7.59001.peg.3144-MONOMER_mod_fad(1),0.0,-2.362276350287011e-06
G3PD6_REV_CPLX_G3PD5-0,0.0,-2.9594386411087453e-06
G3PD6_FWD_CPLX_G3PD5-0,0.0,-7.451812721813957e-08
G3PD6_REV_6x7.59001.peg.3144-MONOMER_mod_fad(1),0.0,-2.8849205138906055e-06
G3PD6_FWD_6x7.59001.peg.3144-MONOMER_mod_fad(1),0.9459293880671682,-1.245221146049979e-38
G3PD7_REV_CPLX_G3PD5-0,0.0,-1.8200991093273266e-06
G3PD7_FWD_CPLX_G3PD5-0,0.0,-1.2138576589995582e-06
G3PD7_REV_6x7.59001.peg.3144-MONOMER_mod_fad(1),0.0,-1.745580982109187e-06
G3PD7_FWD_6x7.59001.peg.3144-MONOMER_mod_fad(1),0.0,-1.1393395317814188e-06
G3PD8i_REV_6x7.59001.peg.2946-MONOMER,0.0,-6.686008815406968e-07
G3PD8i_FWD_6x7.59001.peg.2946-MONOMER,0.0,-1.3933032809210606e-06
G3PD8i_REV_6x7.59001.peg.3144-MONOMER_mod_fad(1),0.0,-1.080109057255121e-06
G3PD8i_FWD_6x7.59001.peg.3144-MONOMER_mod_fad(1),0.0,-1.8048114566354847e-06
G3PD8i_REV_6x7.59001.peg.2945-MONOMER,0.0,-1.2189184407305922e-06
G3PD8i_FWD_6x7.59001.peg.2945-MONOMER,0.0,-1.943620840110956e-06
G5SADs_REV_CPLX_dummy,0.0,-9.818810867884584e-07
G5SADs_FWD_CPLX_dummy,0.0,-1.429328020461183e-06
G5SDr_REV_6x7.59001.peg.752-MONOMER,0.0,-1.1047673633805511e-38
G5SDr_FWD_6x7.59001.peg.752-MONOMER,0.0,-4.552728226605077e-06
G6PBDH_REV_6x7.59001.peg.1393-MONOMER,0.0,2.3682539079817778e-39
G6PBDH_FWD_6x7.59001.peg.1393-MONOMER,0.0,-1.8305128459292705e-06
G6PDA_REV_6x7.59001.peg.2459-MONOMER,0.0,-2.3736776115783156e-06
G6PDA_FWD_6x7.59001.peg.2459-MONOMER,1.1454581619335538,1.0068537499565031e-38
G6PDH2r_REV_6x7.59001.peg.1393-MONOMER,0.0,-7.803930155238605e-07
G6PDH2r_FWD_6x7.59001.peg.1393-MONOMER,0.0,-1.0501198304054101e-06
G6PI_REV_6x7.59001.peg.175-MONOMER,0.0,-1.560786031047721e-06
G6PI_FWD_6x7.59001.peg.175-MONOMER,0.0,1.432799701495898e-39
G6PI3_REV_6x7.59001.peg.175-MONOMER,0.0,-7.803930155238605e-07
G6PI3_FWD_6x7.59001.peg.175-MONOMER,0.0,-7.803930155238605e-07
GALK_REV_6x7.59001.peg.2407-MONOMER_mod_mg2(1),0.0,-1.3237887006073317e-06
GALK_FWD_6x7.59001.peg.2407-MONOMER_mod_mg2(1),0.0,-3.630039710856634e-39
GALM1r_REV_6x7.59001.peg.2408-MONOMER,0.0,-5.792078125853275e-40
GALM1r_FWD_6x7.59001.peg.2408-MONOMER,0.0,-2.1409547601424952e-06
GALS3_REV_6x7.59001.peg.1800-MONOMER_mod_mn2(1),0.0,-2.223614104493727e-06
GALS3_FWD_6x7.59001.peg.1800-MONOMER_mod_mn2(1),0.0,1.0495222482197525e-39
GALS3_REV_6x7.59001.peg.2859-MONOMER,0.0,-2.482304708196308e-06
GALS3_FWD_6x7.59001.peg.2859-MONOMER,0.0,-2.586906037025812e-07
GALT_REV_6x7.59001.peg.2406-MONOMER_mod_fe2(1)_mod_zn2(1),0.0,-2.140620799273938e-06
GALT_FWD_6x7.59001.peg.2406-MONOMER_mod_fe2(1)_mod_zn2(1),0.0,2.0788477960707317e-39
GALT1_REV_CPLX_dummy,0.0,-2.4112091072496414e-06
GALT1_FWD_CPLX_dummy,0.007055889864826238,-3.6920365054219047e-38
GALTpts_REV_6x7.59001.peg.1088-MONOMER,0.0,-2.7091869535507224e-06
GALTpts_FWD_6x7.59001.peg.1088-MONOMER,0.0,-4.296448389668948e-39
GALU_REV_6x7.59001.peg.1444-MONOMER,0.0,-2.0700385249828806e-06
GALU_FWD_6x7.59001.peg.1444-MONOMER,0.0,-9.02935493181313e-08
GALU_REV_6x7.59001.peg.1151-MONOMER,0.0,-1.9797449756647494e-06
GALU_FWD_6x7.59001.peg.1151-MONOMER,0.02822355945930495,-1.9728699847924176e-38
GALURt2r_REV_6x7.59001.peg.1798-MONOMER,0.0,-2.002371909748029e-06
GALURt2r_FWD_6x7.59001.peg.1798-MONOMER,0.0,1.7235164206445693e-39
GALURt2r_REV_6x7.59001.peg.399-MONOMER,0.0,-2.3615840036469397e-06
GALURt2r_FWD_6x7.59001.peg.399-MONOMER,0.0,-3.5921209389891067e-07
GALt2_2_REV_6x7.59001.peg.2814-MONOMER,0.0,-2.0129467167395685e-06
GALt2_2_FWD_6x7.59001.peg.2814-MONOMER,0.0,-9.062847487349254e-07
GALt2_2_REV_6x7.59001.peg.1858-MONOMER,0.0,-1.980322605264921e-06
GALt2_2_FWD_6x7.59001.peg.1858-MONOMER,0.0,-8.736606372602781e-07
GAMpts_REV_6x7.59001.peg.1088-MONOMER,0.0,-2.7091869535507224e-06
GAMpts_FWD_6x7.59001.peg.1088-MONOMER,1.0,-8.592896779337897e-40
GAPD_REV_6x7.59001.peg.1427-MONOMER,0.0,-4.1969549396690827e-07
GAPD_FWD_6x7.59001.peg.1427-MONOMER,5.788717468363434,-3.717144556761196e-38
GARFTi_REV_6x7.59001.peg.1722-MONOMER_mod_mg2(1),0.0,-1.577986200250111e-06
GARFTi_FWD_6x7.59001.peg.1722-MONOMER_mod_mg2(1),0.0,-7.243143255100555e-09
GARFTi_REV_6x7.59001.peg.1042-MONOMER,0.0,-1.5707430569950104e-06
GARFTi_FWD_6x7.59001.peg.1042-MONOMER,0.0,-6.93668104828977e-39
GART_REV_6x7.59001.peg.1722-MONOMER_mod_mg2(1),0.0,4.067593968550252e-07
GART_FWD_6x7.59001.peg.1722-MONOMER_mod_mg2(1),0.0,-1.9919887403602367e-06
GBBTNt_REV_CPLX_dummy,0.0,-1.2056045536248207e-06
GBBTNt_FWD_CPLX_dummy,0.0,-1.2056045536248207e-06
GCALDt_REV_CPLX_dummy,0.0,-1.2056045536248207e-06
GCALDt_FWD_CPLX_dummy,0.0,-1.2056045536248207e-06
GCCa_REV_6x7.59001.peg.2788-MONOMER,0.0,7.170209524866446e-06
GCCa_FWD_6x7.59001.peg.2788-MONOMER,0.0,-9.764261465216315e-06
GCCb_REV_CPLX_GCCb-0,0.0,-1.7117322108566284e-06
GCCb_FWD_CPLX_GCCb-0,0.0,-1.5914414176609009e-38
GCCc_REV_6x7.59001.peg.3291-MONOMER,0.0,-1.3329666338850897e-06
GCCc_FWD_6x7.59001.peg.3291-MONOMER,0.0,-5.203993880687978e-07
GCCc_REV_CPLX_GCCc-0,0.0,-1.6845656962389162e-06
GCCc_FWD_CPLX_GCCc-0,0.0,-8.719984504226244e-07
GCCc_REV_6x7.59001.peg.2789-MONOMER,0.0,-8.928201170888558e-07
GCCc_FWD_6x7.59001.peg.2789-MONOMER,0.0,-8.025287127256395e-08
GCCc_REV_6x7.59001.peg.619-MONOMER,0.0,-8.125672458162918e-07
GCCc_FWD_6x7.59001.peg.619-MONOMER,0.0,-1.1030792160547734e-38
GF6PTA_REV_6x7.59001.peg.3347-MONOMER,0.0,1.7849651657598817e-06
GF6PTA_FWD_6x7.59001.peg.3347-MONOMER,0.0,-4.66924322801397e-06
GHMT2r_REV_6x7.59001.peg.2670-MONOMER,0.0,-1.2721979500704927e-06
GHMT2r_FWD_6x7.59001.peg.2670-MONOMER,0.05641888267460906,-4.0828417196457536e-39
GK1_REV_6x7.59001.peg.31-MONOMER_mod_mg2(1),0.0,-1.1922618047406663e-06
GK1_FWD_6x7.59001.peg.31-MONOMER_mod_mg2(1),0.058272972796043584,2.8395442783738586e-39
GK2_REV_6x7.59001.peg.31-MONOMER_mod_mg2(1),0.0,-1.1922618047406663e-06
GK2_FWD_6x7.59001.peg.31-MONOMER_mod_mg2(1),0.0,-1.4747310607038428e-38
GLCNOXy_REV_6x7.59001.peg.1360-MONOMER,0.0,2.7043910344108893e-39
GLCNOXy_FWD_6x7.59001.peg.1360-MONOMER,0.0,-1.9583232905461304e-06
GLCOAS_REV_CPLX_dummy,0.0,-2.4112091072496414e-06
GLCOAS_FWD_CPLX_dummy,0.0,9.495827274769663e-39
GLCP3_REV_6x7.59001.peg.2523-MONOMER,0.0,-6.601216389038472e-40
GLCP3_FWD_6x7.59001.peg.2523-MONOMER,0.0,-3.0792142114094185e-06
GLCP3_REV_6x7.59001.peg.3136-MONOMER_mod_pydx5p(1),0.0,-2.761865251398869e-07
GLCP3_FWD_6x7.59001.peg.3136-MONOMER_mod_pydx5p(1),0.0,-3.3554007365493057e-06
GLCP3_REV_6x7.59001.peg.3143-MONOMER_mod_pydx5p(1),0.0,-6.189179695398413e-08
GLCP3_FWD_6x7.59001.peg.3143-MONOMER_mod_pydx5p(1),0.0,-3.1411060083634026e-06
GLCS3_REV_6x7.59001.peg.3142-MONOMER,0.0,-7.552262537971873e-39
GLCS3_FWD_6x7.59001.peg.3142-MONOMER,0.0,-3.364787102989934e-06
GLCTR1_REV_6x7.59001.peg.47-MONOMER,0.0,-1.764534998834394e-06
GLCTR1_FWD_6x7.59001.peg.47-MONOMER,0.007055889864826238,2.8774065041747054e-38
GLCTR2_REV_CPLX_dummy,0.0,-2.4112091072496414e-06
GLCTR2_FWD_CPLX_dummy,0.007055889864826238,-3.6920365054219047e-38
GLCTR3_REV_CPLX_dummy,0.0,-2.4112091072496414e-06
GLCTR3_FWD_CPLX_dummy,0.007055889864826238,-1.0852349728058325e-37
GLCURt2r_REV_6x7.59001.peg.1798-MONOMER,0.0,-2.002371909748029e-06
GLCURt2r_FWD_6x7.59001.peg.1798-MONOMER,0.0,4.700499329030643e-40
GLCURt2r_REV_6x7.59001.peg.399-MONOMER,0.0,-2.3615840036469397e-06
GLCURt2r_FWD_6x7.59001.peg.399-MONOMER,0.0,-3.5921209389891067e-07
GLCabc_REV_CPLX_dummy,0.0,3.938733607339484e-06
GLCabc_FWD_CPLX_dummy,0.0,-6.349942714589125e-06
GLCpts_REV_CPLX_GLCpts-1,0.0,1.3502938300279903e-06
GLCpts_FWD_CPLX_GLCpts-1,0.0,-3.287649595388735e-06
GLCpts_REV_CPLX_GLCpts-0,0.0,9.454251978284126e-07
GLCpts_FWD_CPLX_GLCpts-0,0.0,-3.6925182275883126e-06
GLCt2_REV_6x7.59001.peg.1858-MONOMER,0.0,-2.853983242525199e-06
GLCt2_FWD_6x7.59001.peg.1858-MONOMER,0.14898579,-7.699273933045319e-40
GLGC_REV_6x7.59001.peg.3138-MONOMER,0.0,1.7497064370644803e-06
GLGC_FWD_6x7.59001.peg.3138-MONOMER,0.0,-2.5713192943533353e-06
GLGC_REV_6x7.59001.peg.3141-MONOMER_mod_mg2(1),0.0,1.1798834182549841e-06
GLGC_FWD_6x7.59001.peg.3141-MONOMER_mod_mg2(1),0.0,-3.141142313162832e-06
GLNS_REV_6x7.59001.peg.3306-MONOMER_mod_mn2(1),0.0,5.6341227471807556e-06
GLNS_FWD_6x7.59001.peg.3306-MONOMER_mod_mn2(1),0.0,-6.762439759624726e-06
GLNSP1_REV_6x7.59001.peg.3306-MONOMER_mod_mn2(1),0.0,-1.1283170124439706e-06
GLNSP1_FWD_6x7.59001.peg.3306-MONOMER_mod_mn2(1),0.0,2.2033757245582623e-39
GLNSP2_REV_6x7.59001.peg.3306-MONOMER_mod_mn2(1),0.0,-1.1283170124439706e-06
GLNSP2_FWD_6x7.59001.peg.3306-MONOMER_mod_mn2(1),0.0,9.414423550385303e-39
GLNSP3_REV_6x7.59001.peg.3306-MONOMER_mod_mn2(1),0.0,-1.1283170124439706e-06
GLNSP3_FWD_6x7.59001.peg.3306-MONOMER_mod_mn2(1),0.0,-1.6224857608110842e-38
GLNabc_REV_6x7.59001.peg.2173-MONOMER,0.0,5.099876512470482e-06
GLNabc_FWD_6x7.59001.peg.2173-MONOMER,0.0,-6.5458379992168866e-06
GLU5K_REV_6x7.59001.peg.751-MONOMER_mod_mg2(1),0.0,-3.0885620765478016e-06
GLU5K_FWD_6x7.59001.peg.751-MONOMER_mod_mg2(1),0.0,-5.3373786023357003e-39
GLUABUTt7_REV_6x7.59001.peg.2716-MONOMER,0.0,-2.0347527465939286e-07
GLUABUTt7_FWD_6x7.59001.peg.2716-MONOMER,0.0,-2.034787783388788e-06
GLUABUTt7_REV_6x7.59001.peg.740-MONOMER,0.0,-7.181628821715325e-07
GLUABUTt7_FWD_6x7.59001.peg.740-MONOMER,0.0,-2.5494753909009277e-06
GLUABUTt7_REV_6x7.59001.peg.739-MONOMER,0.0,-1.5391757818987606e-06
GLUABUTt7_FWD_6x7.59001.peg.739-MONOMER,0.0,-3.3704882906281557e-06
GLUCYS_REV_6x7.59001.peg.2704-MONOMER_mod_mg2(1),0.0,-2.7053156735387004e-06
GLUCYS_FWD_6x7.59001.peg.2704-MONOMER_mod_mg2(1),0.000873558153070027,-1.5261297213735558e-38
GLUDC_REV_6x7.59001.peg.2717-MONOMER_mod_pydx5p(1),0.0,-1.5014942371488913e-06
GLUDC_FWD_6x7.59001.peg.2717-MONOMER_mod_pydx5p(1),0.0,-1.217275375816227e-39
GLUDy_REV_6x7.59001.peg.3186-MONOMER,0.2548432475757842,2.1196925039247376e-35
GLUDy_FWD_6x7.59001.peg.3186-MONOMER,0.0,-1.7590728354200047e-06
GLUN_REV_718251.5.peg.2703-MONOMER,0.0,1.0515690101188083e-06
GLUN_FWD_718251.5.peg.2703-MONOMER,0.0,-3.0289617720767276e-06
GLUN_REV_6x7.59001.peg.236-MONOMER,0.0,1.0299833141389845e-06
GLUN_FWD_6x7.59001.peg.236-MONOMER,0.0,-3.0505474680565514e-06
GLUOX_REV_CPLX_GLUOX-0_mod_fe2(1)_mod_fad(1),0.0,-3.197807390771131e-06
GLUOX_FWD_CPLX_GLUOX-0_mod_fe2(1)_mod_fad(1),0.0,-8.763494439956001e-07
GLUOX_REV_CPLX_GLUOX-1,0.0,-2.321457946775531e-06
GLUOX_FWD_CPLX_GLUOX-1,0.04804701514881609,5.445144792185114e-35
GLUPRT_REV_6x7.59001.peg.2274-MONOMER_mod_mg2(1),0.0,-1.41856511390161e-06
GLUPRT_FWD_6x7.59001.peg.2274-MONOMER_mod_mg2(1),0.0,-8.714684658932628e-39
GLUR_REV_6x7.59001.peg.3279-MONOMER,0.0,-3.6778018402265174e-06
GLUR_FWD_6x7.59001.peg.3279-MONOMER,0.0,-2.6626613359308036e-39
GLUSy_REV_CPLX_GLUOX-0_mod_fe2(1)_mod_fad(1),0.0,-8.763494439956001e-07
GLUSy_FWD_CPLX_GLUOX-0_mod_fe2(1)_mod_fad(1),0.0,-3.197807390771131e-06
GLUTCOADH2_REV_CPLX_dummy,0.0,5.11538466053838e-06
GLUTCOADH2_FWD_CPLX_dummy,0.0,-7.526593767788022e-06
GLUTRR_REV_6x7.59001.peg.1349-MONOMER,0.0,-3.1899433966585135e-06
GLUTRR_FWD_6x7.59001.peg.1349-MONOMER,0.013976930449120432,-2.993341381260478e-35
GLUTRS_REV_6x7.59001.peg.1096-MONOMER_mod_mg2(1)_mod_zn2(1),0.0,-1.176329747696559e-06
GLUTRS_FWD_6x7.59001.peg.1096-MONOMER_mod_mg2(1)_mod_zn2(1),0.013976930449120432,8.30867164843013e-39
GLUabc_REV_CPLX_ASPabc-0,0.0,2.6536746436232982e-06
GLUabc_FWD_CPLX_ASPabc-0,0.0,-6.5403494199050866e-06
GLUt2r_REV_6x7.59001.peg.161-MONOMER,0.0,-3.9486355009254235e-06
GLUt2r_FWD_6x7.59001.peg.161-MONOMER,0.18,-2.5661858498795436e-40
GLYASN1c_REV_6x7.59001.peg.692-MONOMER_mod_fe2(2),0.0,-6.3006960903136625e-40
GLYASN1c_FWD_6x7.59001.peg.692-MONOMER_mod_fe2(2),0.0,-6.951184685270601e-07
GLYASN1c_REV_6x7.59001.peg.1189-MONOMER,0.0,-1.1488359885968827e-06
GLYASN1c_FWD_6x7.59001.peg.1189-MONOMER,0.0,-1.8439544571239428e-06
GLYASN1c_REV_6x7.59001.peg.747-MONOMER,0.0,-1.3461515856250044e-06
GLYASN1c_FWD_6x7.59001.peg.747-MONOMER,0.0,-2.0412700541520647e-06
GLYASN1c_REV_6x7.59001.peg.2929-MONOMER_mod_zn2(1),0.0,-1.6231847685621239e-06
GLYASN1c_FWD_6x7.59001.peg.2929-MONOMER_mod_zn2(1),0.0,-2.3183032370891838e-06
GLYASN1c_REV_6x7.59001.peg.1309-MONOMER,0.0,-1.288866968280468e-06
GLYASN1c_FWD_6x7.59001.peg.1309-MONOMER,0.0,-1.9839854368075283e-06
GLYASN1c_REV_6x7.59001.peg.2657-MONOMER,0.0,-1.083882360363858e-06
GLYASN1c_FWD_6x7.59001.peg.2657-MONOMER,0.0,-1.779000828890918e-06
GLYASNabc_REV_6x7.59001.peg.3226-MONOMER,0.0,3.383487153714615e-06
GLYASNabc_FWD_6x7.59001.peg.3226-MONOMER,0.0,-4.215336889542432e-06
GLYASNabc_REV_6x7.59001.peg.1456-MONOMER,0.0,2.593424359876506e-06
GLYASNabc_FWD_6x7.59001.peg.1456-MONOMER,0.0,-5.005399683380542e-06
GLYASNabc_REV_6x7.59001.peg.1455-MONOMER,0.0,2.5068715977397226e-06
GLYASNabc_FWD_6x7.59001.peg.1455-MONOMER,0.0,-5.091952445517324e-06
GLYASNabc_REV_6x7.59001.peg.1454-MONOMER,0.0,2.168844275646401e-06
GLYASNabc_FWD_6x7.59001.peg.1454-MONOMER,0.0,-5.429979767610646e-06
GLYASNabc_REV_6x7.59001.peg.959-MONOMER,0.0,1.5056069345529766e-06
GLYASNabc_FWD_6x7.59001.peg.959-MONOMER,0.0,-6.093217108704071e-06
GLYASNabc_REV_6x7.59001.peg.1452-MONOMER,0.0,3.240271582712355e-06
GLYASNabc_FWD_6x7.59001.peg.1452-MONOMER,0.0,-4.358552460544692e-06
GLYASNabc_REV_6x7.59001.peg.238-MONOMER,0.0,2.5375910745576146e-06
GLYASNabc_FWD_6x7.59001.peg.238-MONOMER,0.0,-5.0612329686994325e-06
GLYASP1c_REV_6x7.59001.peg.692-MONOMER_mod_fe2(2),0.0,7.84639874881711e-40
GLYASP1c_FWD_6x7.59001.peg.692-MONOMER_mod_fe2(2),0.0,-6.951184685270601e-07
GLYASP1c_REV_6x7.59001.peg.1189-MONOMER,0.0,-1.1488359885968827e-06
GLYASP1c_FWD_6x7.59001.peg.1189-MONOMER,0.0,-1.8439544571239428e-06
GLYASP1c_REV_6x7.59001.peg.747-MONOMER,0.0,-1.3461515856250044e-06
GLYASP1c_FWD_6x7.59001.peg.747-MONOMER,0.0,-2.0412700541520647e-06
GLYASP1c_REV_6x7.59001.peg.2929-MONOMER_mod_zn2(1),0.0,-1.6231847685621239e-06
GLYASP1c_FWD_6x7.59001.peg.2929-MONOMER_mod_zn2(1),0.0,-2.3183032370891838e-06
GLYASP1c_REV_6x7.59001.peg.1309-MONOMER,0.0,-1.288866968280468e-06
GLYASP1c_FWD_6x7.59001.peg.1309-MONOMER,0.0,-1.9839854368075283e-06
GLYASP1c_REV_6x7.59001.peg.2657-MONOMER,0.0,-1.083882360363858e-06
GLYASP1c_FWD_6x7.59001.peg.2657-MONOMER,0.0,-1.779000828890918e-06
GLYASPabc_REV_6x7.59001.peg.3226-MONOMER,0.0,2.6147739568767243e-06
GLYASPabc_FWD_6x7.59001.peg.3226-MONOMER,0.0,-3.446623692704541e-06
GLYASPabc_REV_6x7.59001.peg.1456-MONOMER,0.0,1.8247111630386148e-06
GLYASPabc_FWD_6x7.59001.peg.1456-MONOMER,0.0,-4.236686486542651e-06
GLYASPabc_REV_6x7.59001.peg.1455-MONOMER,0.0,1.7381584009018313e-06
GLYASPabc_FWD_6x7.59001.peg.1455-MONOMER,0.0,-4.3232392486794335e-06
GLYASPabc_REV_6x7.59001.peg.1454-MONOMER,0.0,1.40013107880851e-06
GLYASPabc_FWD_6x7.59001.peg.1454-MONOMER,0.0,-4.661266570772755e-06
GLYASPabc_REV_6x7.59001.peg.959-MONOMER,0.0,7.368937377150856e-07
GLYASPabc_FWD_6x7.59001.peg.959-MONOMER,0.0,-5.32450391186618e-06
GLYASPabc_REV_6x7.59001.peg.1452-MONOMER,0.0,2.4715583858744636e-06
GLYASPabc_FWD_6x7.59001.peg.1452-MONOMER,0.0,-3.5898392637068013e-06
GLYASPabc_REV_6x7.59001.peg.238-MONOMER,0.0,1.7688778777197237e-06
GLYASPabc_FWD_6x7.59001.peg.238-MONOMER,0.0,-4.292519771861542e-06
GLYAT_REV_6x7.59001.peg.57-MONOMER_mod_pydx5p(1),0.0,-1.0349617551989455e-38
GLYAT_FWD_6x7.59001.peg.57-MONOMER_mod_pydx5p(1),0.0,-2.3019125543569587e-06
GLYC3Pabc_REV_6x7.59001.peg.3150-MONOMER,0.0,4.186859790699083e-06
GLYC3Pabc_FWD_6x7.59001.peg.3150-MONOMER,0.0,-6.807087615347709e-06
GLYC3Pabc_REV_6x7.59001.peg.3151-MONOMER,0.0,3.6799384767869223e-06
GLYC3Pabc_FWD_6x7.59001.peg.3151-MONOMER,0.0,-7.31400892925987e-06
GLYC3Pabc_REV_6x7.59001.peg.868-MONOMER,0.0,5.062556466465683e-06
GLYC3Pabc_FWD_6x7.59001.peg.868-MONOMER,0.0,-5.931390939581109e-06
GLYC3Pabc_REV_6x7.59001.peg.3153-MONOMER,0.0,5.110380201741994e-06
GLYC3Pabc_FWD_6x7.59001.peg.3153-MONOMER,0.0,-5.883567204304798e-06
GLYC3Pabc_REV_6x7.59001.peg.3152-MONOMER,0.0,3.847508050564318e-06
GLYC3Pabc_FWD_6x7.59001.peg.3152-MONOMER,0.0,-7.146439355482474e-06
GLYC3Pt_REV_6x7.59001.peg.2947-MONOMER,0.0,-2.1487121584070156e-06
GLYC3Pt_FWD_6x7.59001.peg.2947-MONOMER,1.0,-9.557895396580619e-40
GLYCDx_REV_6x7.59001.peg.860-MONOMER,0.0,-4.1230683010612156e-06
GLYCDx_FWD_6x7.59001.peg.860-MONOMER,0.0,-2.1424959135619576e-38
GLYCLTDx_REV_6x7.59001.peg.1360-MONOMER,0.0,-1.9583232905461304e-06
GLYCLTDx_FWD_6x7.59001.peg.1360-MONOMER,0.0,-2.5896587611719078e-39
GLYCLTDy_REV_6x7.59001.peg.1360-MONOMER,0.0,-1.3710698617708414e-06
GLYCLTDy_FWD_6x7.59001.peg.1360-MONOMER,0.0,-5.872534287752888e-07
GLYCYSabc_REV_6x7.59001.peg.3226-MONOMER,0.0,-8.318497358278166e-07
GLYCYSabc_FWD_6x7.59001.peg.3226-MONOMER,0.0,-4.003332852083856e-39
GLYCYSabc_REV_6x7.59001.peg.1456-MONOMER,0.0,-1.6219125296659262e-06
GLYCYSabc_FWD_6x7.59001.peg.1456-MONOMER,0.0,-7.900627938381095e-07
GLYCYSabc_REV_6x7.59001.peg.1455-MONOMER,0.0,-1.7084652918027094e-06
GLYCYSabc_FWD_6x7.59001.peg.1455-MONOMER,0.0,-8.766155559748929e-07
GLYCYSabc_REV_6x7.59001.peg.1454-MONOMER,0.0,-2.0464926138960313e-06
GLYCYSabc_FWD_6x7.59001.peg.1454-MONOMER,0.0,-1.2146428780682144e-06
GLYCYSabc_REV_6x7.59001.peg.959-MONOMER,0.0,-2.7097299549894553e-06
GLYCYSabc_FWD_6x7.59001.peg.959-MONOMER,0.0,-1.8778802191616386e-06
GLYCYSabc_REV_6x7.59001.peg.1452-MONOMER,0.0,-9.750653068300772e-07
GLYCYSabc_FWD_6x7.59001.peg.1452-MONOMER,0.0,-1.4321557100226058e-07
GLYCYSabc_REV_6x7.59001.peg.238-MONOMER,0.0,-1.677745814984817e-06
GLYCYSabc_FWD_6x7.59001.peg.238-MONOMER,0.0,-8.458960791570005e-07
GLYCt_REV_6x7.59001.peg.3254-MONOMER,0.0,-3.9456358971550885e-07
GLYCt_FWD_6x7.59001.peg.3254-MONOMER,0.0,-3.510703447202902e-06
GLYCt_REV_6x7.59001.peg.1057-MONOMER,0.0,-1.739856890497783e-07
GLYCt_FWD_6x7.59001.peg.1057-MONOMER,0.0,-3.2901255465371715e-06
GLYD_REV_6x7.59001.peg.1360-MONOMER,0.0,-1.9583232905461304e-06
GLYD_FWD_6x7.59001.peg.1360-MONOMER,0.0,-2.9107764475572244e-38
GLYDy_REV_6x7.59001.peg.1360-MONOMER,0.0,-1.3710698617708414e-06
GLYDy_FWD_6x7.59001.peg.1360-MONOMER,0.0,-5.872534287752888e-07
GLYGLN1c_REV_6x7.59001.peg.692-MONOMER_mod_fe2(2),0.0,-1.894510693137776e-40
GLYGLN1c_FWD_6x7.59001.peg.692-MONOMER_mod_fe2(2),0.0,-6.951184685270601e-07
GLYGLN1c_REV_6x7.59001.peg.1189-MONOMER,0.0,-1.1488359885968827e-06
GLYGLN1c_FWD_6x7.59001.peg.1189-MONOMER,0.0,-1.8439544571239428e-06
GLYGLN1c_REV_6x7.59001.peg.747-MONOMER,0.0,-1.3461515856250044e-06
GLYGLN1c_FWD_6x7.59001.peg.747-MONOMER,0.0,-2.0412700541520647e-06
GLYGLN1c_REV_6x7.59001.peg.2929-MONOMER_mod_zn2(1),0.0,-1.6231847685621239e-06
GLYGLN1c_FWD_6x7.59001.peg.2929-MONOMER_mod_zn2(1),0.0,-2.3183032370891838e-06
GLYGLN1c_REV_6x7.59001.peg.1309-MONOMER,0.0,-1.288866968280468e-06
GLYGLN1c_FWD_6x7.59001.peg.1309-MONOMER,0.0,-1.9839854368075283e-06
GLYGLN1c_REV_6x7.59001.peg.2657-MONOMER,0.0,-1.083882360363858e-06
GLYGLN1c_FWD_6x7.59001.peg.2657-MONOMER,0.0,-1.779000828890918e-06
GLYGLNabc_REV_6x7.59001.peg.3226-MONOMER,0.0,3.840619180956216e-06
GLYGLNabc_FWD_6x7.59001.peg.3226-MONOMER,0.0,-4.672468916784033e-06
GLYGLNabc_REV_6x7.59001.peg.1456-MONOMER,0.0,3.050556387118107e-06
GLYGLNabc_FWD_6x7.59001.peg.1456-MONOMER,0.0,-5.462531710622142e-06
GLYGLNabc_REV_6x7.59001.peg.1455-MONOMER,0.0,2.9640036249813236e-06
GLYGLNabc_FWD_6x7.59001.peg.1455-MONOMER,0.0,-5.549084472758926e-06
GLYGLNabc_REV_6x7.59001.peg.1454-MONOMER,0.0,2.625976302888002e-06
GLYGLNabc_FWD_6x7.59001.peg.1454-MONOMER,0.0,-5.8871117948522474e-06
GLYGLNabc_REV_6x7.59001.peg.959-MONOMER,0.0,1.9627389617945775e-06
GLYGLNabc_FWD_6x7.59001.peg.959-MONOMER,0.0,-6.5503491359456714e-06
GLYGLNabc_REV_6x7.59001.peg.1452-MONOMER,0.0,3.697403609953956e-06
GLYGLNabc_FWD_6x7.59001.peg.1452-MONOMER,0.0,-4.8156844877862935e-06
GLYGLNabc_REV_6x7.59001.peg.238-MONOMER,0.0,2.994723101799216e-06
GLYGLNabc_FWD_6x7.59001.peg.238-MONOMER,0.0,-5.518364995941034e-06
GLYGLU1c_REV_6x7.59001.peg.692-MONOMER_mod_fe2(2),0.0,-5.368588617611707e-40
GLYGLU1c_FWD_6x7.59001.peg.692-MONOMER_mod_fe2(2),0.0,-6.951184685270601e-07
GLYGLU1c_REV_6x7.59001.peg.1189-MONOMER,0.0,-1.1488359885968827e-06
GLYGLU1c_FWD_6x7.59001.peg.1189-MONOMER,0.0,-1.8439544571239428e-06
GLYGLU1c_REV_6x7.59001.peg.747-MONOMER,0.0,-1.3461515856250044e-06
GLYGLU1c_FWD_6x7.59001.peg.747-MONOMER,0.0,-2.0412700541520647e-06
GLYGLU1c_REV_6x7.59001.peg.2929-MONOMER_mod_zn2(1),0.0,-1.6231847685621239e-06
GLYGLU1c_FWD_6x7.59001.peg.2929-MONOMER_mod_zn2(1),0.0,-2.3183032370891838e-06
GLYGLU1c_REV_6x7.59001.peg.1309-MONOMER,0.0,-1.288866968280468e-06
GLYGLU1c_FWD_6x7.59001.peg.1309-MONOMER,0.0,-1.9839854368075283e-06
GLYGLU1c_REV_6x7.59001.peg.2657-MONOMER,0.0,-1.083882360363858e-06
GLYGLU1c_FWD_6x7.59001.peg.2657-MONOMER,0.0,-1.779000828890918e-06
GLYGLUabc_REV_6x7.59001.peg.3226-MONOMER,0.0,1.988252512437688e-06
GLYGLUabc_FWD_6x7.59001.peg.3226-MONOMER,0.0,-2.8201022482655046e-06
GLYGLUabc_REV_6x7.59001.peg.1456-MONOMER,0.0,1.1981897185995784e-06
GLYGLUabc_FWD_6x7.59001.peg.1456-MONOMER,0.0,-3.6101650421036144e-06
GLYGLUabc_REV_6x7.59001.peg.1455-MONOMER,0.0,1.1116369564627952e-06
GLYGLUabc_FWD_6x7.59001.peg.1455-MONOMER,0.0,-3.6967178042403976e-06
GLYGLUabc_REV_6x7.59001.peg.1454-MONOMER,0.0,7.736096343694735e-07
GLYGLUabc_FWD_6x7.59001.peg.1454-MONOMER,0.0,-4.034745126333719e-06
GLYGLUabc_REV_6x7.59001.peg.959-MONOMER,0.0,1.1037229327604926e-07
GLYGLUabc_FWD_6x7.59001.peg.959-MONOMER,0.0,-4.697982467427143e-06
GLYGLUabc_REV_6x7.59001.peg.1452-MONOMER,0.0,1.8450369414354274e-06
GLYGLUabc_FWD_6x7.59001.peg.1452-MONOMER,0.0,-2.9633178192677653e-06
GLYGLUabc_REV_6x7.59001.peg.238-MONOMER,0.0,1.1423564332806876e-06
GLYGLUabc_FWD_6x7.59001.peg.238-MONOMER,0.0,-3.6659983274225052e-06
GLYK_REV_6x7.59001.peg.3255-MONOMER_mod_mg2(1),0.0,-1.3752304409146224e-06
GLYK_FWD_6x7.59001.peg.3255-MONOMER_mod_mg2(1),0.0,-3.721564485725048e-10
GLYK_REV_6x7.59001.peg.3255-MONOMER_mod_mn2(1),0.0,-1.3748582844660498e-06
GLYK_FWD_6x7.59001.peg.3255-MONOMER_mod_mn2(1),0.009011768655471966,-3.4170809467545215e-39
GLYLEUHYDROc_REV_6x7.59001.peg.692-MONOMER_mod_fe2(2),0.0,-1.0786939922025123e-35
GLYLEUHYDROc_FWD_6x7.59001.peg.692-MONOMER_mod_fe2(2),0.0,-6.951184685270601e-07
GLYLEUHYDROc_REV_6x7.59001.peg.1189-MONOMER,0.0,-1.1488359885968827e-06
GLYLEUHYDROc_FWD_6x7.59001.peg.1189-MONOMER,0.0,-1.8439544571239428e-06
GLYLEUHYDROc_REV_6x7.59001.peg.747-MONOMER,0.0,-1.3461515856250044e-06
GLYLEUHYDROc_FWD_6x7.59001.peg.747-MONOMER,0.0,-2.0412700541520647e-06
GLYLEUHYDROc_REV_6x7.59001.peg.2929-MONOMER_mod_zn2(1),0.0,-1.6231847685621239e-06
GLYLEUHYDROc_FWD_6x7.59001.peg.2929-MONOMER_mod_zn2(1),0.0,-2.3183032370891838e-06
GLYLEUHYDROc_REV_6x7.59001.peg.1309-MONOMER,0.0,-1.288866968280468e-06
GLYLEUHYDROc_FWD_6x7.59001.peg.1309-MONOMER,0.0,-1.9839854368075283e-06
GLYLEUHYDROc_REV_6x7.59001.peg.2657-MONOMER,0.0,-1.083882360363858e-06
GLYLEUHYDROc_FWD_6x7.59001.peg.2657-MONOMER,0.0,-1.779000828890918e-06
GLYLEUPEPT1tc_REV_6x7.59001.peg.3226-MONOMER,0.0,-8.318497358278166e-07
GLYLEUPEPT1tc_FWD_6x7.59001.peg.3226-MONOMER,0.0,1.1514118067443063e-36
GLYLEUPEPT1tc_REV_6x7.59001.peg.1456-MONOMER,0.0,-1.6219125296659262e-06
GLYLEUPEPT1tc_FWD_6x7.59001.peg.1456-MONOMER,0.0,-7.900627938381095e-07
GLYLEUPEPT1tc_REV_6x7.59001.peg.1455-MONOMER,0.0,-1.7084652918027094e-06
GLYLEUPEPT1tc_FWD_6x7.59001.peg.1455-MONOMER,0.0,-8.766155559748929e-07
GLYLEUPEPT1tc_REV_6x7.59001.peg.1454-MONOMER,0.0,-2.0464926138960313e-06
GLYLEUPEPT1tc_FWD_6x7.59001.peg.1454-MONOMER,0.0,-1.2146428780682144e-06
GLYLEUPEPT1tc_REV_6x7.59001.peg.959-MONOMER,0.0,-2.7097299549894553e-06
GLYLEUPEPT1tc_FWD_6x7.59001.peg.959-MONOMER,0.0,-1.8778802191616386e-06
GLYLEUPEPT1tc_REV_6x7.59001.peg.1452-MONOMER,0.0,-9.750653068300772e-07
GLYLEUPEPT1tc_FWD_6x7.59001.peg.1452-MONOMER,0.0,-1.4321557100226058e-07
GLYLEUPEPT1tc_REV_6x7.59001.peg.238-MONOMER,0.0,-1.677745814984817e-06
GLYLEUPEPT1tc_FWD_6x7.59001.peg.238-MONOMER,0.0,-8.458960791570005e-07
GLYMET1c_REV_6x7.59001.peg.692-MONOMER_mod_fe2(2),0.0,-6.595834498672981e-07
GLYMET1c_FWD_6x7.59001.peg.692-MONOMER_mod_fe2(2),0.0,-3.5535018659761996e-08
GLYMET1c_REV_6x7.59001.peg.1189-MONOMER,0.0,-1.8084194384641807e-06
GLYMET1c_FWD_6x7.59001.peg.1189-MONOMER,0.0,-1.1843710072566446e-06
GLYMET1c_REV_6x7.59001.peg.747-MONOMER,0.0,-2.0057350354923026e-06
GLYMET1c_FWD_6x7.59001.peg.747-MONOMER,0.0,-1.3816866042847663e-06
GLYMET1c_REV_6x7.59001.peg.2929-MONOMER_mod_zn2(1),0.0,-2.282768218429422e-06
GLYMET1c_FWD_6x7.59001.peg.2929-MONOMER_mod_zn2(1),0.0,-1.6587197872218858e-06
GLYMET1c_REV_6x7.59001.peg.1309-MONOMER,0.0,-1.948450418147766e-06
GLYMET1c_FWD_6x7.59001.peg.1309-MONOMER,0.0,-1.3244019869402298e-06
GLYMET1c_REV_6x7.59001.peg.2657-MONOMER,0.0,-1.7434658102311561e-06
GLYMET1c_FWD_6x7.59001.peg.2657-MONOMER,0.0,-1.1194173790236198e-06
GLYMETabc_REV_6x7.59001.peg.3226-MONOMER,0.0,-8.318497358278166e-07
GLYMETabc_FWD_6x7.59001.peg.3226-MONOMER,0.0,-8.006665704167712e-40
GLYMETabc_REV_6x7.59001.peg.1456-MONOMER,0.0,-1.6219125296659262e-06
GLYMETabc_FWD_6x7.59001.peg.1456-MONOMER,0.0,-7.900627938381095e-07
GLYMETabc_REV_6x7.59001.peg.1455-MONOMER,0.0,-1.7084652918027094e-06
GLYMETabc_FWD_6x7.59001.peg.1455-MONOMER,0.0,-8.766155559748929e-07
GLYMETabc_REV_6x7.59001.peg.1454-MONOMER,0.0,-2.0464926138960313e-06
GLYMETabc_FWD_6x7.59001.peg.1454-MONOMER,0.0,-1.2146428780682144e-06
GLYMETabc_REV_6x7.59001.peg.959-MONOMER,0.0,-2.7097299549894553e-06
GLYMETabc_FWD_6x7.59001.peg.959-MONOMER,0.0,-1.8778802191616386e-06
GLYMETabc_REV_6x7.59001.peg.1452-MONOMER,0.0,-9.750653068300772e-07
GLYMETabc_FWD_6x7.59001.peg.1452-MONOMER,0.0,-1.4321557100226058e-07
GLYMETabc_REV_6x7.59001.peg.238-MONOMER,0.0,-1.677745814984817e-06
GLYMETabc_FWD_6x7.59001.peg.238-MONOMER,0.0,-8.458960791570005e-07
GLYOX_REV_6x7.59001.peg.2675-MONOMER_mod_zn2(1),0.0,-2.12663662832472e-06
GLYOX_FWD_6x7.59001.peg.2675-MONOMER_mod_zn2(1),0.0,-1.3381919143219983e-39
GLYPHEHYc_REV_6x7.59001.peg.692-MONOMER_mod_fe2(2),0.0,-5.553057235426215e-40
GLYPHEHYc_FWD_6x7.59001.peg.692-MONOMER_mod_fe2(2),0.0,-6.951184685270601e-07
GLYPHEHYc_REV_6x7.59001.peg.1189-MONOMER,0.0,-1.1488359885968827e-06
GLYPHEHYc_FWD_6x7.59001.peg.1189-MONOMER,0.0,-1.8439544571239428e-06
GLYPHEHYc_REV_6x7.59001.peg.747-MONOMER,0.0,-1.3461515856250044e-06
GLYPHEHYc_FWD_6x7.59001.peg.747-MONOMER,0.0,-2.0412700541520647e-06
GLYPHEHYc_REV_6x7.59001.peg.2929-MONOMER_mod_zn2(1),0.0,-1.6231847685621239e-06
GLYPHEHYc_FWD_6x7.59001.peg.2929-MONOMER_mod_zn2(1),0.0,-2.3183032370891838e-06
GLYPHEHYc_REV_6x7.59001.peg.1309-MONOMER,0.0,-1.288866968280468e-06
GLYPHEHYc_FWD_6x7.59001.peg.1309-MONOMER,0.0,-1.9839854368075283e-06
GLYPHEHYc_REV_6x7.59001.peg.2657-MONOMER,0.0,-1.083882360363858e-06
GLYPHEHYc_FWD_6x7.59001.peg.2657-MONOMER,0.0,-1.779000828890918e-06
GLYPHEabc_REV_6x7.59001.peg.3226-MONOMER,0.0,2.4494319788235565e-06
GLYPHEabc_FWD_6x7.59001.peg.3226-MONOMER,0.0,-3.281281714651373e-06
GLYPHEabc_REV_6x7.59001.peg.1456-MONOMER,0.0,1.659369184985447e-06
GLYPHEabc_FWD_6x7.59001.peg.1456-MONOMER,0.0,-4.071344508489483e-06
GLYPHEabc_REV_6x7.59001.peg.1455-MONOMER,0.0,1.5728164228486638e-06
GLYPHEabc_FWD_6x7.59001.peg.1455-MONOMER,0.0,-4.157897270626266e-06
GLYPHEabc_REV_6x7.59001.peg.1454-MONOMER,0.0,1.2347891007553421e-06
GLYPHEabc_FWD_6x7.59001.peg.1454-MONOMER,0.0,-4.495924592719587e-06
GLYPHEabc_REV_6x7.59001.peg.959-MONOMER,0.0,5.715517596619178e-07
GLYPHEabc_FWD_6x7.59001.peg.959-MONOMER,0.0,-5.159161933813012e-06
GLYPHEabc_REV_6x7.59001.peg.1452-MONOMER,0.0,2.306216407821296e-06
GLYPHEabc_FWD_6x7.59001.peg.1452-MONOMER,0.0,-3.424497285653634e-06
GLYPHEabc_REV_6x7.59001.peg.238-MONOMER,0.0,1.6035358996665561e-06
GLYPHEabc_FWD_6x7.59001.peg.238-MONOMER,0.0,-4.127177793808374e-06
GLYPROPRO1c_REV_6x7.59001.peg.692-MONOMER_mod_fe2(2),0.0,-3.4638367836465933e-40
GLYPROPRO1c_FWD_6x7.59001.peg.692-MONOMER_mod_fe2(2),0.0,-6.951184685270601e-07
GLYPROPRO1c_REV_6x7.59001.peg.1189-MONOMER,0.0,-1.1488359885968827e-06
GLYPROPRO1c_FWD_6x7.59001.peg.1189-MONOMER,0.0,-1.8439544571239428e-06
GLYPROPRO1c_REV_6x7.59001.peg.747-MONOMER,0.0,-1.3461515856250044e-06
GLYPROPRO1c_FWD_6x7.59001.peg.747-MONOMER,0.0,-2.0412700541520647e-06
GLYPROPRO1c_REV_6x7.59001.peg.2929-MONOMER_mod_zn2(1),0.0,-1.6231847685621239e-06
GLYPROPRO1c_FWD_6x7.59001.peg.2929-MONOMER_mod_zn2(1),0.0,-2.3183032370891838e-06
GLYPROPRO1c_REV_6x7.59001.peg.1309-MONOMER,0.0,-1.288866968280468e-06
GLYPROPRO1c_FWD_6x7.59001.peg.1309-MONOMER,0.0,-1.9839854368075283e-06
GLYPROPRO1c_REV_6x7.59001.peg.2657-MONOMER,0.0,-1.083882360363858e-06
GLYPROPRO1c_FWD_6x7.59001.peg.2657-MONOMER,0.0,-1.779000828890918e-06
GLYPROabc_REV_6x7.59001.peg.3226-MONOMER,0.0,2.0580527022876134e-06
GLYPROabc_FWD_6x7.59001.peg.3226-MONOMER,0.0,-2.88990243811543e-06
GLYPROabc_REV_6x7.59001.peg.1456-MONOMER,0.0,1.2679899084495039e-06
GLYPROabc_FWD_6x7.59001.peg.1456-MONOMER,0.0,-3.67996523195354e-06
GLYPROabc_REV_6x7.59001.peg.1455-MONOMER,0.0,1.1814371463127206e-06
GLYPROabc_FWD_6x7.59001.peg.1455-MONOMER,0.0,-3.766517994090323e-06
GLYPROabc_REV_6x7.59001.peg.1454-MONOMER,0.0,8.434098242193991e-07
GLYPROabc_FWD_6x7.59001.peg.1454-MONOMER,0.0,-4.104545316183644e-06
GLYPROabc_REV_6x7.59001.peg.959-MONOMER,0.0,1.801724831259748e-07
GLYPROabc_FWD_6x7.59001.peg.959-MONOMER,0.0,-4.767782657277069e-06
GLYPROabc_REV_6x7.59001.peg.1452-MONOMER,0.0,1.914837131285353e-06
GLYPROabc_FWD_6x7.59001.peg.1452-MONOMER,0.0,-3.033118009117691e-06
GLYPROabc_REV_6x7.59001.peg.238-MONOMER,0.0,1.212156623130613e-06
GLYPROabc_FWD_6x7.59001.peg.238-MONOMER,0.0,-3.7357985172724307e-06
GLYTYR1c_REV_6x7.59001.peg.692-MONOMER_mod_fe2(2),0.0,-4.573292069199737e-40
GLYTYR1c_FWD_6x7.59001.peg.692-MONOMER_mod_fe2(2),0.0,-6.951184685270601e-07
GLYTYR1c_REV_6x7.59001.peg.1189-MONOMER,0.0,-1.1488359885968827e-06
GLYTYR1c_FWD_6x7.59001.peg.1189-MONOMER,0.0,-1.8439544571239428e-06
GLYTYR1c_REV_6x7.59001.peg.747-MONOMER,0.0,-1.3461515856250044e-06
GLYTYR1c_FWD_6x7.59001.peg.747-MONOMER,0.0,-2.0412700541520647e-06
GLYTYR1c_REV_6x7.59001.peg.2929-MONOMER_mod_zn2(1),0.0,-1.6231847685621239e-06
GLYTYR1c_FWD_6x7.59001.peg.2929-MONOMER_mod_zn2(1),0.0,-2.3183032370891838e-06
GLYTYR1c_REV_6x7.59001.peg.1309-MONOMER,0.0,-1.288866968280468e-06
GLYTYR1c_FWD_6x7.59001.peg.1309-MONOMER,0.0,-1.9839854368075283e-06
GLYTYR1c_REV_6x7.59001.peg.2657-MONOMER,0.0,-1.083882360363858e-06
GLYTYR1c_FWD_6x7.59001.peg.2657-MONOMER,0.0,-1.779000828890918e-06
GLYTYRabc_REV_6x7.59001.peg.3226-MONOMER,0.0,2.598120817571277e-06
GLYTYRabc_FWD_6x7.59001.peg.3226-MONOMER,0.0,-3.4299705533990935e-06
GLYTYRabc_REV_6x7.59001.peg.1456-MONOMER,0.0,1.8080580237331676e-06
GLYTYRabc_FWD_6x7.59001.peg.1456-MONOMER,0.0,-4.220033347237203e-06
GLYTYRabc_REV_6x7.59001.peg.1455-MONOMER,0.0,1.7215052615963841e-06
GLYTYRabc_FWD_6x7.59001.peg.1455-MONOMER,0.0,-4.306586109373987e-06
GLYTYRabc_REV_6x7.59001.peg.1454-MONOMER,0.0,1.3834779395030627e-06
GLYTYRabc_FWD_6x7.59001.peg.1454-MONOMER,0.0,-4.644613431467309e-06
GLYTYRabc_REV_6x7.59001.peg.959-MONOMER,0.0,7.202405984096384e-07
GLYTYRabc_FWD_6x7.59001.peg.959-MONOMER,0.0,-5.307850772560733e-06
GLYTYRabc_REV_6x7.59001.peg.1452-MONOMER,0.0,2.4549052465690166e-06
GLYTYRabc_FWD_6x7.59001.peg.1452-MONOMER,0.0,-3.5731861244013543e-06
GLYTYRabc_REV_6x7.59001.peg.238-MONOMER,0.0,1.7522247384142765e-06
GLYTYRabc_FWD_6x7.59001.peg.238-MONOMER,0.0,-4.275866632556094e-06
GLYt2r_REV_6x7.59001.peg.2164-MONOMER,0.0,-1.5142833281224902e-06
GLYt2r_FWD_6x7.59001.peg.2164-MONOMER,0.05299708589526329,2.1310031403056783e-40
GLYt2r_REV_6x7.59001.peg.2165-MONOMER,0.0,-2.3764903574731205e-06
GLYt2r_FWD_6x7.59001.peg.2165-MONOMER,0.0,-8.622070293506301e-07
GLYt4r_REV_6x7.59001.peg.2786-MONOMER,0.0008745496200901665,-8.537317614064872e-38
GLYt4r_FWD_6x7.59001.peg.2786-MONOMER,0.0,-2.125890219759176e-06
GMHEPAT_REV_6x7.59001.peg.433-MONOMER,0.0,-2.6534213656590664e-06
GMHEPAT_FWD_6x7.59001.peg.433-MONOMER,0.02822355945930495,2.208283438140125e-39
GMHEPK_REV_6x7.59001.peg.433-MONOMER,0.0,-2.6534213656590664e-06
GMHEPK_FWD_6x7.59001.peg.433-MONOMER,0.02822355945930495,-3.5569322531470264e-39
GMHEPPA_REV_6x7.59001.peg.516-MONOMER_mod_mg2(1),0.0,-1.0018280104895478e-06
GMHEPPA_FWD_6x7.59001.peg.516-MONOMER_mod_mg2(1),0.02822355945930495,1.612463546703447e-39
GMPR_REV_6x7.59001.peg.609-MONOMER,0.0,-5.546229893227646e-07
GMPR_FWD_6x7.59001.peg.609-MONOMER,0.0,-7.707591109207747e-07
GMPS2_REV_6x7.59001.peg.2635-MONOMER_mod_mg2(1),0.0,1.96177465674146e-05
GMPS2_FWD_6x7.59001.peg.2635-MONOMER_mod_mg2(1),0.0,-2.139929389386631e-05
GND_REV_6x7.59001.peg.1162-MONOMER,0.0,1.1063514634112069e-06
GND_FWD_6x7.59001.peg.1162-MONOMER,0.0,-2.99532286001814e-06
GNK_REV_6x7.59001.peg.107-MONOMER_mod_mg2(1),0.0,-2.2888050891335213e-06
GNK_FWD_6x7.59001.peg.107-MONOMER_mod_mg2(1),0.0,-7.709026816468801e-39
GNNUC_REV_6x7.59001.peg.2478-MONOMER,0.0,2.5362993282655955e-06
GNNUC_FWD_6x7.59001.peg.2478-MONOMER,0.0,-5.087618537883331e-06
GPDDA1_REV_6x7.59001.peg.2948-MONOMER_mod_ca2(1),0.0,-7.727100557212639e-07
GPDDA1_FWD_6x7.59001.peg.2948-MONOMER_mod_ca2(1),0.0,-8.07149506881052e-40
GPDDA1_REV_6x7.59001.peg.3149-MONOMER_mod_mg2(1),0.0,-1.5345733792311398e-06
GPDDA1_FWD_6x7.59001.peg.3149-MONOMER_mod_mg2(1),0.0,-7.61863323509876e-07
GPDDA2_REV_6x7.59001.peg.2948-MONOMER_mod_ca2(1),0.0,-7.727100557212639e-07
GPDDA2_FWD_6x7.59001.peg.2948-MONOMER_mod_ca2(1),0.0,-8.07149506881052e-40
GPDDA2_REV_6x7.59001.peg.3149-MONOMER_mod_mg2(1),0.0,-1.5345733792311398e-06
GPDDA2_FWD_6x7.59001.peg.3149-MONOMER_mod_mg2(1),0.0,-7.61863323509876e-07
GPDDA4_REV_6x7.59001.peg.2948-MONOMER_mod_ca2(1),0.0,-7.727100557212639e-07
GPDDA4_FWD_6x7.59001.peg.2948-MONOMER_mod_ca2(1),0.0,-8.07149506881052e-40
GPDDA4_REV_6x7.59001.peg.3149-MONOMER_mod_mg2(1),0.0,-1.5345733792311398e-06
GPDDA4_FWD_6x7.59001.peg.3149-MONOMER_mod_mg2(1),0.0,-7.61863323509876e-07
GRTT_REV_6x7.59001.peg.940-MONOMER_mod_mn2(1),0.0,-3.5180937964148507e-06
GRTT_FWD_6x7.59001.peg.940-MONOMER_mod_mn2(1),0.008803006170966292,1.275053587054044e-38
GRTT_REV_6x7.59001.peg.940-MONOMER_mod_mg2(1),0.0,-3.5206246564047893e-06
GRTT_FWD_6x7.59001.peg.940-MONOMER_mod_mg2(1),0.0,-2.5308599899384402e-09
GSNK_REV_6x7.59001.peg.984-MONOMER_mod_k(1)_mod_mg2(1),0.0,-2.0443210719719893e-06
GSNK_FWD_6x7.59001.peg.984-MONOMER_mod_k(1)_mod_mg2(1),0.038151689500639574,2.75529994027325e-39
GSNt2r_REV_6x7.59001.peg.2833-MONOMER,0.0,-2.7263990374883295e-40
GSNt2r_FWD_6x7.59001.peg.2833-MONOMER,0.0,-3.507172990015922e-06
GSPMDA_REV_6x7.59001.peg.2529-MONOMER,0.0,-1.1046821529624452e-06
GSPMDA_FWD_6x7.59001.peg.2529-MONOMER,0.0,4.055986135819695e-39
GSPMDA_REV_6x7.59001.peg.2530-MONOMER_mod_mg2(1),0.0,-1.8036607366121413e-06
GSPMDA_FWD_6x7.59001.peg.2530-MONOMER_mod_mg2(1),0.0,-6.989785836496962e-07
GSPMDS_REV_6x7.59001.peg.2529-MONOMER,0.0,8.238546644500509e-06
GSPMDS_FWD_6x7.59001.peg.2529-MONOMER,0.0,-9.343228797462953e-06
GSPMDS_REV_6x7.59001.peg.2530-MONOMER_mod_mg2(1),0.0,7.539568060850813e-06
GSPMDS_FWD_6x7.59001.peg.2530-MONOMER_mod_mg2(1),0.0,-1.004220738111265e-05
GTHRD_REV_6x7.59001.peg.3200-MONOMER_mod_fad(1),0.0,-8.798637981312773e-07
GTHRD_FWD_6x7.59001.peg.3200-MONOMER_mod_fad(1),0.0,-7.815900535880004e-39
GTHS_REV_6x7.59001.peg.246-MONOMER_mod_mg2(1),0.0,-2.643513629580485e-06
GTHS_FWD_6x7.59001.peg.246-MONOMER_mod_mg2(1),0.000873558153070027,4.2847660179462016e-39
GTPCI_REV_6x7.59001.peg.1110-MONOMER_mod_zn2(1),0.0,-3.0346728295176667e-06
GTPCI_FWD_6x7.59001.peg.1110-MONOMER_mod_zn2(1),0.002620674459210081,4.729176673548104e-39
GTPCII_REV_6x7.59001.peg.1961-MONOMER_mod_mg2(1),0.0,-3.35230443402826e-06
GTPCII_FWD_6x7.59001.peg.1961-MONOMER_mod_mg2(1),0.0017478147610973376,3.2948633864040834e-39
GTPDPDP_REV_6x7.59001.peg.70-MONOMER_mod_nh4(1)_mod_mg2(1),0.0,-5.177742796879117e-06
GTPDPDP_FWD_6x7.59001.peg.70-MONOMER_mod_nh4(1)_mod_mg2(1),0.0,-4.771242148888892e-36
GTPDPK_REV_6x7.59001.peg.2554-MONOMER,0.0,2.7955412065384106e-05
GTPDPK_FWD_6x7.59001.peg.2554-MONOMER,0.0,-3.0061627520965196e-05
GTPDPK_REV_6x7.59001.peg.29-MONOMER_mod_mn2(1),0.0,2.811456998746969e-05
GTPDPK_FWD_6x7.59001.peg.29-MONOMER_mod_mn2(1),0.0,-2.9902469598879608e-05
GUAD_REV_6x7.59001.peg.2996-MONOMER_mod_zn2(1),0.0,5.2015814312717065e-06
GUAD_FWD_6x7.59001.peg.2996-MONOMER_mod_zn2(1),0.0,-7.555205351799244e-06
GUAD_REV_6x7.59001.peg.2037-MONOMER,0.0,4.939551540849688e-06
GUAD_FWD_6x7.59001.peg.2037-MONOMER,0.0,-7.817235242221263e-06
GUAD_REV_6x7.59001.peg.815-MONOMER,0.0,5.4834250572716685e-06
GUAD_FWD_6x7.59001.peg.815-MONOMER,0.0,-7.273361725799282e-06
GUAPRT_REV_6x7.59001.peg.626-MONOMER,0.0,5.727494131111617e-06
GUAPRT_FWD_6x7.59001.peg.626-MONOMER,0.0,-7.75546726242872e-06
GUAPRT_REV_6x7.59001.peg.748-MONOMER,0.0,5.923465106991797e-06
GUAPRT_FWD_6x7.59001.peg.748-MONOMER,0.0,-7.55949628654854e-06
GUI1_REV_6x7.59001.peg.400-MONOMER_mod_zn2(1),0.0,9.047566217187422e-40
GUI1_FWD_6x7.59001.peg.400-MONOMER_mod_zn2(1),0.0,-1.6535657309333917e-06
GUI2_REV_6x7.59001.peg.400-MONOMER_mod_zn2(1),0.0,-6.467908667317295e-40
GUI2_FWD_6x7.59001.peg.400-MONOMER_mod_zn2(1),0.0,-1.6535657309333917e-06
H2CO3D_REV_6x7.59001.peg.627-MONOMER_mod_zn2(1),0.0,-3.4137666565261536e-06
H2CO3D_FWD_6x7.59001.peg.627-MONOMER_mod_zn2(1),0.3166006067628105,2.77518526804575e-40
H2Ot_REV_CPLX_dummy,0.0,-2.4112091072496414e-06
H2Ot_FWD_CPLX_dummy,3.210638755257518,-1.9964730518676326e-40
H2St_REV_CPLX_dummy,0.0,-2.4112091072496414e-06
H2St_FWD_CPLX_dummy,0.0435932682557641,-1.4591536224749401e-40
HACD1_REV_CPLX_dummy,0.0,-4.2249475209836226e-39
HACD1_FWD_CPLX_dummy,0.0,-2.4112091072496414e-06
HBZOPT_REV_6x7.59001.peg.187-MONOMER_mod_mg2(1),0.0,-4.661982151014183e-06
HBZOPT_FWD_6x7.59001.peg.187-MONOMER_mod_mg2(1),0.0,-4.1387504885058245e-38
HDCAt2_REV_6x7.59001.peg.2315-MONOMER,0.0,2.2115189275040596e-06
HDCAt2_FWD_6x7.59001.peg.2315-MONOMER,0.0,-3.534123904292792e-06
HDCAtr_REV_CPLX_dummy,3.9005296675032617e-23,1.814717816775926e-37
HDCAtr_FWD_CPLX_dummy,0.0,-2.4112091072496414e-06
HDG3PACT_REV_CPLX_G3PAT120-0,0.0,-3.3009179401963264e-06
HDG3PACT_FWD_CPLX_G3PAT120-0,3.9005296675032617e-23,-9.356419597028096e-39
HDG3PACT_REV_6x7.59001.peg.189-MONOMER,0.0,-3.6664540941102054e-06
HDG3PACT_FWD_6x7.59001.peg.189-MONOMER,0.0,-3.655361539138789e-07
HEPK1_REV_CPLX_dummy,0.0,-2.4112091072496414e-06
HEPK1_FWD_CPLX_dummy,0.007055889864826238,-3.7530408580648396e-38
HEPK2_REV_CPLX_dummy,0.0,-2.4112091072496414e-06
HEPK2_FWD_CPLX_dummy,0.007055889864826238,1.0238878457439027e-37
HEPT1_REV_6x7.59001.peg.54-MONOMER,0.0,-2.1700803378156545e-06
HEPT1_FWD_6x7.59001.peg.54-MONOMER,0.007055889864826238,-5.603710798739515e-38
HEPT2_REV_6x7.59001.peg.55-MONOMER,0.0,-2.4932145224894826e-06
HEPT2_FWD_6x7.59001.peg.55-MONOMER,0.007055889864826238,1.594213374250458e-38
HEPT3_REV_6x7.59001.peg.48-MONOMER,0.0,-2.3169092715261392e-06
HEPT3_FWD_6x7.59001.peg.48-MONOMER,0.007055889864826238,-1.4942010092579013e-38
HEPT4_REV_CPLX_dummy,0.0,-2.4112091072496414e-06
HEPT4_FWD_CPLX_dummy,0.007055889864826238,-8.331488246260234e-38
HETT_REV_CPLX_dummy,0.0,-2.4112091072496414e-06
HETT_FWD_CPLX_dummy,0.001747116306140054,1.7466570655362405e-38
HETZK_REV_6x7.59001.peg.1015-MONOMER,0.0,-3.1241548966264405e-06
HETZK_FWD_6x7.59001.peg.1015-MONOMER,0.0,6.410106596652998e-39
HEX1_REV_6x7.59001.peg.1101-MONOMER,0.0,5.035201606192953e-06
HEX1_FWD_6x7.59001.peg.1101-MONOMER,0.0,-7.636786358255517e-06
HEX4_REV_CPLX_dummy,0.0,-2.4112091072496414e-06
HEX4_FWD_CPLX_dummy,0.0,-3.6437289884124655e-40
HEXTT_REV_CPLX_dummy,0.0,-2.4112091072496414e-06
HEXTT_FWD_CPLX_dummy,0.001747116306140054,7.595927238494814e-38
HEXb_REV_6x7.59001.peg.1101-MONOMER,0.0,5.32528597074034e-06
HEXb_FWD_6x7.59001.peg.1101-MONOMER,0.0,-7.926870722802904e-06
HG2abc_REV_6x7.59001.peg.996-MONOMER,0.0,-3.4182433601912362e-06
HG2abc_FWD_6x7.59001.peg.996-MONOMER,0.0,3.784490210097038e-39
HG2abc_REV_6x7.59001.peg.109-MONOMER,0.0,-3.6131665231733815e-06
HG2abc_FWD_6x7.59001.peg.109-MONOMER,0.0,-1.9492316298214498e-07
HISTD_REV_6x7.59001.peg.2143-MONOMER_mod_mn2(1),0.0,-9.721282922572622e-07
HISTD_FWD_6x7.59001.peg.2143-MONOMER_mod_mn2(1),0.0,-9.721282922572622e-07
HISTDOX_REV_6x7.59001.peg.2143-MONOMER_mod_mn2(1),0.0,9.374215166784938e-39
HISTDOX_FWD_6x7.59001.peg.2143-MONOMER_mod_mn2(1),0.0,-1.9442565845145245e-06
HISTLOX_REV_6x7.59001.peg.2143-MONOMER_mod_mn2(1),0.0,-1.9442565845145245e-06
HISTLOX_FWD_6x7.59001.peg.2143-MONOMER_mod_mn2(1),0.0,1.7144776920687573e-39
HISTP_REV_6x7.59001.peg.2145-MONOMER_mod_mg2(1),0.0,-3.516542306708565e-06
HISTP_FWD_6x7.59001.peg.2145-MONOMER_mod_mg2(1),0.0,-1.1371909196090679e-09
HISTP_REV_6x7.59001.peg.2145-MONOMER_mod_mn2(1),0.0,-3.515405115788956e-06
HISTP_FWD_6x7.59001.peg.2145-MONOMER_mod_mn2(1),0.0,-8.032194867240734e-40
HISt2r_REV_CPLX_dummy,0.0,-2.4112091072496414e-06
HISt2r_FWD_CPLX_dummy,0.033225438059736975,2.465992715772658e-40
HKt_REV_6x7.59001.peg.2442-MONOMER,0.0,9.230999138742045e-07
HKt_FWD_6x7.59001.peg.2442-MONOMER,0.0,-7.04362773734771e-06
HKt_REV_6x7.59001.peg.2444-MONOMER,0.0,2.2823022619117113e-06
HKt_FWD_6x7.59001.peg.2444-MONOMER,0.0,-5.684425389310204e-06
HKt_REV_6x7.59001.peg.2443-MONOMER,0.0,2.234025541619784e-06
HKt_FWD_6x7.59001.peg.2443-MONOMER,0.0,-5.732702109602131e-06
HMBS_REV_6x7.59001.peg.90-MONOMER_mod_dpm(1),0.0,-3.4426941758012002e-06
HMBS_FWD_6x7.59001.peg.90-MONOMER_mod_dpm(1),0.001747116306140054,1.066602905545128e-37
HMGL_REV_6x7.59001.peg.1195-MONOMER,0.0,-1.1449507999345083e-06
HMGL_FWD_6x7.59001.peg.1195-MONOMER,0.0,-2.065255095891593e-08
HMGL_REV_6x7.59001.peg.1910-MONOMER,0.0,-1.1242982489755924e-06
HMGL_FWD_6x7.59001.peg.1910-MONOMER,0.0,1.9119440840230852e-38
HMPK1_REV_6x7.59001.peg.1016-MONOMER,0.0,-3.3579579095677026e-06
HMPK1_FWD_6x7.59001.peg.1016-MONOMER,0.0,-5.816781582382781e-40
HPPK_REV_6x7.59001.peg.644-MONOMER_mod_mg2(1),0.0,1.5862894821925675e-05
HPPK_FWD_6x7.59001.peg.644-MONOMER_mod_mg2(1),0.0,-1.8711409067133575e-05
HPPK2_REV_6x7.59001.peg.646-MONOMER,0.0,-3.225048046503335e-06
HPPK2_FWD_6x7.59001.peg.646-MONOMER,0.0,3.862242279821865e-39
HPYRI_REV_6x7.59001.peg.1808-MONOMER,0.0,-1.46050602596725e-40
HPYRI_FWD_6x7.59001.peg.1808-MONOMER,0.0,-1.9542856395755053e-06
HSDx_REV_6x7.59001.peg.3242-MONOMER,0.0,-3.6407134102820784e-06
HSDx_FWD_6x7.59001.peg.3242-MONOMER,0.0,-6.28453946500389e-07
HSDx_REV_6x7.59001.peg.527-MONOMER,0.0,-3.599512892556978e-06
HSDx_FWD_6x7.59001.peg.527-MONOMER,0.0,-5.872534287752888e-07
HSDy_REV_6x7.59001.peg.3242-MONOMER,0.0,-4.227966839057367e-06
HSDy_FWD_6x7.59001.peg.3242-MONOMER,0.0,-4.1200517725100167e-08
HSDy_REV_6x7.59001.peg.527-MONOMER,0.0,-4.186766321332267e-06
HSDy_FWD_6x7.59001.peg.527-MONOMER,0.0,3.790505392637539e-38
HSERTA_REV_6x7.59001.peg.1058-MONOMER,0.0,-2.2817561293930973e-06
HSERTA_FWD_6x7.59001.peg.1058-MONOMER,0.0,5.86921848585405e-39
HSK_REV_6x7.59001.peg.1347-MONOMER_mod_mg2(1),0.0,-3.160818918508559e-06
HSK_FWD_6x7.59001.peg.1347-MONOMER_mod_mg2(1),0.0,-3.446757786821599e-07
HSK_REV_6x7.59001.peg.528-MONOMER_mod_k(1)_mod_mg2(1),0.0,-2.816143139826399e-06
HSK_FWD_6x7.59001.peg.528-MONOMER_mod_k(1)_mod_mg2(1),0.0,-2.8971031899857223e-39
HSST_REV_6x7.59001.peg.3021-MONOMER,0.0,-2.5135254717663157e-06
HSST_FWD_6x7.59001.peg.3021-MONOMER,0.0,-3.1500805038948516e-07
HSTPTr_REV_6x7.59001.peg.2144-MONOMER_mod_pydx5p(1),0.0,1.7317728813447344e-39
HSTPTr_FWD_6x7.59001.peg.2144-MONOMER_mod_pydx5p(1),0.0,-2.8352408036835834e-06
HXAND_REV_6x7.59001.peg.548-MONOMER,0.0,6.267337765154325e-06
HXAND_FWD_6x7.59001.peg.548-MONOMER,0.0,-7.934630206612843e-06
HXAND_REV_6x7.59001.peg.549-MONOMER,0.0,6.148514377396276e-06
HXAND_FWD_6x7.59001.peg.549-MONOMER,0.0,-8.053453594370891e-06
HXAND_REV_6x7.59001.peg.550-MONOMER,0.0,6.404445308956993e-06
HXAND_FWD_6x7.59001.peg.550-MONOMER,0.0,-7.797522662810176e-06
HXPRT_REV_6x7.59001.peg.626-MONOMER,0.0,5.9708993574834415e-06
HXPRT_FWD_6x7.59001.peg.626-MONOMER,0.0,-7.998872488800546e-06
HYD1_REV_CPLX_HYD1-1,0.0,1.2031213104191995e-06
HYD1_FWD_CPLX_HYD1-1,0.0,-2.7909282954864e-06
HYD1_REV_CPLX_HYD1-4,0.0,-9.56569969605146e-07
HYD1_FWD_CPLX_HYD1-4,0.0,-4.950619575510746e-06
HYD1_REV_CPLX_HYD1-3,0.0,1.3209180782767996e-06
HYD1_FWD_CPLX_HYD1-3,0.0,-2.6731315276288e-06
HYD1_REV_CPLX_HYD1-2,0.0,1.6317732556185886e-06
HYD1_FWD_CPLX_HYD1-2,0.0,-2.362276350287011e-06
HYD1_REV_CPLX_HYD1-5,0.0,-1.0088066535279542e-06
HYD1_FWD_CPLX_HYD1-5,0.0,-5.002856259433554e-06
HYD1_REV_CPLX_HYD1-0,0.0,1.5059657954802037e-06
HYD1_FWD_CPLX_HYD1-0,0.0,-2.488083810425396e-06
HYD2_REV_CPLX_HYD1-0,0.0,-8.563105548068071e-07
HYD2_FWD_CPLX_HYD1-0,0.0,-1.25807460138385e-07
HYD2_REV_CPLX_HYD1-1,0.0,-1.1591550398678112e-06
HYD2_FWD_CPLX_HYD1-1,0.0,-4.286519451993892e-07
HYD2_REV_CPLX_HYD1-3,0.0,-1.0413582720102111e-06
HYD2_FWD_CPLX_HYD1-3,0.0,-3.1085517734178906e-07
HYD2_REV_CPLX_HYD1-2,0.0,-7.305030946684221e-07
HYD2_FWD_CPLX_HYD1-2,0.0,-7.648670655058526e-39
HYD3_REV_CPLX_HYD1-0,0.0,3.617462701521822e-06
HYD3_FWD_CPLX_HYD1-0,0.0,-4.599580716467014e-06
HYD3_REV_CPLX_HYD1-1,0.0,3.3146182164608177e-06
HYD3_FWD_CPLX_HYD1-1,0.0,-4.9024252015280184e-06
HYD3_REV_CPLX_HYD1-3,0.0,3.432414984318418e-06
HYD3_FWD_CPLX_HYD1-3,0.0,-4.784628433670418e-06
HYD3_REV_CPLX_HYD1-2,0.0,3.743270161660207e-06
HYD3_FWD_CPLX_HYD1-2,0.0,-4.473773256328629e-06
HYXNti_REV_6x7.59001.peg.3356-MONOMER,0.0,7.75581424122003e-06
HYXNti_FWD_6x7.59001.peg.3356-MONOMER,0.0,-1.0586407239382583e-05
IAHDGK_REV_6x7.59001.peg.190-MONOMER_mod_cd2(1)_mod_zn2(1)_mod_mg2(1)_mod_mn2(1)_mod_cobalt2(1),0.0,-3.3177555116451552e-06
IAHDGK_FWD_6x7.59001.peg.190-MONOMER_mod_cd2(1)_mod_zn2(1)_mod_mg2(1)_mod_mn2(1)_mod_cobalt2(1),0.0,-7.40389193855143e-39
IAPDGK_REV_6x7.59001.peg.190-MONOMER_mod_cd2(1)_mod_zn2(1)_mod_mg2(1)_mod_mn2(1)_mod_cobalt2(1),0.0,-3.3177555116451552e-06
IAPDGK_FWD_6x7.59001.peg.190-MONOMER_mod_cd2(1)_mod_zn2(1)_mod_mg2(1)_mod_mn2(1)_mod_cobalt2(1),0.0,-2.846385123043105e-38
IBCOATA_REV_6x7.59001.peg.1975-MONOMER,0.0,-1.672782317466346e-06
IBCOATA_FWD_6x7.59001.peg.1975-MONOMER,0.0,5.734408447278718e-38
ICDHy_REV_6x7.59001.peg.1925-MONOMER_mod_mg2(1),0.0,7.1218617593330816e-06
ICDHy_FWD_6x7.59001.peg.1925-MONOMER_mod_mg2(1),0.0,-7.734206059474345e-06
ICDHy_REV_6x7.59001.peg.1925-MONOMER_mod_mn2(1),0.0,7.122526142492965e-06
ICDHy_FWD_6x7.59001.peg.1925-MONOMER_mod_mn2(1),0.0,-7.733541676314462e-06
ICHORS_REV_6x7.59001.peg.2224-MONOMER_mod_mg2(1),0.0,-4.353128570410408e-06
ICHORS_FWD_6x7.59001.peg.2224-MONOMER_mod_mg2(1),0.001747116306140054,-2.3502817627486777e-39
IG3PS_REV_6x7.59001.peg.2146-MONOMER,0.0,6.682901540845823e-05
IG3PS_FWD_6x7.59001.peg.2146-MONOMER,0.0,-6.941658710477096e-05
IGPDH_REV_6x7.59001.peg.2145-MONOMER_mod_mg2(1),0.0,-3.516542306708565e-06
IGPDH_FWD_6x7.59001.peg.2145-MONOMER_mod_mg2(1),0.0,-1.1371909196090679e-09
IGPDH_REV_6x7.59001.peg.2145-MONOMER_mod_mn2(1),0.0,-3.515405115788956e-06
IGPDH_FWD_6x7.59001.peg.2145-MONOMER_mod_mn2(1),0.0,1.7272031882977562e-40
IGPS_REV_6x7.59001.peg.1472-MONOMER,0.0,-3.1272505222471316e-06
IGPS_FWD_6x7.59001.peg.1472-MONOMER,0.0,1.8881292538959248e-39
IHDCOATA_REV_6x7.59001.peg.1975-MONOMER,0.0,5.734408447278718e-38
IHDCOATA_FWD_6x7.59001.peg.1975-MONOMER,0.0,-1.672782317466346e-06
IHDGK_REV_6x7.59001.peg.190-MONOMER_mod_cd2(1)_mod_zn2(1)_mod_mg2(1)_mod_mn2(1)_mod_cobalt2(1),0.0,-3.3177555116451552e-06
IHDGK_FWD_6x7.59001.peg.190-MONOMER_mod_cd2(1)_mod_zn2(1)_mod_mg2(1)_mod_mn2(1)_mod_cobalt2(1),0.0,5.805144872620225e-36
IHPDCOATA_REV_6x7.59001.peg.1975-MONOMER,0.0,-1.672782317466346e-06
IHPDCOATA_FWD_6x7.59001.peg.1975-MONOMER,0.024031383081258576,5.8939590750249235e-36
IHXDGK_REV_6x7.59001.peg.190-MONOMER_mod_cd2(1)_mod_zn2(1)_mod_mg2(1)_mod_mn2(1)_mod_cobalt2(1),0.0,-3.3177555116451552e-06
IHXDGK_FWD_6x7.59001.peg.190-MONOMER_mod_cd2(1)_mod_zn2(1)_mod_mg2(1)_mod_mn2(1)_mod_cobalt2(1),0.0,0.0
ILETA_REV_6x7.59001.peg.63-MONOMER_mod_pydx5p(6),0.0,-1.1335026417513557e-06
ILETA_FWD_6x7.59001.peg.63-MONOMER_mod_pydx5p(6),0.024031383081258576,3.95254901339443e-40
ILETA_REV_6x7.59001.peg.63-MONOMER_mod_pydx5p(1),0.0,-1.1488968913785985e-06
ILETA_FWD_6x7.59001.peg.63-MONOMER_mod_pydx5p(1),0.0,-1.5394249627242782e-08
ILEt2r_REV_6x7.59001.peg.2569-MONOMER,0.0,-4.983610557425608e-06
ILEt2r_FWD_6x7.59001.peg.2569-MONOMER,0.0,-5.029958477871392e-07
ILEt2r_REV_6x7.59001.peg.910-MONOMER,0.0,-4.480614709638469e-06
ILEt2r_FWD_6x7.59001.peg.910-MONOMER,0.10932818436791374,-6.557373762461597e-40
IMPC_REV_6x7.59001.peg.157-MONOMER,0.0,-1.1885187452782444e-39
IMPC_FWD_6x7.59001.peg.157-MONOMER,0.0,-6.990899491273974e-07
IMPD_REV_6x7.59001.peg.2636-MONOMER,0.0,-1.4038350540735617e-06
IMPD_FWD_6x7.59001.peg.2636-MONOMER,0.0,-6.944266304174569e-38
INDOLEt2r_REV_CPLX_dummy,0.0,-2.4112091072496414e-06
INDOLEt2r_FWD_CPLX_dummy,0.0,-3.568656991728613e-40
INSH_REV_6x7.59001.peg.2478-MONOMER,0.0,2.2928941018937703e-06
INSH_FWD_6x7.59001.peg.2478-MONOMER,0.0,-4.844213311511505e-06
INSK_REV_6x7.59001.peg.984-MONOMER_mod_k(1)_mod_mg2(1),0.0,-2.0443210719719893e-06
INSK_FWD_6x7.59001.peg.984-MONOMER_mod_k(1)_mod_mg2(1),-1.718669518766714e-24,-5.026611287595899e-39
INSt2_REV_6x7.59001.peg.446-MONOMER,0.0,-2.6071440739447024e-07
INSt2_FWD_6x7.59001.peg.446-MONOMER,0.0,-3.714910474266695e-06
INSt2_REV_6x7.59001.peg.2833-MONOMER,0.0,-2.648846157184863e-08
INSt2_FWD_6x7.59001.peg.2833-MONOMER,0.0,-3.4806845284440733e-06
INSt2_REV_6x7.59001.peg.1098-MONOMER,0.0,0.0
INSt2_FWD_6x7.59001.peg.1098-MONOMER,0.0,-3.454196066872225e-06
IPDCOATA_REV_6x7.59001.peg.1975-MONOMER,0.0,1.5089751764507113e-35
IPDCOATA_FWD_6x7.59001.peg.1975-MONOMER,0.0,-1.672782317466346e-06
IPDDI_REV_6x7.59001.peg.3233-MONOMER_mod_mg2(1)_mod_zn2(1),0.0,-8.530552068351592e-07
IPDDI_FWD_6x7.59001.peg.3233-MONOMER_mod_mg2(1)_mod_zn2(1),0.0,-8.530552068351592e-07
IPDDI_REV_6x7.59001.peg.3233-MONOMER_mod_mn2(1)_mod_zn2(1),0.0,-8.502400156827638e-07
IPDDI_FWD_6x7.59001.peg.3233-MONOMER_mod_mn2(1)_mod_zn2(1),0.0,-8.502400156827638e-07
IPDGK_REV_6x7.59001.peg.190-MONOMER_mod_cd2(1)_mod_zn2(1)_mod_mg2(1)_mod_mn2(1)_mod_cobalt2(1),0.0,-3.3177555116451552e-06
IPDGK_FWD_6x7.59001.peg.190-MONOMER_mod_cd2(1)_mod_zn2(1)_mod_mg2(1)_mod_mn2(1)_mod_cobalt2(1),0.0,-4.9775542848221425e-36
IPDPS_REV_6x7.59001.peg.546-MONOMER_mod_nadph(1)_mod_nadh(1)_mod_fad(1)_mod_cobalt2(1),0.0,-9.964924790061628e-07
IPDPS_FWD_6x7.59001.peg.546-MONOMER_mod_nadph(1)_mod_nadh(1)_mod_fad(1)_mod_cobalt2(1),0.08278871279124275,-6.030600178989462e-38
IPDPS2_REV_6x7.59001.peg.546-MONOMER_mod_nadph(1)_mod_nadh(1)_mod_fad(1)_mod_cobalt2(1),0.0,-4.09239050230874e-07
IPDPS2_FWD_6x7.59001.peg.546-MONOMER_mod_nadph(1)_mod_nadh(1)_mod_fad(1)_mod_cobalt2(1),0.0,-5.872534287752888e-07
IPFPHS_REV_CPLX_dummy,0.0,-2.4112091072496414e-06
IPFPHS_FWD_CPLX_dummy,0.001747116306140054,-5.927474937011469e-38
IPMDr_REV_6x7.59001.peg.579-MONOMER_mod_mg2(1)_mod_mn2(1),0.0,4.282196978363154e-38
IPMDr_FWD_6x7.59001.peg.579-MONOMER_mod_mg2(1)_mod_mn2(1),0.0,-2.8551246354076093e-06
IPPMIa_REV_CPLX_IPPMIa-2,0.0,-1.7818993406386222e-07
IPPMIa_FWD_CPLX_IPPMIa-2,0.0,-9.871576038073923e-07
IPPMIa_REV_CPLX_IPPMIa-1,0.0,-3.4625182627581833e-40
IPPMIa_FWD_CPLX_IPPMIa-1,0.0,-8.089676697435301e-07
IPPMIa_REV_CPLX_IPPMIa-0,0.0,-1.4604757326372236e-07
IPPMIa_FWD_CPLX_IPPMIa-0,0.0,-9.550152430072524e-07
IPPMIb_REV_CPLX_IPPMIb-0,0.0,-2.3857453286753146e-39
IPPMIb_FWD_CPLX_IPPMIb-0,0.0,-7.907318562343871e-07
IPPMIb_REV_CPLX_IPPMIb-3,0.0,-1.104957191368888e-07
IPPMIb_FWD_CPLX_IPPMIb-3,0.0,-9.01227575371276e-07
IPPMIb_REV_CPLX_IPPMIb-2,0.0,-2.0523291864186226e-07
IPPMIb_FWD_CPLX_IPPMIb-2,0.0,-9.959647748762494e-07
IPPMIb_REV_CPLX_IPPMIb-1,0.0,-9.670083958007969e-08
IPPMIb_FWD_CPLX_IPPMIb-1,0.0,-8.874326958144668e-07
IPPMIb_REV_CPLX_IPPMIa-2,0.0,-1.873078408184337e-07
IPPMIb_FWD_CPLX_IPPMIa-2,0.0,-9.780396970528209e-07
IPPMIb_REV_CPLX_IPPMIa-1,0.0,-9.117906754571473e-09
IPPMIb_FWD_CPLX_IPPMIa-1,0.0,-7.998497629889585e-07
ITDCOATA_REV_6x7.59001.peg.1975-MONOMER,0.0,5.734408447278718e-38
ITDCOATA_FWD_6x7.59001.peg.1975-MONOMER,0.0,-1.672782317466346e-06
ITDGK_REV_6x7.59001.peg.190-MONOMER_mod_cd2(1)_mod_zn2(1)_mod_mg2(1)_mod_mn2(1)_mod_cobalt2(1),0.0,-3.3177555116451552e-06
ITDGK_FWD_6x7.59001.peg.190-MONOMER_mod_cd2(1)_mod_zn2(1)_mod_mg2(1)_mod_mn2(1)_mod_cobalt2(1),0.0,0.0
IVCOATA_REV_6x7.59001.peg.1975-MONOMER,0.0,-1.672782317466346e-06
IVCOATA_FWD_6x7.59001.peg.1975-MONOMER,0.024031383081258576,-8.962100523547808e-36
KARA1_REV_6x7.59001.peg.67-MONOMER_mod_mg2(1),0.038151689500639574,-4.211891346866024e-35
KARA1_FWD_6x7.59001.peg.67-MONOMER_mod_mg2(1),0.0,-2.7680444441642366e-06
KARA2_REV_6x7.59001.peg.67-MONOMER_mod_mg2(1),0.0,-2.7680444441642366e-06
KARA2_FWD_6x7.59001.peg.67-MONOMER_mod_mg2(1),0.0,-4.366680684341846e-39
KARA3_REV_6x7.59001.peg.67-MONOMER_mod_mg2(1),0.0,-1.3840222220821183e-06
KARA3_FWD_6x7.59001.peg.67-MONOMER_mod_mg2(1),0.0,-1.3840222220821183e-06
KAS14_REV_CPLX_3OAS100-0,0.0,-9.649989353824423e-07
KAS14_FWD_CPLX_3OAS100-0,0.0,-5.061970886368168e-07
KAS14_REV_6x7.59001.peg.2286-MONOMER,0.0,-4.5880184674562545e-07
KAS14_FWD_6x7.59001.peg.2286-MONOMER,0.0,1.3618055141984255e-36
KAS_HP_REV_CPLX_dummy,0.0,-1.9507763753577672e-06
KAS_HP_FWD_CPLX_dummy,0.0,-5.407192240242479e-07
KDOCT2_REV_6x7.59001.peg.2040-MONOMER_mod_mg2(1),0.0,-2.9361922866572307e-07
KDOCT2_FWD_6x7.59001.peg.2040-MONOMER_mod_mg2(1),0.021167669594478713,-1.759133412144666e-39
KDOPP_REV_6x7.59001.peg.464-MONOMER_mod_mg2(1),0.0,-3.088775809278102e-06
KDOPP_FWD_6x7.59001.peg.464-MONOMER_mod_mg2(1),0.021167669594478713,-4.914319701862761e-39
KDOPSr_REV_6x7.59001.peg.1353-MONOMER,0.0,-1.610871866539015e-06
KDOPSr_FWD_6x7.59001.peg.1353-MONOMER,0.021167669594478713,1.4387490422562916e-38
Kt1r_REV_6x7.59001.peg.972-MONOMER,0.0,-5.175931913231893e-06
Kt1r_FWD_6x7.59001.peg.972-MONOMER,1.7454785361799576e-06,0.0
Kt1r_REV_6x7.59001.peg.306-MONOMER,0.0,-5.7079935616416445e-06
Kt1r_FWD_6x7.59001.peg.306-MONOMER,0.0,-5.320616484097513e-07
Kt3_REV_6x7.59001.peg.3035-MONOMER,0.0,2.3600814796328153e-06
Kt3_FWD_6x7.59001.peg.3035-MONOMER,0.0,-6.150284158146287e-06
Kt3_REV_6x7.59001.peg.3034-MONOMER,0.0,3.566376231525044e-06
Kt3_FWD_6x7.59001.peg.3034-MONOMER,0.0,-4.9439894062540586e-06
Kt3_REV_6x7.59001.peg.133-MONOMER,0.0,2.3871919047632415e-06
Kt3_FWD_6x7.59001.peg.133-MONOMER,0.0,-6.123173733015861e-06
L2A6ODs_REV_CPLX_dummy,0.0,-2.4112091072496414e-06
L2A6ODs_FWD_CPLX_dummy,0.0,1.5143537425744287e-40
LARGNAT_REV_6x7.59001.peg.410-MONOMER,0.0,-3.1573918221803056e-06
LARGNAT_FWD_6x7.59001.peg.410-MONOMER,0.0,-1.5475538699472746e-39
LARGNAT_REV_6x7.59001.peg.3018-MONOMER_mod_pydx5p(1),0.0,-3.28224160781856e-06
LARGNAT_FWD_6x7.59001.peg.3018-MONOMER_mod_pydx5p(1),0.0,-1.2484978563825446e-07
LCARS_REV_6x7.59001.peg.262-MONOMER_mod_fe2(1),0.0,-1.236880618970611e-38
LCARS_FWD_6x7.59001.peg.262-MONOMER_mod_fe2(1),0.0,-1.6753263732731628e-06
LDH_D_REV_6x7.59001.peg.1658-MONOMER,4.579093005981819,-3.052591594577636e-38
LDH_D_FWD_6x7.59001.peg.1658-MONOMER,0.0,-2.0141074496145297e-06
LDH_D_REV_6x7.59001.peg.1005-MONOMER_mod_fad(1),0.0,-1.0925964523789595e-07
LDH_D_FWD_6x7.59001.peg.1005-MONOMER_mod_fad(1),0.0,-2.1233670948524257e-06
LDH_D2_REV_6x7.59001.peg.1658-MONOMER,0.0,7.783380703908135e-07
LDH_D2_FWD_6x7.59001.peg.1658-MONOMER,0.0,-2.792445520005343e-06
LDH_D2_REV_6x7.59001.peg.1005-MONOMER_mod_fad(1),0.0,6.690784251529176e-07
LDH_D2_FWD_6x7.59001.peg.1005-MONOMER_mod_fad(1),0.0,-2.901705165243239e-06
LDH_L_REV_CPLX_dummy,0.0,-9.105845514099289e-39
LDH_L_FWD_CPLX_dummy,0.0,-2.4112091072496414e-06
LEUTA_REV_CPLX_dummy,0.0,-2.4112091072496414e-06
LEUTA_FWD_CPLX_dummy,0.024031383081258576,9.279806921504613e-37
LEUt2r_REV_6x7.59001.peg.2569-MONOMER,0.0,-4.983610557425608e-06
LEUt2r_FWD_6x7.59001.peg.2569-MONOMER,0.0,-5.029958477871392e-07
LEUt2r_REV_6x7.59001.peg.910-MONOMER,0.0,-4.480614709638469e-06
LEUt2r_FWD_6x7.59001.peg.910-MONOMER,0.15,-1.0553720583270346e-35
LGTHL_REV_6x7.59001.peg.1531-MONOMER,0.0,2.5030557593030313e-07
LGTHL_FWD_6x7.59001.peg.1531-MONOMER,0.0,6.639013258222006e-40
LGTHL_REV_6x7.59001.peg.1575-MONOMER_mod_ni2(1),0.0,-3.355255313272301e-07
LGTHL_FWD_6x7.59001.peg.1575-MONOMER_mod_ni2(1),0.0,-5.858311072575332e-07
LPADSS_REV_6x7.59001.peg.706-MONOMER,0.0,-4.163877694201709e-06
LPADSS_FWD_6x7.59001.peg.706-MONOMER,0.007055889864826238,2.0355681734732637e-38
LPAMS_REV_6x7.59001.peg.617-MONOMER,0.0,-3.0877644020094056e-07
LPAMS_FWD_6x7.59001.peg.617-MONOMER,0.0,-1.127838546370162e-06
LPLIPAL1A120_REV_6x7.59001.peg.3176-MONOMER,0.0,-1.927367726953746e-06
LPLIPAL1A120_FWD_6x7.59001.peg.3176-MONOMER,0.0,7.948485921675118e-40
LPLIPAL1A140_REV_6x7.59001.peg.3176-MONOMER,0.0,1.615215236920637e-05
LPLIPAL1A140_FWD_6x7.59001.peg.3176-MONOMER,0.0,-1.8079520096160117e-05
LPLIPAL1A141_REV_6x7.59001.peg.3176-MONOMER,0.0,-1.927367726953746e-06
LPLIPAL1A141_FWD_6x7.59001.peg.3176-MONOMER,0.0,4.7690915530050706e-40
LPLIPAL1A160_REV_6x7.59001.peg.3176-MONOMER,0.0,-1.927367726953746e-06
LPLIPAL1A160_FWD_6x7.59001.peg.3176-MONOMER,3.9005296675032617e-23,-3.179394368670047e-40
LPLIPAL1A161_REV_6x7.59001.peg.3176-MONOMER,0.0,-1.927367726953746e-06
LPLIPAL1A161_FWD_6x7.59001.peg.3176-MONOMER,0.0,-1.2240668319379682e-38
LPLIPAL1A180_REV_6x7.59001.peg.3176-MONOMER,0.0,1.9453070309402697e-05
LPLIPAL1A180_FWD_6x7.59001.peg.3176-MONOMER,0.0,-2.1380438036356443e-05
LPLIPAL1A181_REV_6x7.59001.peg.3176-MONOMER,0.0,-1.927367726953746e-06
LPLIPAL1A181_FWD_6x7.59001.peg.3176-MONOMER,0.0,3.862964157934107e-38
LPLIPAL1E120_REV_6x7.59001.peg.3176-MONOMER,0.0,-1.927367726953746e-06
LPLIPAL1E120_FWD_6x7.59001.peg.3176-MONOMER,0.0,1.5896971843350235e-40
LPLIPAL1E140_REV_6x7.59001.peg.3176-MONOMER,0.0,-1.927367726953746e-06
LPLIPAL1E140_FWD_6x7.59001.peg.3176-MONOMER,0.0,1.5896971843350235e-40
LPLIPAL1E141_REV_6x7.59001.peg.3176-MONOMER,0.0,-1.927367726953746e-06
LPLIPAL1E141_FWD_6x7.59001.peg.3176-MONOMER,0.0,4.7690915530050706e-40
LPLIPAL1E160_REV_6x7.59001.peg.3176-MONOMER,0.0,-1.927367726953746e-06
LPLIPAL1E160_FWD_6x7.59001.peg.3176-MONOMER,0.0,-3.179394368670047e-40
LPLIPAL1E161_REV_6x7.59001.peg.3176-MONOMER,0.0,-1.927367726953746e-06
LPLIPAL1E161_FWD_6x7.59001.peg.3176-MONOMER,0.0,-1.2240668319379682e-38
LPLIPAL1E180_REV_6x7.59001.peg.3176-MONOMER,0.0,6.403508758044269e-05
LPLIPAL1E180_FWD_6x7.59001.peg.3176-MONOMER,0.0,-6.596245530739643e-05
LPLIPAL1E181_REV_6x7.59001.peg.3176-MONOMER,0.0,-1.927367726953746e-06
LPLIPAL1E181_FWD_6x7.59001.peg.3176-MONOMER,0.0,-1.2240668319379682e-38
LPLIPAL1G120_REV_6x7.59001.peg.3176-MONOMER,0.0,-1.927367726953746e-06
LPLIPAL1G120_FWD_6x7.59001.peg.3176-MONOMER,0.0,-4.7690915530050706e-40
LPLIPAL1G140_REV_6x7.59001.peg.3176-MONOMER,0.0,-1.927367726953746e-06
LPLIPAL1G140_FWD_6x7.59001.peg.3176-MONOMER,0.0,-4.7690915530050706e-40
LPLIPAL1G141_REV_6x7.59001.peg.3176-MONOMER,0.0,-1.927367726953746e-06
LPLIPAL1G141_FWD_6x7.59001.peg.3176-MONOMER,0.0,-1.5896971843350235e-40
LPLIPAL1G160_REV_6x7.59001.peg.3176-MONOMER,0.0,-1.927367726953746e-06
LPLIPAL1G160_FWD_6x7.59001.peg.3176-MONOMER,0.0,-3.179394368670047e-40
LPLIPAL1G161_REV_6x7.59001.peg.3176-MONOMER,0.0,-1.927367726953746e-06
LPLIPAL1G161_FWD_6x7.59001.peg.3176-MONOMER,0.0,-1.2240668319379682e-38
LPLIPAL1G180_REV_6x7.59001.peg.3176-MONOMER,0.0,-1.927367726953746e-06
LPLIPAL1G180_FWD_6x7.59001.peg.3176-MONOMER,0.0,-4.7690915530050706e-40
LPLIPAL1G181_REV_6x7.59001.peg.3176-MONOMER,0.0,-1.927367726953746e-06
LPLIPAL1G181_FWD_6x7.59001.peg.3176-MONOMER,0.0,-1.2240668319379682e-38
LPLIPAL2A120_REV_6x7.59001.peg.3176-MONOMER,0.0,-1.927367726953746e-06
LPLIPAL2A120_FWD_6x7.59001.peg.3176-MONOMER,0.0,0.0
LPLIPAL2A140_REV_6x7.59001.peg.3176-MONOMER,0.0,3.599965640044516e-05
LPLIPAL2A140_FWD_6x7.59001.peg.3176-MONOMER,0.0,-3.79270241273989e-05
LPLIPAL2A141_REV_6x7.59001.peg.3176-MONOMER,0.0,-1.927367726953746e-06
LPLIPAL2A141_FWD_6x7.59001.peg.3176-MONOMER,0.0,-2.0370187197252937e-40
LPLIPAL2A160_REV_6x7.59001.peg.3176-MONOMER,0.0,1.4961849787781478e-05
LPLIPAL2A160_FWD_6x7.59001.peg.3176-MONOMER,0.0,-1.6889217514735224e-05
LPLIPAL2A161_REV_6x7.59001.peg.3176-MONOMER,0.0,-1.927367726953746e-06
LPLIPAL2A161_FWD_6x7.59001.peg.3176-MONOMER,0.0,-3.5851529467165165e-38
LPLIPAL2A180_REV_6x7.59001.peg.3176-MONOMER,0.0,3.9300574340641486e-05
LPLIPAL2A180_FWD_6x7.59001.peg.3176-MONOMER,0.0,-4.122794206759523e-05
LPLIPAL2A181_REV_6x7.59001.peg.3176-MONOMER,0.0,-1.927367726953746e-06
LPLIPAL2A181_FWD_6x7.59001.peg.3176-MONOMER,0.0,-2.2814609660923286e-38
LPLIPAL2E120_REV_6x7.59001.peg.3176-MONOMER,0.0,-1.927367726953746e-06
LPLIPAL2E120_FWD_6x7.59001.peg.3176-MONOMER,0.0,1.5896971843350235e-40
LPLIPAL2E140_REV_6x7.59001.peg.3176-MONOMER,0.0,-1.927367726953746e-06
LPLIPAL2E140_FWD_6x7.59001.peg.3176-MONOMER,0.0,1.5896971843350235e-40
LPLIPAL2E141_REV_6x7.59001.peg.3176-MONOMER,0.0,-1.927367726953746e-06
LPLIPAL2E141_FWD_6x7.59001.peg.3176-MONOMER,0.0,4.7690915530050706e-40
LPLIPAL2E160_REV_6x7.59001.peg.3176-MONOMER,0.0,-1.927367726953746e-06
LPLIPAL2E160_FWD_6x7.59001.peg.3176-MONOMER,0.0,-3.179394368670047e-40
LPLIPAL2E161_REV_6x7.59001.peg.3176-MONOMER,0.0,-1.927367726953746e-06
LPLIPAL2E161_FWD_6x7.59001.peg.3176-MONOMER,0.0,-1.2240668319379682e-38
LPLIPAL2E180_REV_6x7.59001.peg.3176-MONOMER,0.0,6.321368189482383e-05
LPLIPAL2E180_FWD_6x7.59001.peg.3176-MONOMER,0.0,-6.514104962177757e-05
LPLIPAL2E181_REV_6x7.59001.peg.3176-MONOMER,0.0,-1.927367726953746e-06
LPLIPAL2E181_FWD_6x7.59001.peg.3176-MONOMER,0.0,-1.2240668319379682e-38
LPLIPAL2G120_REV_6x7.59001.peg.3176-MONOMER,0.0,3.030730592261709e-05
LPLIPAL2G120_FWD_6x7.59001.peg.3176-MONOMER,0.0,-3.2234673649570835e-05
LPLIPAL2G140_REV_6x7.59001.peg.3176-MONOMER,0.0,6.823433005001599e-05
LPLIPAL2G140_FWD_6x7.59001.peg.3176-MONOMER,0.0,-7.016169777696973e-05
LPLIPAL2G141_REV_6x7.59001.peg.3176-MONOMER,0.0,3.030730592261709e-05
LPLIPAL2G141_FWD_6x7.59001.peg.3176-MONOMER,0.0,-3.2234673649570835e-05
LPLIPAL2G160_REV_6x7.59001.peg.3176-MONOMER,0.0,4.7196523437352314e-05
LPLIPAL2G160_FWD_6x7.59001.peg.3176-MONOMER,0.0,-4.9123891164306056e-05
LPLIPAL2G161_REV_6x7.59001.peg.3176-MONOMER,0.0,3.030730592261709e-05
LPLIPAL2G161_FWD_6x7.59001.peg.3176-MONOMER,0.0,-3.2234673649570835e-05
LPLIPAL2G180_REV_6x7.59001.peg.3176-MONOMER,0.0,7.153524799021232e-05
LPLIPAL2G180_FWD_6x7.59001.peg.3176-MONOMER,0.0,-7.346261571716606e-05
LPLIPAL2G181_REV_6x7.59001.peg.3176-MONOMER,0.0,8.176933540716658e-06
LPLIPAL2G181_FWD_6x7.59001.peg.3176-MONOMER,0.0,-1.0104301267670404e-05
LTHRK_REV_6x7.59001.peg.1886-MONOMER,0.0,-2.8520563541548156e-06
LTHRK_FWD_6x7.59001.peg.1886-MONOMER,0.0,-1.2602248882629081e-39
LYSAM_REV_6x7.59001.peg.297-MONOMER,0.0,-6.7820268186184655e-40
LYSAM_FWD_6x7.59001.peg.297-MONOMER,0.0,-3.4956145111519465e-06
LYSDC_REV_6x7.59001.peg.252-MONOMER,0.0,-1.6909699970897932e-06
LYSDC_FWD_6x7.59001.peg.252-MONOMER,0.0,-1.6127709207018976e-40
LYSDC_REV_6x7.59001.peg.2854-MONOMER,0.0,-1.7743314242046834e-06
LYSDC_FWD_6x7.59001.peg.2854-MONOMER,0.0,-8.336142711489013e-08
LYSDC_REV_6x7.59001.peg.713-MONOMER_mod_pydx5p(1),0.0,-2.109598145304753e-06
LYSDC_FWD_6x7.59001.peg.713-MONOMER_mod_pydx5p(1),0.0,-4.186281482149601e-07
LYSt2r_REV_6x7.59001.peg.2936-MONOMER,0.0,-3.366985554605421e-06
LYSt2r_FWD_6x7.59001.peg.2936-MONOMER,0.0,-9.80860318882937e-07
LYSt2r_REV_6x7.59001.peg.1136-MONOMER,0.0,-2.386125235722484e-06
LYSt2r_FWD_6x7.59001.peg.1136-MONOMER,0.05054222582341661,0.0
LYSt3_REV_6x7.59001.peg.3134-MONOMER,0.0,1.3278288289150437e-06
LYSt3_FWD_6x7.59001.peg.3134-MONOMER,0.0,-7.727163855901862e-06
L_AROND_REV_6x7.59001.peg.2685-MONOMER,0.0,-1.015747817414051e-06
L_AROND_FWD_6x7.59001.peg.2685-MONOMER,0.0,-2.458962064664465e-06
L_LACNa1t_REV_6x7.59001.peg.1307-MONOMER,0.0,-1.0590214349861591e-06
L_LACNa1t_FWD_6x7.59001.peg.1307-MONOMER,0.0,-2.5295545501258322e-06
L_LACt2_REV_CPLX_dummy,0.0,-2.1195398042467227e-06
L_LACt2_FWD_CPLX_dummy,0.0,-2.9166930300291853e-07
MACCOAT_REV_6x7.59001.peg.1895-MONOMER,0.0,-2.793884930317613e-06
MACCOAT_FWD_6x7.59001.peg.1895-MONOMER,0.0,-8.884495684765765e-07
MACCOAT_REV_6x7.59001.peg.1996-MONOMER,0.0,-1.9054353618410366e-06
MACCOAT_FWD_6x7.59001.peg.1996-MONOMER,0.0,-1.802770903007282e-38
MADGBG_REV_6x7.59001.peg.2821-MONOMER,0.0,-1.5905564842133993e-39
MADGBG_FWD_6x7.59001.peg.2821-MONOMER,0.0,-7.771380773918849e-07
MALLACDt_REV_6x7.59001.peg.1307-MONOMER,0.0,-7.089434380964302e-40
MALLACDt_FWD_6x7.59001.peg.1307-MONOMER,0.0,-3.588575985111991e-06
MALNAt_REV_6x7.59001.peg.571-MONOMER,0.0,-6.568424148398706e-07
MALNAt_FWD_6x7.59001.peg.571-MONOMER,0.0,-4.245418399951861e-06
MALNAt_REV_6x7.59001.peg.1307-MONOMER,0.0,-2.3631447936547673e-40
MALNAt_FWD_6x7.59001.peg.1307-MONOMER,0.0,-3.588575985111991e-06
MALT_REV_6x7.59001.peg.914-MONOMER,0.0,-2.925135628052885e-06
MALT_FWD_6x7.59001.peg.914-MONOMER,0.0,-3.840135725955925e-39
MALT6PH_REV_CPLX_dummy,0.0,-2.4112091072496414e-06
MALT6PH_FWD_CPLX_dummy,0.07449289,3.120674276732818e-39
MALTHXabc_REV_6x7.59001.peg.866-MONOMER,0.0,-3.0005112294982878e-06
MALTHXabc_FWD_6x7.59001.peg.866-MONOMER,0.0,-2.2522505804533434e-06
MALTHXabc_REV_6x7.59001.peg.181-MONOMER,0.0,-9.774264660328575e-07
MALTHXabc_FWD_6x7.59001.peg.181-MONOMER,0.0,-2.2916581698791313e-07
MALTHXabc_REV_6x7.59001.peg.180-MONOMER,0.0,-2.4108534531401527e-06
MALTHXabc_FWD_6x7.59001.peg.180-MONOMER,0.0,-1.6625928040952083e-06
MALTHXabc_REV_6x7.59001.peg.179-MONOMER,0.0,-2.5037628917951833e-06
MALTHXabc_FWD_6x7.59001.peg.179-MONOMER,0.0,-1.7555022427502392e-06
MALTHXabc_REV_6x7.59001.peg.183-MONOMER,0.0,-1.5657457089058154e-06
MALTHXabc_FWD_6x7.59001.peg.183-MONOMER,0.0,-8.17485059860871e-07
MALTHXabc_REV_6x7.59001.peg.869-MONOMER,0.0,-2.3961506304411685e-06
MALTHXabc_FWD_6x7.59001.peg.869-MONOMER,0.0,-1.647889981396224e-06
MALTHXabc_REV_6x7.59001.peg.184-MONOMER,0.0,-7.482606490449444e-07
MALTHXabc_FWD_6x7.59001.peg.184-MONOMER,0.0,-9.23074538492864e-40
MALTHXabc_REV_6x7.59001.peg.1610-MONOMER,0.0,-8.627664506471777e-07
MALTHXabc_FWD_6x7.59001.peg.1610-MONOMER,0.0,-1.1450580160223337e-07
MALTTRabc_REV_CPLX_MALTTRabc-2,0.0,1.7205892230774346e-05
MALTTRabc_FWD_CPLX_MALTTRabc-2,0.0,-2.1661517978827085e-05
MALTTRabc_REV_CPLX_MALTTRabc-0,0.0,1.6915960947333414e-05
MALTTRabc_FWD_CPLX_MALTTRabc-0,0.0,-2.1951449262268016e-05
MALTTRabc_REV_CPLX_MALTTRabc-1,0.0,1.7049788540188033e-05
MALTTRabc_FWD_CPLX_MALTTRabc-1,0.0,-2.1817621669413394e-05
MALTTRabc_REV_6x7.59001.peg.184-MONOMER,0.0,1.9059574780278242e-05
MALTTRabc_FWD_6x7.59001.peg.184-MONOMER,0.0,-1.9807835429323185e-05
MALTTRabc_REV_6x7.59001.peg.1610-MONOMER,0.0,1.8945068978676008e-05
MALTTRabc_FWD_6x7.59001.peg.1610-MONOMER,0.0,-1.992234123092542e-05
MALTTRabc_REV_CPLX_MALTTRabc-3,0.0,1.730311085331317e-05
MALTTRabc_FWD_CPLX_MALTTRabc-3,0.0,-2.1564299356288258e-05
MALTabc_REV_6x7.59001.peg.183-MONOMER,0.0,1.5165839997517482e-06
MALTabc_FWD_6x7.59001.peg.183-MONOMER,0.0,-3.899814768518435e-06
MALTabc_REV_CPLX_MALTabc-1,0.0,6.267706751891392e-07
MALTabc_FWD_CPLX_MALTabc-1,0.0,-4.789628093081044e-06
MALTabc_REV_6x7.59001.peg.869-MONOMER,0.0,6.861790782163954e-07
MALTabc_FWD_6x7.59001.peg.869-MONOMER,0.0,-4.7302196900537875e-06
MALTabc_REV_CPLX_MALTabc-0,0.0,4.6421919961229165e-07
MALTabc_FWD_CPLX_MALTabc-0,0.0,-4.9521795686578915e-06
MALTabc_REV_6x7.59001.peg.184-MONOMER,0.0,2.3340690596126195e-06
MALTabc_FWD_6x7.59001.peg.184-MONOMER,0.0,-3.082329708657564e-06
MALTabc_REV_6x7.59001.peg.1610-MONOMER,0.0,2.219563258010386e-06
MALTabc_FWD_6x7.59001.peg.1610-MONOMER,0.0,-3.196835510259797e-06
MALTpts_REV_6x7.59001.peg.1088-MONOMER,0.0,-1.7287238012978334e-06
MALTpts_FWD_6x7.59001.peg.1088-MONOMER,0.0,-9.80463152252889e-07
MALTpts_REV_6x7.59001.peg.184-MONOMER,0.0,-7.482606490449444e-07
MALTpts_FWD_6x7.59001.peg.184-MONOMER,0.07449289,-2.4748653503523617e-39
MALTpts_REV_6x7.59001.peg.1610-MONOMER,0.0,-8.627664506471777e-07
MALTpts_FWD_6x7.59001.peg.1610-MONOMER,0.0,-1.1450580160223337e-07
MALt2_REV_6x7.59001.peg.571-MONOMER,0.0,-2.476929188780704e-06
MALt2_FWD_6x7.59001.peg.571-MONOMER,0.0,-2.4253316260110284e-06
MAN6PI_REV_6x7.59001.peg.1599-MONOMER,0.0,-2.5937561495265793e-06
MAN6PI_FWD_6x7.59001.peg.1599-MONOMER,0.14898579,-1.386537410225775e-39
MANA4_REV_6x7.59001.peg.1800-MONOMER_mod_mn2(1),0.0,1.0495222482197525e-39
MANA4_FWD_6x7.59001.peg.1800-MONOMER_mod_mn2(1),0.0,-2.223614104493727e-06
MANA4_REV_6x7.59001.peg.2859-MONOMER,0.0,-2.586906037025812e-07
MANA4_FWD_6x7.59001.peg.2859-MONOMER,0.0,-2.482304708196308e-06
MANAO_REV_6x7.59001.peg.2157-MONOMER,0.0,-2.5616205881973934e-38
MANAO_FWD_6x7.59001.peg.2157-MONOMER,0.0,-2.7185804466478545e-06
MANTRabc_REV_CPLX_dummy,0.0,-2.4112091072496414e-06
MANTRabc_FWD_CPLX_dummy,0.0,-8.66894390215355e-39
MANabc_REV_CPLX_dummy,0.0,7.961526400143075e-06
MANabc_FWD_CPLX_dummy,0.0,-1.0372735507392716e-05
MANpts_REV_CPLX_MANpts-0,0.0,-2.5575061323600723e-06
MANpts_FWD_CPLX_MANpts-0,0.0,-1.5783807168586897e-07
MANpts_REV_6x7.59001.peg.1497-MONOMER,0.0,-2.3996680606742033e-06
MANpts_FWD_6x7.59001.peg.1497-MONOMER,0.14898579,-6.7235198202679804e-40
MBDGBG_REV_6x7.59001.peg.2821-MONOMER,0.0,-1.5905564842133993e-39
MBDGBG_FWD_6x7.59001.peg.2821-MONOMER,0.0,-7.771380773918849e-07
MCOATA_REV_6x7.59001.peg.1975-MONOMER,0.0,-1.692853388849585e-06
MCOATA_FWD_6x7.59001.peg.1975-MONOMER,0.3166006061820248,-5.955618987540943e-36
MCPST_H2S_REV_CPLX_dummy,0.0,-6.339550397335627e-08
MCPST_H2S_FWD_CPLX_dummy,0.0,-3.245427771149206e-06
MCSNAH1r_REV_6x7.59001.peg.3086-MONOMER_mod_fe2(1)_mod_zn2(1),0.0,-2.142860778249983e-06
MCSNAH1r_FWD_6x7.59001.peg.3086-MONOMER_mod_fe2(1)_mod_zn2(1),0.0,-1.5581297471173037e-10
MCSNAH1r_REV_6x7.59001.peg.3086-MONOMER_mod_cobalt2(1)_mod_zn2(1),0.0,-2.1427049652752713e-06
MCSNAH1r_FWD_6x7.59001.peg.3086-MONOMER_mod_cobalt2(1)_mod_zn2(1),0.0,2.8674580017606264e-39
MCSNAH1r_REV_6x7.59001.peg.3086-MONOMER_mod_mn2(1)_mod_zn2(1),0.0,-2.1428983842706337e-06
MCSNAH1r_FWD_6x7.59001.peg.3086-MONOMER_mod_mn2(1)_mod_zn2(1),0.0,-1.9341899536262875e-10
MDH_REV_6x7.59001.peg.351-MONOMER,0.0,-3.206738188114473e-06
MDH_FWD_6x7.59001.peg.351-MONOMER,1.510434594900855e-22,-5.099849035826065e-39
ME1_REV_6x7.59001.peg.1115-MONOMER_mod_mg2(1),0.0,1.3228124270133202e-06
ME1_FWD_6x7.59001.peg.1115-MONOMER_mod_mg2(1),0.0,-4.552643864768755e-06
ME1_REV_6x7.59001.peg.1115-MONOMER_mod_mn2(1),0.0,1.3232351490591032e-06
ME1_FWD_6x7.59001.peg.1115-MONOMER_mod_mn2(1),0.0,-4.552221142722972e-06
ME2_REV_6x7.59001.peg.1079-MONOMER_mod_mg2(1),0.0,8.245250299228502e-07
ME2_FWD_6x7.59001.peg.1079-MONOMER_mod_mg2(1),0.0,-3.876424404308648e-06
ME2_REV_6x7.59001.peg.1079-MONOMER_mod_mn2(1),0.0,8.247624200185954e-07
ME2_FWD_6x7.59001.peg.1079-MONOMER_mod_mn2(1),0.0,-3.8761870142129025e-06
MECDPDH2_REV_6x7.59001.peg.2651-MONOMER_mod_mn2(1),0.0,-1.0459878427153568e-06
MECDPDH2_FWD_6x7.59001.peg.2651-MONOMER_mod_mn2(1),0.09159171896220905,3.4663957212479453e-38
MECDPS_REV_6x7.59001.peg.2727-MONOMER_mod_mn2(1),0.0,-2.62140130789424e-06
MECDPS_FWD_6x7.59001.peg.2727-MONOMER_mod_mn2(1),0.09159171896220905,-4.0667010641522434e-39
MEPCT_REV_6x7.59001.peg.2728-MONOMER_mod_mg2(1),0.0,-3.0446419053349193e-06
MEPCT_FWD_6x7.59001.peg.2728-MONOMER_mod_mg2(1),0.0,-1.750612037430422e-09
MEPCT_REV_6x7.59001.peg.2728-MONOMER_mod_cobalt2(1),0.0,-3.0428912932974888e-06
MEPCT_FWD_6x7.59001.peg.2728-MONOMER_mod_cobalt2(1),0.09159171896220905,-2.6946111478820658e-39
MEPCT_REV_6x7.59001.peg.2728-MONOMER_mod_mn2(1),0.0,-3.043095359216626e-06
MEPCT_FWD_6x7.59001.peg.2728-MONOMER_mod_mn2(1),0.0,-2.0406591913727117e-10
METALA1c_REV_6x7.59001.peg.692-MONOMER_mod_fe2(2),0.0,3.8321654710647596e-40
METALA1c_FWD_6x7.59001.peg.692-MONOMER_mod_fe2(2),0.0,-6.951184685270601e-07
METALA1c_REV_6x7.59001.peg.1189-MONOMER,0.0,-1.1488359885968827e-06
METALA1c_FWD_6x7.59001.peg.1189-MONOMER,0.0,-1.8439544571239428e-06
METALA1c_REV_6x7.59001.peg.747-MONOMER,0.0,-1.3461515856250044e-06
METALA1c_FWD_6x7.59001.peg.747-MONOMER,0.0,-2.0412700541520647e-06
METALA1c_REV_6x7.59001.peg.2929-MONOMER_mod_zn2(1),0.0,-1.6231847685621239e-06
METALA1c_FWD_6x7.59001.peg.2929-MONOMER_mod_zn2(1),0.0,-2.3183032370891838e-06
METALA1c_REV_6x7.59001.peg.1309-MONOMER,0.0,-1.288866968280468e-06
METALA1c_FWD_6x7.59001.peg.1309-MONOMER,0.0,-1.9839854368075283e-06
METALA1c_REV_6x7.59001.peg.2657-MONOMER,0.0,-1.083882360363858e-06
METALA1c_FWD_6x7.59001.peg.2657-MONOMER,0.0,-1.779000828890918e-06
METALAabc_REV_6x7.59001.peg.3226-MONOMER,0.0,-1.8049165429966677e-07
METALAabc_FWD_6x7.59001.peg.3226-MONOMER,0.0,-6.513580815281498e-07
METALAabc_REV_6x7.59001.peg.1456-MONOMER,0.0,-9.705544481377763e-07
METALAabc_FWD_6x7.59001.peg.1456-MONOMER,0.0,-1.4414208753662595e-06
METALAabc_REV_6x7.59001.peg.1455-MONOMER,0.0,-1.0571072102745597e-06
METALAabc_FWD_6x7.59001.peg.1455-MONOMER,0.0,-1.5279736375030427e-06
METALAabc_REV_6x7.59001.peg.1454-MONOMER,0.0,-1.3951345323678813e-06
METALAabc_FWD_6x7.59001.peg.1454-MONOMER,0.0,-1.8660009595963643e-06
METALAabc_REV_6x7.59001.peg.959-MONOMER,0.0,-2.0583718734613056e-06
METALAabc_FWD_6x7.59001.peg.959-MONOMER,0.0,-2.5292383006897888e-06
METALAabc_REV_6x7.59001.peg.1452-MONOMER,0.0,-3.2370722530192735e-07
METALAabc_FWD_6x7.59001.peg.1452-MONOMER,0.0,-7.945736525304104e-07
METALAabc_REV_6x7.59001.peg.238-MONOMER,0.0,-1.0263877334566673e-06
METALAabc_FWD_6x7.59001.peg.238-MONOMER,0.0,-1.4972541606851503e-06
METAT_REV_6x7.59001.peg.2813-MONOMER_mod_cs(4)_mod_zn2(1),0.0,-7.563587850022077e-07
METAT_FWD_6x7.59001.peg.2813-MONOMER_mod_cs(4)_mod_zn2(1),0.0,-1.829118223652954e-14
METAT_REV_6x7.59001.peg.2813-MONOMER_mod_tl(4)_mod_ni2(1),0.0,-7.56451707464981e-07
METAT_FWD_6x7.59001.peg.2813-MONOMER_mod_tl(4)_mod_ni2(1),0.0,-9.294075395552388e-11
METAT_REV_6x7.59001.peg.2813-MONOMER_mod_tl(4)_mod_mn2(1),0.0,-7.565015437307124e-07
METAT_FWD_6x7.59001.peg.2813-MONOMER_mod_tl(4)_mod_mn2(1),0.0,-1.4277701968700996e-10
METAT_REV_6x7.59001.peg.2813-MONOMER_mod_nh4(4)_mod_cobalt2(1),0.0,-7.57607473948342e-07
METAT_FWD_6x7.59001.peg.2813-MONOMER_mod_nh4(4)_mod_cobalt2(1),0.0,-1.2487072373164752e-09
METAT_REV_6x7.59001.peg.2813-MONOMER_mod_tl(4)_mod_ca2(1),0.0,-7.567070565962933e-07
METAT_FWD_6x7.59001.peg.2813-MONOMER_mod_tl(4)_mod_ca2(1),0.0,-3.482898852678155e-10
METAT_REV_6x7.59001.peg.2813-MONOMER_mod_nh4(4)_mod_ca2(1),0.0,-7.578694333995873e-07
METAT_FWD_6x7.59001.peg.2813-MONOMER_mod_nh4(4)_mod_ca2(1),0.0,-1.510666688561869e-09
METAT_REV_6x7.59001.peg.2813-MONOMER_mod_cs(4)_mod_ca2(1),0.0,-7.567070565962933e-07
METAT_FWD_6x7.59001.peg.2813-MONOMER_mod_cs(4)_mod_ca2(1),0.0,-3.482898852678155e-10
METAT_REV_6x7.59001.peg.2813-MONOMER_mod_k(4)_mod_ni2(1),0.0,-7.564516220204683e-07
METAT_FWD_6x7.59001.peg.2813-MONOMER_mod_k(4)_mod_ni2(1),0.0,-9.285530944277334e-11
METAT_REV_6x7.59001.peg.2813-MONOMER_mod_k(4)_mod_ca2(1),0.0,-7.567067865249085e-07
METAT_FWD_6x7.59001.peg.2813-MONOMER_mod_k(4)_mod_ca2(1),0.0,-3.480198138830663e-10
METAT_REV_6x7.59001.peg.2813-MONOMER_mod_k(4)_mod_zn2(1),0.0,-7.563587667110254e-07
METAT_FWD_6x7.59001.peg.2813-MONOMER_mod_k(4)_mod_zn2(1),0.0055341317252228595,-5.598116522753467e-39
METAT_REV_6x7.59001.peg.2813-MONOMER_mod_nh4(4)_mod_mg2(1),0.0,-7.580887595377075e-07
METAT_FWD_6x7.59001.peg.2813-MONOMER_mod_nh4(4)_mod_mg2(1),0.0,-1.729992826682097e-09
METAT_REV_6x7.59001.peg.2813-MONOMER_mod_tl(4)_mod_cobalt2(1),0.0,-7.564451071528615e-07
METAT_FWD_6x7.59001.peg.2813-MONOMER_mod_tl(4)_mod_cobalt2(1),0.0,-8.634044183608617e-11
METAT_REV_6x7.59001.peg.2813-MONOMER_mod_na1(4)_mod_mn2(1),0.0,-7.573875298918915e-07
METAT_FWD_6x7.59001.peg.2813-MONOMER_mod_na1(4)_mod_mn2(1),0.0,-1.0287631808660947e-09
METAT_REV_6x7.59001.peg.2813-MONOMER_mod_nh4(4)_mod_ni2(1),0.0,-7.576140733397998e-07
METAT_FWD_6x7.59001.peg.2813-MONOMER_mod_nh4(4)_mod_ni2(1),0.0,-1.2553066287743793e-09
METAT_REV_6x7.59001.peg.2813-MONOMER_mod_na1(4)_mod_cobalt2(1),0.0,-7.573311015609183e-07
METAT_FWD_6x7.59001.peg.2813-MONOMER_mod_na1(4)_mod_cobalt2(1),0.0,-9.723348498929225e-10
METAT_REV_6x7.59001.peg.2813-MONOMER_mod_na1(4)_mod_mg2(1),0.0,-7.578123005628273e-07
METAT_FWD_6x7.59001.peg.2813-MONOMER_mod_na1(4)_mod_mg2(1),0.0,-1.4535338518018252e-09
METAT_REV_6x7.59001.peg.2813-MONOMER_mod_nh4(4)_mod_zn2(1),0.0,-7.575211471921286e-07
METAT_FWD_6x7.59001.peg.2813-MONOMER_mod_nh4(4)_mod_zn2(1),0.0,-1.1623804811030825e-09
METAT_REV_6x7.59001.peg.2813-MONOMER_mod_na1(4)_mod_zn2(1),0.0,-7.572447906700469e-07
METAT_FWD_6x7.59001.peg.2813-MONOMER_mod_na1(4)_mod_zn2(1),0.0,-8.860239590214523e-10
METAT_REV_6x7.59001.peg.2813-MONOMER_mod_tl(4)_mod_zn2(1),0.0,-7.563587850022077e-07
METAT_FWD_6x7.59001.peg.2813-MONOMER_mod_tl(4)_mod_zn2(1),0.0,-1.829118223652954e-14
METAT_REV_6x7.59001.peg.2813-MONOMER_mod_cs(4)_mod_cobalt2(1),0.0,-7.564451071528615e-07
METAT_FWD_6x7.59001.peg.2813-MONOMER_mod_cs(4)_mod_cobalt2(1),0.0,-8.634044183608617e-11
METAT_REV_6x7.59001.peg.2813-MONOMER_mod_k(4)_mod_cobalt2(1),0.0,-7.564450263860746e-07
METAT_FWD_6x7.59001.peg.2813-MONOMER_mod_k(4)_mod_cobalt2(1),0.0,-8.625967504909888e-11
METAT_REV_6x7.59001.peg.2813-MONOMER_mod_cs(4)_mod_mn2(1),0.0,-7.565015437307124e-07
METAT_FWD_6x7.59001.peg.2813-MONOMER_mod_cs(4)_mod_mn2(1),0.0,-1.4277701968700996e-10
METAT_REV_6x7.59001.peg.2813-MONOMER_mod_k(4)_mod_mg2(1),0.0,-7.569259458287447e-07
METAT_FWD_6x7.59001.peg.2813-MONOMER_mod_k(4)_mod_mg2(1),0.0,-5.671791177192046e-10
METAT_REV_6x7.59001.peg.2813-MONOMER_mod_na1(4)_mod_ni2(1),0.0,-7.573377000654837e-07
METAT_FWD_6x7.59001.peg.2813-MONOMER_mod_na1(4)_mod_ni2(1),0.0,-9.78933354458247e-10
METAT_REV_6x7.59001.peg.2813-MONOMER_mod_tl(4)_mod_cd2(1),0.0,-7.563587667110254e-07
METAT_FWD_6x7.59001.peg.2813-MONOMER_mod_tl(4)_mod_cd2(1),0.0,-1.5965378085951256e-39
METAT_REV_6x7.59001.peg.2813-MONOMER_mod_cs(4)_mod_cd2(1),0.0,-7.563587667110254e-07
METAT_FWD_6x7.59001.peg.2813-MONOMER_mod_cs(4)_mod_cd2(1),0.0,-1.5965378085951256e-39
METAT_REV_6x7.59001.peg.2813-MONOMER_mod_cs(4)_mod_mg2(1),0.0,-7.569263744235573e-07
METAT_FWD_6x7.59001.peg.2813-MONOMER_mod_cs(4)_mod_mg2(1),0.0,-5.676077125319108e-10
METAT_REV_6x7.59001.peg.2813-MONOMER_mod_k(4)_mod_cd2(1),0.0,-7.563587667110254e-07
METAT_FWD_6x7.59001.peg.2813-MONOMER_mod_k(4)_mod_cd2(1),0.0,-1.90156249228665e-39
METAT_REV_6x7.59001.peg.2813-MONOMER_mod_nh4(4)_mod_mn2(1),0.0,-7.576639123475998e-07
METAT_FWD_6x7.59001.peg.2813-MONOMER_mod_nh4(4)_mod_mn2(1),0.0,-1.3051456365743638e-09
METAT_REV_6x7.59001.peg.2813-MONOMER_mod_k(4)_mod_mn2(1),0.0,-7.56501422208361e-07
METAT_FWD_6x7.59001.peg.2813-MONOMER_mod_k(4)_mod_mn2(1),0.0,-1.426554973354502e-10
METAT_REV_6x7.59001.peg.2813-MONOMER_mod_na1(4)_mod_cd2(1),0.0,-7.572445981937932e-07
METAT_FWD_6x7.59001.peg.2813-MONOMER_mod_na1(4)_mod_cd2(1),0.0,-8.858314827677627e-10
METAT_REV_6x7.59001.peg.2813-MONOMER_mod_tl(4)_mod_mg2(1),0.0,-7.569263744235573e-07
METAT_FWD_6x7.59001.peg.2813-MONOMER_mod_tl(4)_mod_mg2(1),0.0,-5.676077125319108e-10
METAT_REV_6x7.59001.peg.2813-MONOMER_mod_na1(4)_mod_ca2(1),0.0,-7.575930138781235e-07
METAT_FWD_6x7.59001.peg.2813-MONOMER_mod_na1(4)_mod_ca2(1),0.0,-1.2342471670980998e-09
METAT_REV_6x7.59001.peg.2813-MONOMER_mod_cs(4)_mod_ni2(1),0.0,-7.56451707464981e-07
METAT_FWD_6x7.59001.peg.2813-MONOMER_mod_cs(4)_mod_ni2(1),0.0,-9.294075395552388e-11
METAT_REV_6x7.59001.peg.2813-MONOMER_mod_nh4(4)_mod_cd2(1),0.0,-7.575208946853972e-07
METAT_FWD_6x7.59001.peg.2813-MONOMER_mod_nh4(4)_mod_cd2(1),0.0,-1.1621279743717642e-09
METB1_REV_6x7.59001.peg.3243-MONOMER_mod_pydx5p(1),0.0,-4.594045929963612e-06
METB1_FWD_6x7.59001.peg.3243-MONOMER_mod_pydx5p(1),0.0,8.4071271985074e-40
METDabc_REV_CPLX_METDabc-0,0.0,-3.287424264937674e-06
METDabc_FWD_CPLX_METDabc-0,0.0,-1.383480132347119e-39
METFR_REV_6x7.59001.peg.3298-MONOMER_mod_fad(1),0.0,-5.872534287752888e-07
METFR_FWD_6x7.59001.peg.3298-MONOMER_mod_fad(1),0.0,-1.5736496009719777e-06
METS_REV_6x7.59001.peg.171-MONOMER_mod_zn2(1)_mod_cbl1(1),0.0,-2.0583087626272813e-06
METS_FWD_6x7.59001.peg.171-MONOMER_mod_zn2(1)_mod_cbl1(1),0.04650672552177688,-6.306671234507879e-38
METSOX1abc_REV_CPLX_METDabc-0,0.0,-3.1632567729460263e-06
METSOX1abc_FWD_CPLX_METDabc-0,0.0,-1.2416749199164795e-07
METSOX2abc_REV_CPLX_METDabc-0,0.0,-3.287424264937674e-06
METSOX2abc_FWD_CPLX_METDabc-0,0.0,-1.383480132347119e-39
METSOXR1r_REV_6x7.59001.peg.341-MONOMER,0.0,-9.169221202953265e-35
METSOXR1r_FWD_6x7.59001.peg.341-MONOMER,0.0,-1.7677082942470872e-06
METabc_REV_CPLX_METDabc-0,0.0,-1.1529072432764838e-06
METabc_FWD_CPLX_METDabc-0,0.0,-2.1345170216611904e-06
MG2abc_REV_CPLX_dummy,0.0,5.470496151311596e-06
MG2abc_FWD_CPLX_dummy,0.0,-7.881705258561237e-06
MGSA_REV_6x7.59001.peg.1225-MONOMER,0.0,1.1178834336957367e-05
MGSA_FWD_6x7.59001.peg.1225-MONOMER,0.0,-1.3923476185756637e-05
MGt5_REV_6x7.59001.peg.99-MONOMER,0.0025218325235514837,0.0
MGt5_FWD_6x7.59001.peg.99-MONOMER,0.0,-3.1248918791281843e-06
MGt5_REV_6x7.59001.peg.1669-MONOMER,0.0,-9.73953366951219e-07
MGt5_FWD_6x7.59001.peg.1669-MONOMER,0.0,-4.098845246079403e-06
MI1PP_REV_6x7.59001.peg.2668-MONOMER_mod_mg2(1),0.0,-1.4255481972793087e-06
MI1PP_FWD_6x7.59001.peg.2668-MONOMER_mod_mg2(1),0.0,1.034033854337232e-40
MI3PP_REV_6x7.59001.peg.2668-MONOMER_mod_mg2(1),0.0,-1.4255481972793087e-06
MI3PP_FWD_6x7.59001.peg.2668-MONOMER_mod_mg2(1),0.0,1.034033854337232e-40
MI4PP_REV_6x7.59001.peg.2668-MONOMER_mod_mg2(1),0.0,-1.4255481972793087e-06
MI4PP_FWD_6x7.59001.peg.2668-MONOMER_mod_mg2(1),0.0,1.034033854337232e-40
MLTP1_REV_6x7.59001.peg.3136-MONOMER_mod_pydx5p(1),0.0,-2.8924199832113256e-06
MLTP1_FWD_6x7.59001.peg.3136-MONOMER_mod_pydx5p(1),0.0,-7.39167278477867e-07
MLTP2_REV_6x7.59001.peg.3136-MONOMER_mod_pydx5p(1),0.0,-2.8924199832113256e-06
MLTP2_FWD_6x7.59001.peg.3136-MONOMER_mod_pydx5p(1),0.0,-7.39167278477867e-07
MLTP3_REV_6x7.59001.peg.3136-MONOMER_mod_pydx5p(1),0.0,-2.8924199832113256e-06
MLTP3_FWD_6x7.59001.peg.3136-MONOMER_mod_pydx5p(1),0.0,-7.39167278477867e-07
MNLpts_REV_6x7.59001.peg.1088-MONOMER,0.0,-2.7091869535507224e-06
MNLpts_FWD_6x7.59001.peg.1088-MONOMER,0.0,-4.296448389668948e-39
MNNH_REV_6x7.59001.peg.2156-MONOMER,0.0,-1.099812139379017e-06
MNNH_FWD_6x7.59001.peg.2156-MONOMER,0.0,5.9053782115335e-40
MNt2_REV_6x7.59001.peg.1099-MONOMER,0.0,-4.800813316471678e-06
MNt2_FWD_6x7.59001.peg.1099-MONOMER,0.001337596995863439,-8.094714773935218e-40
MOAT_REV_CPLX_dummy,0.0,-2.4112091072496414e-06
MOAT_FWD_CPLX_dummy,0.007055889864826238,9.5504746119582e-39
MOAT3C_REV_CPLX_dummy,0.0,-2.4112091072496414e-06
MOAT3C_FWD_CPLX_dummy,0.007055889864826238,-2.4885039481862913e-38
MOHMT_REV_6x7.59001.peg.643-MONOMER_mod_mg2(1),0.0,-3.540376965421608e-06
MOHMT_FWD_6x7.59001.peg.643-MONOMER_mod_mg2(1),0.0,-9.969620178979436e-40
MTAN_REV_6x7.59001.peg.2621-MONOMER,0.0,-1.8052724183259855e-06
MTAN_FWD_6x7.59001.peg.2621-MONOMER,0.0,-1.3460230004886885e-39
MTHFC_REV_6x7.59001.peg.2535-MONOMER,0.0,-1.8079399294479699e-06
MTHFC_FWD_6x7.59001.peg.2535-MONOMER,0.009038598999762157,-1.0040057279541577e-38
MTHFC_REV_6x7.59001.peg.1594-MONOMER,0.0,-2.3468213832975596e-06
MTHFC_FWD_6x7.59001.peg.1594-MONOMER,0.0,-5.388814538495898e-07
MTHFD_REV_6x7.59001.peg.2535-MONOMER,0.0,-1.8079399294479699e-06
MTHFD_FWD_6x7.59001.peg.2535-MONOMER,0.009038598999762157,-3.718042616692673e-39
MTHPTGHM_REV_6x7.59001.peg.114-MONOMER_mod_zn2(1),0.0,4.9349983089530814e-05
MTHPTGHM_FWD_6x7.59001.peg.114-MONOMER_mod_zn2(1),0.0,-5.269959400205205e-05
NACt2r_REV_CPLX_dummy,0.0,-2.4112091072496414e-06
NACt2r_FWD_CPLX_dummy,0.9991262924620271,-2.1915414159406803e-40
NADH10_REV_6x7.59001.peg.1945-MONOMER_mod_mg2(1)_mod_cu(1)_mod_fad(1),0.0,-3.1678765597923946e-06
NADH10_FWD_6x7.59001.peg.1945-MONOMER_mod_mg2(1)_mod_cu(1)_mod_fad(1),0.0,7.803626532771054e-37
NADH5_REV_6x7.59001.peg.1945-MONOMER_mod_mg2(1)_mod_cu(1)_mod_fad(1),0.0,-8.056002095053838e-07
NADH5_FWD_6x7.59001.peg.1945-MONOMER_mod_mg2(1)_mod_cu(1)_mod_fad(1),0.0,-2.362276350287011e-06
NADH6_REV_CPLX_NADH6-0_mod_2fe2s(1)_mod_4fe4s(1)_mod_fmn(1),0.0,-1.0113841895133609e-05
NADH6_FWD_CPLX_NADH6-0_mod_2fe2s(1)_mod_4fe4s(1)_mod_fmn(1),9.73856482704599e-22,2.886597015206559e-37
NADH9_REV_6x7.59001.peg.1945-MONOMER_mod_mg2(1)_mod_cu(1)_mod_fad(1),0.0,-2.0285370280109756e-06
NADH9_FWD_6x7.59001.peg.1945-MONOMER_mod_mg2(1)_mod_cu(1)_mod_fad(1),0.0,-1.1393395317814188e-06
NADK_REV_6x7.59001.peg.2577-MONOMER_mod_mg2(1),0.0,-3.400213293199833e-06
NADK_FWD_6x7.59001.peg.2577-MONOMER_mod_mg2(1),7.357207098677253e-08,5.0384791158358504e-39
NADK2_REV_6x7.59001.peg.2577-MONOMER_mod_mg2(1),0.0,-3.400213293199833e-06
NADK2_FWD_6x7.59001.peg.2577-MONOMER_mod_mg2(1),0.0,5.0384791158358504e-39
NADS1_REV_6x7.59001.peg.733-MONOMER,0.0,-2.923271592708965e-06
NADS1_FWD_6x7.59001.peg.733-MONOMER,0.0008737075379728838,-3.9764797026124436e-38
NADS2_REV_6x7.59001.peg.733-MONOMER,0.0,-8.830062016111973e-07
NADS2_FWD_6x7.59001.peg.733-MONOMER,0.0,-2.040265391097768e-06
NAPRT_REV_6x7.59001.peg.1188-MONOMER,0.0,-2.7334448814639753e-07
NAPRT_FWD_6x7.59001.peg.1188-MONOMER,0.0,-2.6845535953960387e-06
NAt3_REV_6x7.59001.peg.2872-MONOMER,0.0,-4.321200336392425e-06
NAt3_FWD_6x7.59001.peg.2872-MONOMER,0.0,-6.810267885107587e-07
NAt3_REV_6x7.59001.peg.540-MONOMER,0.0,-4.943337868419516e-06
NAt3_FWD_6x7.59001.peg.540-MONOMER,0.0,-1.3031643205378496e-06
NCAMabc_REV_CPLX_dummy,0.0,-2.4112091072496414e-06
NCAMabc_FWD_CPLX_dummy,0.0,-7.718922652602477e-39
NDPK1_REV_6x7.59001.peg.2655-MONOMER_mod_mn2(1),0.0,5.821110012437265e-39
NDPK1_FWD_6x7.59001.peg.2655-MONOMER_mod_mn2(1),3.0900515707660268,-5.821110012437265e-39
NDPK1_REV_6x7.59001.peg.2655-MONOMER_mod_ca2(1),0.0,-3.717117948112043e-10
NDPK1_FWD_6x7.59001.peg.2655-MONOMER_mod_ca2(1),0.0,-3.717117948112043e-10
NDPK1_REV_6x7.59001.peg.2655-MONOMER_mod_mg2(1),0.0,-7.687664901999121e-10
NDPK1_FWD_6x7.59001.peg.2655-MONOMER_mod_mg2(1),0.0,-7.687664901999121e-10
NDPK2_REV_6x7.59001.peg.2655-MONOMER_mod_mn2(1),0.0,2.878031631484808e-39
NDPK2_FWD_6x7.59001.peg.2655-MONOMER_mod_mn2(1),0.11488687471571625,-2.878031631484808e-39
NDPK2_REV_6x7.59001.peg.2655-MONOMER_mod_ca2(1),0.0,-3.717117948112043e-10
NDPK2_FWD_6x7.59001.peg.2655-MONOMER_mod_ca2(1),0.0,-3.717117948112043e-10
NDPK2_REV_6x7.59001.peg.2655-MONOMER_mod_mg2(1),0.0,-7.687664901999121e-10
NDPK2_FWD_6x7.59001.peg.2655-MONOMER_mod_mg2(1),0.0,-7.687664901999121e-10
NDPK3_REV_6x7.59001.peg.2655-MONOMER_mod_mn2(1),0.0,-5.756063262969616e-39
NDPK3_FWD_6x7.59001.peg.2655-MONOMER_mod_mn2(1),0.16834460985919003,5.756063262969616e-39
NDPK3_REV_6x7.59001.peg.2655-MONOMER_mod_ca2(1),0.0,-3.717117948112043e-10
NDPK3_FWD_6x7.59001.peg.2655-MONOMER_mod_ca2(1),0.0,-3.717117948112043e-10
NDPK3_REV_6x7.59001.peg.2655-MONOMER_mod_mg2(1),0.0,-7.687664901999121e-10
NDPK3_FWD_6x7.59001.peg.2655-MONOMER_mod_mg2(1),0.0,-7.687664901999121e-10
NDPK4_REV_6x7.59001.peg.2655-MONOMER_mod_mn2(1),0.0,5.756063262969616e-39
NDPK4_FWD_6x7.59001.peg.2655-MONOMER_mod_mn2(1),0.01741483698705163,-5.756063262969616e-39
NDPK4_REV_6x7.59001.peg.2655-MONOMER_mod_ca2(1),0.0,-3.717117948112043e-10
NDPK4_FWD_6x7.59001.peg.2655-MONOMER_mod_ca2(1),0.0,-3.717117948112043e-10
NDPK4_REV_6x7.59001.peg.2655-MONOMER_mod_mg2(1),0.0,-7.687664901999121e-10
NDPK4_FWD_6x7.59001.peg.2655-MONOMER_mod_mg2(1),0.0,-7.687664901999121e-10
NDPK5_REV_6x7.59001.peg.2655-MONOMER_mod_mn2(1),0.0,-2.878031631484808e-39
NDPK5_FWD_6x7.59001.peg.2655-MONOMER_mod_mn2(1),0.0,2.878031631484808e-39
NDPK5_REV_6x7.59001.peg.2655-MONOMER_mod_ca2(1),0.0,-3.717117948112043e-10
NDPK5_FWD_6x7.59001.peg.2655-MONOMER_mod_ca2(1),0.0,-3.717117948112043e-10
NDPK5_REV_6x7.59001.peg.2655-MONOMER_mod_mg2(1),0.0,-7.687664901999121e-10
NDPK5_FWD_6x7.59001.peg.2655-MONOMER_mod_mg2(1),0.0,-7.687664901999121e-10
NDPK6_REV_6x7.59001.peg.2655-MONOMER_mod_mn2(1),0.0,-6.907275915563539e-38
NDPK6_FWD_6x7.59001.peg.2655-MONOMER_mod_mn2(1),0.0,6.907275915563539e-38
NDPK6_REV_6x7.59001.peg.2655-MONOMER_mod_ca2(1),0.0,-3.717117948112043e-10
NDPK6_FWD_6x7.59001.peg.2655-MONOMER_mod_ca2(1),0.0,-3.717117948112043e-10
NDPK6_REV_6x7.59001.peg.2655-MONOMER_mod_mg2(1),0.0,-7.687664901999121e-10
NDPK6_FWD_6x7.59001.peg.2655-MONOMER_mod_mg2(1),0.0,-7.687664901999121e-10
NDPK7_REV_6x7.59001.peg.2655-MONOMER_mod_mn2(1),0.0,-1.1512126525939232e-38
NDPK7_FWD_6x7.59001.peg.2655-MONOMER_mod_mn2(1),0.0,1.1512126525939232e-38
NDPK7_REV_6x7.59001.peg.2655-MONOMER_mod_ca2(1),0.0,-3.717117948112043e-10
NDPK7_FWD_6x7.59001.peg.2655-MONOMER_mod_ca2(1),0.0,-3.717117948112043e-10
NDPK7_REV_6x7.59001.peg.2655-MONOMER_mod_mg2(1),0.0,-7.687664901999121e-10
NDPK7_FWD_6x7.59001.peg.2655-MONOMER_mod_mg2(1),0.0,-7.687664901999121e-10
NDPK8_REV_6x7.59001.peg.2655-MONOMER_mod_mn2(1),0.0,-5.756063262969616e-39
NDPK8_FWD_6x7.59001.peg.2655-MONOMER_mod_mn2(1),0.0,5.756063262969616e-39
NDPK8_REV_6x7.59001.peg.2655-MONOMER_mod_ca2(1),0.0,-3.717117948112043e-10
NDPK8_FWD_6x7.59001.peg.2655-MONOMER_mod_ca2(1),0.0,-3.717117948112043e-10
NDPK8_REV_6x7.59001.peg.2655-MONOMER_mod_mg2(1),0.0,-7.687664901999121e-10
NDPK8_FWD_6x7.59001.peg.2655-MONOMER_mod_mg2(1),0.0,-7.687664901999121e-10
NDPK9_REV_6x7.59001.peg.2655-MONOMER_mod_mn2(1),878.2532974222974,7.19507907871202e-40
NDPK9_FWD_6x7.59001.peg.2655-MONOMER_mod_mn2(1),878.2532974222974,-7.19507907871202e-40
NDPK9_REV_6x7.59001.peg.2655-MONOMER_mod_ca2(1),0.0,-3.717117948112043e-10
NDPK9_FWD_6x7.59001.peg.2655-MONOMER_mod_ca2(1),0.0,-3.717117948112043e-10
NDPK9_REV_6x7.59001.peg.2655-MONOMER_mod_mg2(1),0.0,-7.687664901999121e-10
NDPK9_FWD_6x7.59001.peg.2655-MONOMER_mod_mg2(1),0.0,-7.687664901999121e-10
NH4tb_REV_6x7.59001.peg.963-MONOMER,3.3846791140555506,0.0
NH4tb_FWD_6x7.59001.peg.963-MONOMER,0.0,-5.374055011982951e-06
NIabc_REV_6x7.59001.peg.2496-MONOMER,0.0,-4.46238879313369e-06
NIabc_FWD_6x7.59001.peg.2496-MONOMER,0.0,-2.1118223222483317e-39
NMNDA_REV_6x7.59001.peg.1975-MONOMER,0.0,-1.6527310816353722e-06
NMNDA_FWD_6x7.59001.peg.1975-MONOMER,1.0,-5.445927315735479e-39
NMNP_REV_6x7.59001.peg.2831-MONOMER,0.0,-3.0235316641440905e-06
NMNP_FWD_6x7.59001.peg.2831-MONOMER,1.0,2.0367871148187973e-39
NNAM_REV_6x7.59001.peg.1430-MONOMER,0.0,1.1746206456422708e-05
NNAM_FWD_6x7.59001.peg.1430-MONOMER,0.0,-1.4004135441762974e-05
NNATr_REV_6x7.59001.peg.2483-MONOMER_mod_mg2(1),0.0,1.4409994073432543e-05
NNATr_FWD_6x7.59001.peg.2483-MONOMER_mod_mg2(1),0.0,-1.7753100708377063e-05
NNDMBRT_REV_6x7.59001.peg.1731-MONOMER,0.0,-3.122730046925148e-06
NNDMBRT_FWD_6x7.59001.peg.1731-MONOMER,0.0,-1.9055683370992885e-39
NNDPR_REV_CPLX_dummy,0.0,-2.4112091072496414e-06
NNDPR_FWD_CPLX_dummy,0.0,9.154772123897868e-40
NO2rPmq_REV_CPLX_dummy,0.0,-2.4112091072496414e-06
NO2rPmq_FWD_CPLX_dummy,0.3158921681244361,-6.390240413336466e-38
NO2t2_REV_6x7.59001.peg.220-MONOMER,0.0,-2.351851084886716e-06
NO2t2_FWD_6x7.59001.peg.220-MONOMER,0.526364335327273,1.3609723383605293e-40
NO3R1_REV_6x7.59001.peg.1073-MONOMER,0.0,-8.972376785478397e-07
NO3R1_FWD_6x7.59001.peg.1073-MONOMER,1.0,-1.150860936022445e-37
NO3R1_REV_CPLX_NO3R1-1,0.0,-2.0962700849636453e-06
NO3R1_FWD_CPLX_NO3R1-1,0.0,-1.1990324064158056e-06
NO3R1_REV_CPLX_NO3R1-0,0.0,-1.9525824084627437e-06
NO3R1_FWD_CPLX_NO3R1-0,0.0,-1.0553447299149038e-06
NO3R2_REV_6x7.59001.peg.1073-MONOMER,0.0,1.4650386717391713e-06
NO3R2_FWD_6x7.59001.peg.1073-MONOMER,0.0,-2.362276350287011e-06
NO3R2_REV_CPLX_NO3R1-0,0.0,4.0969394182426726e-07
NO3R2_FWD_CPLX_NO3R1-0,0.0,-3.4176210802019148e-06
NO3rPmq_REV_CPLX_dummy,0.0,5.2480912355603016e-06
NO3rPmq_FWD_CPLX_dummy,0.0,-7.659300342809942e-06
NO3t2_REV_6x7.59001.peg.220-MONOMER,0.0,-2.351851084886716e-06
NO3t2_FWD_6x7.59001.peg.220-MONOMER,1.0,-1.7692640398686883e-39
NO3t7_REV_CPLX_dummy,0.0,-1.2056045536248207e-06
NO3t7_FWD_CPLX_dummy,0.0,-1.2056045536248207e-06
NODOx_REV_6x7.59001.peg.2671-MONOMER_mod_fad(1)_mod_pheme(1),0.0,0.00013683047825275514
NODOx_FWD_6x7.59001.peg.2671-MONOMER_mod_fad(1)_mod_pheme(1),0.0,-0.00013921164912214057
NODOy_REV_6x7.59001.peg.2671-MONOMER_mod_fad(1)_mod_pheme(1),0.0,0.00013741773168153044
NODOy_FWD_6x7.59001.peg.2671-MONOMER_mod_fad(1)_mod_pheme(1),0.0,-0.00013979890255091585
NOPHMO_REV_6x7.59001.peg.121-MONOMER,0.0,5.272436399873906e-05
NOPHMO_FWD_6x7.59001.peg.121-MONOMER,0.0,-5.6388952285535166e-05
NP1_r_REV_6x7.59001.peg.452-MONOMER,0.0,-2.43405226371825e-07
NP1_r_FWD_6x7.59001.peg.452-MONOMER,0.0,2.2364897734107467e-39
NPHS_REV_6x7.59001.peg.2221-MONOMER_mod_hco3(1),0.0,-1.4675443112997534e-06
NPHS_FWD_6x7.59001.peg.2221-MONOMER_mod_hco3(1),0.001747116306140054,-7.394744671545558e-39
NT5C_REV_6x7.59001.peg.991-MONOMER_mod_zn2(1),0.0,1.4138569760812705e-05
NT5C_FWD_6x7.59001.peg.991-MONOMER_mod_zn2(1),0.0,-1.5454596886451e-05
NT5C_REV_6x7.59001.peg.991-MONOMER_mod_cobalt2(1),0.0,1.4138355998990531e-05
NT5C_FWD_6x7.59001.peg.991-MONOMER_mod_cobalt2(1),0.0,-1.5454810648273174e-05
NTD1_REV_6x7.59001.peg.991-MONOMER_mod_zn2(1),0.0,8.687403509251657e-06
NTD1_FWD_6x7.59001.peg.991-MONOMER_mod_zn2(1),0.0,-1.0003430634889951e-05
NTD1_REV_6x7.59001.peg.991-MONOMER_mod_cobalt2(1),0.0,8.687189747429484e-06
NTD1_FWD_6x7.59001.peg.991-MONOMER_mod_cobalt2(1),0.0,-1.0003644396712125e-05
NTD1_REV_6x7.59001.peg.2725-MONOMER_mod_cobalt2(1),0.0,8.50450823967568e-06
NTD1_FWD_6x7.59001.peg.2725-MONOMER_mod_cobalt2(1),0.0,-1.018632590446593e-05
NTD10_REV_6x7.59001.peg.991-MONOMER_mod_zn2(1),0.0,1.6162189904215897e-05
NTD10_FWD_6x7.59001.peg.991-MONOMER_mod_zn2(1),0.0,-1.747821702985419e-05
NTD10_REV_6x7.59001.peg.991-MONOMER_mod_cobalt2(1),0.0,1.6161976142393723e-05
NTD10_FWD_6x7.59001.peg.991-MONOMER_mod_cobalt2(1),0.0,-1.7478430791676363e-05
NTD11_REV_6x7.59001.peg.991-MONOMER_mod_zn2(1),0.0,8.602693617667356e-06
NTD11_FWD_6x7.59001.peg.991-MONOMER_mod_zn2(1),0.0,-9.91872074330565e-06
NTD11_REV_6x7.59001.peg.991-MONOMER_mod_cobalt2(1),0.0,8.602479855845184e-06
NTD11_FWD_6x7.59001.peg.991-MONOMER_mod_cobalt2(1),0.0,-9.918934505127824e-06
NTD2_REV_6x7.59001.peg.991-MONOMER_mod_zn2(1),0.0,8.185828285686915e-06
NTD2_FWD_6x7.59001.peg.991-MONOMER_mod_zn2(1),0.0,-9.50185541132521e-06
NTD2_REV_6x7.59001.peg.991-MONOMER_mod_cobalt2(1),0.0,8.185614523864741e-06
NTD2_FWD_6x7.59001.peg.991-MONOMER_mod_cobalt2(1),0.0,-9.502069173147382e-06
NTD3_REV_6x7.59001.peg.991-MONOMER_mod_zn2(1),0.0,1.8120534777709996e-05
NTD3_FWD_6x7.59001.peg.991-MONOMER_mod_zn2(1),0.0,-1.9436561903348288e-05
NTD3_REV_6x7.59001.peg.991-MONOMER_mod_cobalt2(1),0.0,1.812032101588782e-05
NTD3_FWD_6x7.59001.peg.991-MONOMER_mod_cobalt2(1),0.0,-1.9436775665170462e-05
NTD4_REV_6x7.59001.peg.991-MONOMER_mod_zn2(1),0.0,-1.316027125638294e-06
NTD4_FWD_6x7.59001.peg.991-MONOMER_mod_zn2(1),0.0,-5.8121531839856994e-40
NTD4_REV_6x7.59001.peg.991-MONOMER_mod_cobalt2(1),0.0,-1.3162408874604676e-06
NTD4_FWD_6x7.59001.peg.991-MONOMER_mod_cobalt2(1),0.0,-2.1376182217371935e-10
NTD5_REV_6x7.59001.peg.991-MONOMER_mod_zn2(1),0.0,8.687403509251657e-06
NTD5_FWD_6x7.59001.peg.991-MONOMER_mod_zn2(1),0.0,-1.0003430634889951e-05
NTD5_REV_6x7.59001.peg.991-MONOMER_mod_cobalt2(1),0.0,8.687189747429484e-06
NTD5_FWD_6x7.59001.peg.991-MONOMER_mod_cobalt2(1),0.0,-1.0003644396712125e-05
NTD5_a_REV_6x7.59001.peg.991-MONOMER_mod_zn2(1),0.0,4.370332709021769e-07
NTD5_a_FWD_6x7.59001.peg.991-MONOMER_mod_zn2(1),0.0,-1.7530603965404709e-06
NTD5_a_REV_6x7.59001.peg.991-MONOMER_mod_cobalt2(1),0.0,4.3681950908000314e-07
NTD5_a_FWD_6x7.59001.peg.991-MONOMER_mod_cobalt2(1),0.0,-1.7532741583626445e-06
NTD5_a_REV_6x7.59001.peg.3282-MONOMER_mod_mg2(1),0.0,4.939660834305702e-07
NTD5_a_FWD_6x7.59001.peg.3282-MONOMER_mod_mg2(1),0.0,-1.6961275840120775e-06
NTD6_REV_6x7.59001.peg.991-MONOMER_mod_zn2(1),0.0,1.755155198850108e-05
NTD6_FWD_6x7.59001.peg.991-MONOMER_mod_zn2(1),0.0,-1.8867579114139375e-05
NTD6_REV_6x7.59001.peg.991-MONOMER_mod_cobalt2(1),0.0,1.7551338226678905e-05
NTD6_FWD_6x7.59001.peg.991-MONOMER_mod_cobalt2(1),0.0,-1.886779287596155e-05
NTD7_REV_6x7.59001.peg.991-MONOMER_mod_zn2(1),0.0,1.7143120820583374e-05
NTD7_FWD_6x7.59001.peg.991-MONOMER_mod_zn2(1),0.0,-1.845914794622167e-05
NTD7_REV_6x7.59001.peg.991-MONOMER_mod_cobalt2(1),0.0,1.71429070587612e-05
NTD7_FWD_6x7.59001.peg.991-MONOMER_mod_cobalt2(1),0.0,-1.8459361708043844e-05
NTD8_REV_6x7.59001.peg.991-MONOMER_mod_zn2(1),0.0,1.0026880937922736e-05
NTD8_FWD_6x7.59001.peg.991-MONOMER_mod_zn2(1),0.0,-1.134290806356103e-05
NTD8_REV_6x7.59001.peg.991-MONOMER_mod_cobalt2(1),0.0,1.0026667176100562e-05
NTD8_FWD_6x7.59001.peg.991-MONOMER_mod_cobalt2(1),0.0,-1.1343121825383204e-05
NTD9_REV_6x7.59001.peg.991-MONOMER_mod_zn2(1),0.0,8.602693617667356e-06
NTD9_FWD_6x7.59001.peg.991-MONOMER_mod_zn2(1),0.0,-9.91872074330565e-06
NTD9_REV_6x7.59001.peg.991-MONOMER_mod_cobalt2(1),0.0,8.602479855845184e-06
NTD9_FWD_6x7.59001.peg.991-MONOMER_mod_cobalt2(1),0.0,-9.918934505127824e-06
NTPTP1_REV_6x7.59001.peg.2620-MONOMER_mod_mg2(1),0.0,1.600057179110761e-05
NTPTP1_FWD_6x7.59001.peg.2620-MONOMER_mod_mg2(1),0.0,-2.0284217690253794e-05
NTRIR5_REV_6x7.59001.peg.2644-MONOMER,1.526364335327273,-3.4865162027767614e-39
NTRIR5_FWD_6x7.59001.peg.2644-MONOMER,0.0,-2.6113993111647257e-07
O2t_REV_CPLX_dummy,0.0,-2.4112091072496414e-06
O2t_FWD_CPLX_dummy,0.0,6.854999147835934e-40
OAASr_REV_6x7.59001.peg.2430-MONOMER,0.0,-2.2697264054323942e-06
OAASr_FWD_6x7.59001.peg.2430-MONOMER,1.0,9.43766368741296e-39
OBTFL_REV_6x7.59001.peg.2572-MONOMER,0.0,-1.3760164711634517e-06
OBTFL_FWD_6x7.59001.peg.2572-MONOMER,0.0,-2.2221269577097554e-07
OBTFL_REV_6x7.59001.peg.2055-MONOMER_mod_glycyl(1),0.0,-1.1538037753924762e-06
OBTFL_FWD_6x7.59001.peg.2055-MONOMER_mod_glycyl(1),0.0,-1.6802361773450383e-38
OBTFL_REV_6x7.59001.peg.875-MONOMER,0.0,-2.5343449264798655e-06
OBTFL_FWD_6x7.59001.peg.875-MONOMER,0.0,-1.3805411510873893e-06
OBTFL_REV_6x7.59001.peg.858-MONOMER_mod_glycyl(1),0.0,-1.4579214539310407e-06
OBTFL_FWD_6x7.59001.peg.858-MONOMER_mod_glycyl(1),0.0,-3.0411767853856435e-07
OBTFL_REV_6x7.59001.peg.414-MONOMER,0.0,-1.8843292519197291e-06
OBTFL_FWD_6x7.59001.peg.414-MONOMER,0.0,-7.30525476527253e-07
OCBT_REV_6x7.59001.peg.2942-MONOMER,0.0,-3.1827356265415123e-06
OCBT_FWD_6x7.59001.peg.2942-MONOMER,0.0,8.409427988587081e-40
OCDCAt2_REV_6x7.59001.peg.2315-MONOMER,0.0,-1.9969017974558159e-07
OCDCAt2_FWD_6x7.59001.peg.2315-MONOMER,0.0,-1.1229147970431505e-06
OCDCAtr_REV_CPLX_dummy,0.0,-2.4112091072496414e-06
OCDCAtr_FWD_CPLX_dummy,0.024031383081258576,0.0
OHPBAT_REV_6x7.59001.peg.2051-MONOMER_mod_pydx5p(1),0.0,-1.6818000258950448e-06
OHPBAT_FWD_6x7.59001.peg.2051-MONOMER_mod_pydx5p(1),0.0,-3.763004642100106e-39
OHPHM_REV_CPLX_dummy,0.0,-2.4112091072496414e-06
OHPHM_FWD_CPLX_dummy,0.0,2.267781292615373e-38
OIVD1r_REV_CPLX_dummy,0.0,-2.4112091072496414e-06
OIVD1r_FWD_CPLX_dummy,0.024031383081258576,8.514450142009207e-36
OIVD2_REV_CPLX_dummy,0.0,-2.4112091072496414e-06
OIVD2_FWD_CPLX_dummy,0.0,-2.174720226654274e-40
OIVD3_REV_CPLX_dummy,0.0,-2.4112091072496414e-06
OIVD3_FWD_CPLX_dummy,0.024031383081258576,8.406381036132097e-36
OMBZLM_REV_CPLX_dummy,0.0,-2.4112091072496414e-06
OMBZLM_FWD_CPLX_dummy,0.0,-7.287339680295697e-38
OMMBLHX3_REV_CPLX_dummy,0.0,-2.4112091072496414e-06
OMMBLHX3_FWD_CPLX_dummy,0.0,8.74977414659935e-38
OMPDC_REV_6x7.59001.peg.1957-MONOMER,0.0,-1.825674474045461e-06
OMPDC_FWD_6x7.59001.peg.1957-MONOMER,0.0,-2.2917623642175514e-36
OMPHHX3_REV_CPLX_dummy,0.0,-2.4112091072496414e-06
OMPHHX3_FWD_CPLX_dummy,0.0,3.4292463994985576e-38
OPHBDC_REV_6x7.59001.peg.129-MONOMER_mod_mn2(1),0.0,-3.0271787075977558e-06
OPHBDC_FWD_6x7.59001.peg.129-MONOMER_mod_mn2(1),0.0,-4.504514209743741e-07
OPHBDC_REV_6x7.59001.peg.2273-MONOMER,0.0,-2.5767272866233814e-06
OPHBDC_FWD_6x7.59001.peg.2273-MONOMER,0.0,-1.6186048768129166e-38
OPHHX3_REV_CPLX_dummy,0.0,-2.4112091072496414e-06
OPHHX3_FWD_CPLX_dummy,0.0,-1.7852864588904612e-37
ORNDC_REV_6x7.59001.peg.226-MONOMER,0.0,-1.1669274499031952e-06
ORNDC_FWD_6x7.59001.peg.226-MONOMER,0.0,-3.856176772016752e-07
ORNDC_REV_6x7.59001.peg.2852-MONOMER_mod_pydx5p(1),0.0,-1.3578119969566636e-06
ORNDC_FWD_6x7.59001.peg.2852-MONOMER_mod_pydx5p(1),0.0,-5.765022242551435e-07
ORNDC_REV_6x7.59001.peg.227-MONOMER,0.0,-1.2096493465747537e-06
ORNDC_FWD_6x7.59001.peg.227-MONOMER,0.0,-4.2833957387323366e-07
ORNDC_REV_6x7.59001.peg.2851-MONOMER,0.0,-1.2242174227212203e-06
ORNDC_FWD_6x7.59001.peg.2851-MONOMER,0.0,-4.4290765001970033e-07
ORNTAC_REV_6x7.59001.peg.3296-MONOMER_mod_zn2(1),0.0,-9.740333188039565e-07
ORNTAC_FWD_6x7.59001.peg.3296-MONOMER_mod_zn2(1),0.0,-2.5426470287241157e-06
ORNTAC_REV_6x7.59001.peg.2549-MONOMER,6.302595939359675e-23,-1.7605323151687111e-37
ORNTAC_FWD_6x7.59001.peg.2549-MONOMER,0.0,-1.5686137099201594e-06
ORNt2r_REV_CPLX_dummy,0.0,-2.030730218851728e-06
ORNt2r_FWD_CPLX_dummy,0.0,-3.804788883979134e-07
OROTPT_REV_6x7.59001.peg.35-MONOMER_mod_mg2(1),0.0,-1.8136805423889825e-06
OROTPT_FWD_6x7.59001.peg.35-MONOMER_mod_mg2(1),0.0,2.162625996463043e-39
OXOAEL_REV_6x7.59001.peg.1713-MONOMER,0.0,-3.7220407803255387e-06
OXOAEL_FWD_6x7.59001.peg.1713-MONOMER,0.0,-5.5933322821490795e-40
OXPTNDH_REV_CPLX_dummy,0.0,-4.886557457586922e-39
OXPTNDH_FWD_CPLX_dummy,0.0,-2.4112091072496414e-06
P5CD_REV_6x7.59001.peg.1552-MONOMER_mod_fad(1),0.0,5.322932808163632e-06
P5CD_FWD_6x7.59001.peg.1552-MONOMER_mod_fad(1),0.0,-1.0417054254657963e-05
P5CRyr_REV_6x7.59001.peg.3232-MONOMER,0.0,-9.540165032743143e-07
P5CRyr_FWD_6x7.59001.peg.3232-MONOMER,0.0,-1.1651702772070793e-38
PANTS_REV_6x7.59001.peg.642-MONOMER_mod_mg2(1)_mod_nh4(1),0.0,-2.7742839131915593e-06
PANTS_FWD_6x7.59001.peg.642-MONOMER_mod_mg2(1)_mod_nh4(1),0.0,-2.1065039090511183e-09
PANTS_REV_6x7.59001.peg.642-MONOMER_mod_mn2(1)_mod_k(1),0.0,-2.772177409282508e-06
PANTS_FWD_6x7.59001.peg.642-MONOMER_mod_mn2(1)_mod_k(1),0.0,6.641460826088361e-39
PANTS_REV_6x7.59001.peg.642-MONOMER_mod_mn2(1)_mod_nh4(1),0.0,-2.7730337079582187e-06
PANTS_FWD_6x7.59001.peg.642-MONOMER_mod_mn2(1)_mod_nh4(1),0.0,-8.562986757106569e-10
PANTS_REV_6x7.59001.peg.642-MONOMER_mod_mg2(1)_mod_k(1),0.0,-2.7734269707381733e-06
PANTS_FWD_6x7.59001.peg.642-MONOMER_mod_mg2(1)_mod_k(1),0.0,-1.2495614556653815e-09
PAPPT2_REV_6x7.59001.peg.592-MONOMER,0.0,-3.209403681239653e-06
PAPPT2_FWD_6x7.59001.peg.592-MONOMER,0.0,-8.477504858282923e-38
PAPPT3_REV_6x7.59001.peg.592-MONOMER,0.0,-3.209403681239653e-06
PAPPT3_FWD_6x7.59001.peg.592-MONOMER,0.0,-3.956168933865364e-38
PBt_REV_6x7.59001.peg.996-MONOMER,0.0,-3.4182433601912362e-06
PBt_FWD_6x7.59001.peg.996-MONOMER,0.0,3.784490210097038e-39
PBt_REV_6x7.59001.peg.109-MONOMER,0.0,-3.6131665231733815e-06
PBt_FWD_6x7.59001.peg.109-MONOMER,0.0,-1.9492316298214498e-07
PC11M_REV_6x7.59001.peg.1879-MONOMER,0.0,-1.7020736044159876e-06
PC11M_FWD_6x7.59001.peg.1879-MONOMER,0.0,1.1576536332172958e-38
PC17M_REV_6x7.59001.peg.1877-MONOMER,0.0,-1.6913133098985545e-06
PC17M_FWD_6x7.59001.peg.1877-MONOMER,0.0,-1.3386006244654685e-39
PC20M_REV_6x7.59001.peg.1874-MONOMER,0.0,-2.524216776084893e-06
PC20M_FWD_6x7.59001.peg.1874-MONOMER,0.0,-5.732867364015608e-38
PC6AR_REV_6x7.59001.peg.1876-MONOMER,0.0,-2.40427530821169e-06
PC6AR_FWD_6x7.59001.peg.1876-MONOMER,0.0,1.021440524413235e-37
PC6YM_REV_6x7.59001.peg.1880-MONOMER,0.0,-1.4658652020481439e-06
PC6YM_FWD_6x7.59001.peg.1880-MONOMER,0.0,-6.500644409158871e-07
PC6YM_REV_6x7.59001.peg.1881-MONOMER,0.0,-8.158007611322567e-07
PC6YM_FWD_6x7.59001.peg.1881-MONOMER,0.0,1.7266406140007315e-39
PC8XM_REV_6x7.59001.peg.1883-MONOMER,0.0,-9.524641189649876e-07
PC8XM_FWD_6x7.59001.peg.1883-MONOMER,0.0,0.0
PDHa_REV_CPLX_dummy,0.0,-1.7699234554248974e-06
PDHa_FWD_CPLX_dummy,0.0,-6.412856518247441e-07
PDHbr_REV_6x7.59001.peg.618-MONOMER,0.0,3.817907988711396e-39
PDHbr_FWD_6x7.59001.peg.618-MONOMER,0.0,-1.9104662292087014e-07
PDHc_REV_6x7.59001.peg.3291-MONOMER,0.0,1.1050055863683293e-06
PDHc_FWD_6x7.59001.peg.3291-MONOMER,0.0,-2.9583716083222167e-06
PDHc_REV_6x7.59001.peg.619-MONOMER,0.0,1.625404974437127e-06
PDHc_FWD_6x7.59001.peg.619-MONOMER,0.0,-2.437972220253419e-06
PDX5PO_REV_6x7.59001.peg.1581-MONOMER_mod_fmn(1),0.0,3.731697043926479e-05
PDX5PO_FWD_6x7.59001.peg.1581-MONOMER_mod_fmn(1),0.0,-3.905744604069676e-05
PDX5PO2_REV_6x7.59001.peg.1579-MONOMER,0.0,8.751432968266413e-07
PDX5PO2_FWD_6x7.59001.peg.1579-MONOMER,0.0,-3.0964696320489673e-06
PDX5PS_REV_6x7.59001.peg.2547-MONOMER,0.0,2.3761856931771692e-05
PDX5PS_FWD_6x7.59001.peg.2547-MONOMER,0.0,-2.591650543103999e-05
PDX5PSYN_REV_6x7.59001.peg.2559-MONOMER,0.0,-2.7476606631421737e-06
PDX5PSYN_FWD_6x7.59001.peg.2559-MONOMER,0.0,4.82166793245583e-39
PEPGLY_REV_6x7.59001.peg.3101-MONOMER,0.0,-1.8264078134898767e-06
PEPGLY_FWD_6x7.59001.peg.3101-MONOMER,0.0,-9.024758343223015e-38
PEPGLY_REV_6x7.59001.peg.651-MONOMER,0.0,-2.7722799766394827e-06
PEPGLY_FWD_6x7.59001.peg.651-MONOMER,0.0,-9.458721631496062e-07
PERD_REV_6x7.59001.peg.2282-MONOMER,0.0,-3.1519502877042107e-06
PERD_FWD_6x7.59001.peg.2282-MONOMER,0.0,1.3498349428679268e-38
PFK_REV_6x7.59001.peg.1708-MONOMER_mod_mg2(1),0.0,-2.0617365860285395e-06
PFK_FWD_6x7.59001.peg.1708-MONOMER_mod_mg2(1),0.0,-4.342388016414131e-07
PFK_REV_6x7.59001.peg.3263-MONOMER_mod_mg2(1),0.0,-1.6274977843871266e-06
PFK_FWD_6x7.59001.peg.3263-MONOMER_mod_mg2(1),1.8465411213192198,1.1004408509286211e-38
PFK_2_REV_6x7.59001.peg.3263-MONOMER_mod_mg2(1),0.0,-1.6274977843871266e-06
PFK_2_FWD_6x7.59001.peg.3263-MONOMER_mod_mg2(1),0.0,-2.6200972641157646e-40
PFK_2_REV_6x7.59001.peg.2167-MONOMER_mod_mg2(1),0.0,-1.7952050052148993e-06
PFK_2_FWD_6x7.59001.peg.2167-MONOMER_mod_mg2(1),0.0,-1.6770722082777273e-07
PFK_3_REV_6x7.59001.peg.3263-MONOMER_mod_mg2(1),0.0,-1.6274977843871266e-06
PFK_3_FWD_6x7.59001.peg.3263-MONOMER_mod_mg2(1),0.2937728394751472,3.9301458961736466e-39
PFL_REV_6x7.59001.peg.2572-MONOMER,0.0,-1.2220280408993863e-06
PFL_FWD_6x7.59001.peg.2572-MONOMER,0.0,-3.7620112603504096e-07
PFL_REV_6x7.59001.peg.2055-MONOMER_mod_glycyl(1),0.0,-9.998153451284108e-07
PFL_FWD_6x7.59001.peg.2055-MONOMER_mod_glycyl(1),0.0,-1.539884302640654e-07
PFL_REV_6x7.59001.peg.858-MONOMER_mod_glycyl(1),0.0,-1.303933023666975e-06
PFL_FWD_6x7.59001.peg.858-MONOMER_mod_glycyl(1),0.0,-4.5810610880262977e-07
PFL_REV_6x7.59001.peg.875-MONOMER,0.0,-2.3803564962158e-06
PFL_FWD_6x7.59001.peg.875-MONOMER,0.0,-1.5345295813514549e-06
PFL_REV_6x7.59001.peg.2056-MONOMER,0.0,-8.458269148643455e-07
PFL_FWD_6x7.59001.peg.2056-MONOMER,6.4387946110557674,3.2806918564125567e-39
PFL_REV_6x7.59001.peg.414-MONOMER,0.0,-1.7303408216556638e-06
PFL_FWD_6x7.59001.peg.414-MONOMER,0.0,-8.845139067913184e-07
PFL_REV_6x7.59001.peg.876-MONOMER,0.0,-1.9372917404346937e-06
PFL_FWD_6x7.59001.peg.876-MONOMER,0.0,-1.0914648255703482e-06
PFL_REV_6x7.59001.peg.415-MONOMER,0.0,-1.9745632808851125e-06
PFL_FWD_6x7.59001.peg.415-MONOMER,0.0,-1.1287363660207672e-06
PGAMT_REV_6x7.59001.peg.366-MONOMER,0.014111779729652475,-8.685946091908813e-40
PGAMT_FWD_6x7.59001.peg.366-MONOMER,0.0,-1.9908232208105305e-06
PGCDr_REV_6x7.59001.peg.2798-MONOMER,0.0,-2.841551722928156e-06
PGCDr_FWD_6x7.59001.peg.2798-MONOMER,0.0,-5.25783813128433e-38
PGI_REV_6x7.59001.peg.175-MONOMER,0.0,-1.560786031047721e-06
PGI_FWD_6x7.59001.peg.175-MONOMER,0.26269212067586883,1.7923289126191022e-39
PGK_REV_6x7.59001.peg.2805-MONOMER,5.788717468363434,1.5357538345068104e-38
PGK_FWD_6x7.59001.peg.2805-MONOMER,0.0,-2.236567543183434e-06
PGL_REV_6x7.59001.peg.1394-MONOMER,0.0,2.3484066286006583e-06
PGL_FWD_6x7.59001.peg.1394-MONOMER,0.0,-4.81451094788186e-06
PGLYCP_REV_6x7.59001.peg.3090-MONOMER_mod_mg2(1)_mod_cl(1),0.0,-3.2142952358106377e-06
PGLYCP_FWD_6x7.59001.peg.3090-MONOMER_mod_mg2(1)_mod_cl(1),0.0,4.329039544375583e-40
PGM_REV_6x7.59001.peg.2410-MONOMER_mod_23bpg(1),0.0,-4.011091686529818e-40
PGM_FWD_6x7.59001.peg.2410-MONOMER_mod_23bpg(1),0.0,-1.1899118097620527e-06
PGM_REV_6x7.59001.peg.3274-MONOMER_mod_mn2(1),5.788717468363434,2.5925941573149552e-40
PGM_FWD_6x7.59001.peg.3274-MONOMER_mod_mn2(1),0.0,-1.1899118097620527e-06
PGM_REV_6x7.59001.peg.507-MONOMER,0.0,-8.763409410193118e-07
PGM_FWD_6x7.59001.peg.507-MONOMER,0.0,-2.0662527507813645e-06
PGMT_REV_6x7.59001.peg.2447-MONOMER_mod_mg2(1),0.0,-1.6924555242310898e-06
PGMT_FWD_6x7.59001.peg.2447-MONOMER_mod_mg2(1),0.18819923067586883,-4.2030874984263474e-39
PGPP120_REV_6x7.59001.peg.938-MONOMER_mod_mg2(1),0.0,-3.211705466732644e-06
PGPP120_FWD_6x7.59001.peg.938-MONOMER_mod_mg2(1),0.0,1.3611068276782824e-39
PGPP120_REV_6x7.59001.peg.1960-MONOMER,0.0,-3.485539663599562e-06
PGPP120_FWD_6x7.59001.peg.1960-MONOMER,0.0,-2.7383419686691825e-07
PGPP140_REV_6x7.59001.peg.938-MONOMER_mod_mg2(1),0.0,-3.211705466732644e-06
PGPP140_FWD_6x7.59001.peg.938-MONOMER_mod_mg2(1),0.0,1.9509197863388715e-38
PGPP140_REV_6x7.59001.peg.1960-MONOMER,0.0,-3.485539663599562e-06
PGPP140_FWD_6x7.59001.peg.1960-MONOMER,0.0,-2.7383419686691825e-07
PGPP141_REV_6x7.59001.peg.938-MONOMER_mod_mg2(1),0.0,-3.211705466732644e-06
PGPP141_FWD_6x7.59001.peg.938-MONOMER_mod_mg2(1),0.0,1.3611068276782824e-39
PGPP141_REV_6x7.59001.peg.1960-MONOMER,0.0,-3.485539663599562e-06
PGPP141_FWD_6x7.59001.peg.1960-MONOMER,0.0,-2.7383419686691825e-07
PGPP160_REV_6x7.59001.peg.938-MONOMER_mod_mg2(1),0.0,-3.211705466732644e-06
PGPP160_FWD_6x7.59001.peg.938-MONOMER_mod_mg2(1),0.0,1.2249961449104542e-38
PGPP160_REV_6x7.59001.peg.1960-MONOMER,0.0,-3.485539663599562e-06
PGPP160_FWD_6x7.59001.peg.1960-MONOMER,0.0,-2.7383419686691825e-07
PGPP161_REV_6x7.59001.peg.938-MONOMER_mod_mg2(1),0.0,-3.211705466732644e-06
PGPP161_FWD_6x7.59001.peg.938-MONOMER_mod_mg2(1),0.0,-2.268511379463804e-39
PGPP161_REV_6x7.59001.peg.1960-MONOMER,0.0,-3.485539663599562e-06
PGPP161_FWD_6x7.59001.peg.1960-MONOMER,0.0,-2.7383419686691825e-07
PGPP180_REV_6x7.59001.peg.938-MONOMER_mod_mg2(1),0.0,-3.211705466732644e-06
PGPP180_FWD_6x7.59001.peg.938-MONOMER_mod_mg2(1),0.009011768655471966,1.2249961449104542e-38
PGPP180_REV_6x7.59001.peg.1960-MONOMER,0.0,-3.485539663599562e-06
PGPP180_FWD_6x7.59001.peg.1960-MONOMER,0.0,-2.7383419686691825e-07
PGPP181_REV_6x7.59001.peg.938-MONOMER_mod_mg2(1),0.0,-3.211705466732644e-06
PGPP181_FWD_6x7.59001.peg.938-MONOMER_mod_mg2(1),0.0,-2.268511379463804e-39
PGPP181_REV_6x7.59001.peg.1960-MONOMER,0.0,-3.485539663599562e-06
PGPP181_FWD_6x7.59001.peg.1960-MONOMER,0.0,-2.7383419686691825e-07
PGPPAI15_REV_6x7.59001.peg.938-MONOMER_mod_mg2(1),0.0,-3.211705466732644e-06
PGPPAI15_FWD_6x7.59001.peg.938-MONOMER_mod_mg2(1),0.0,2.676843427767289e-38
PGPPAI15_REV_6x7.59001.peg.1960-MONOMER,0.0,-3.485539663599562e-06
PGPPAI15_FWD_6x7.59001.peg.1960-MONOMER,0.0,-2.7383419686691825e-07
PGPPAI17_REV_6x7.59001.peg.938-MONOMER_mod_mg2(1),0.0,-3.211705466732644e-06
PGPPAI17_FWD_6x7.59001.peg.938-MONOMER_mod_mg2(1),0.009011768655471966,-2.268511379463804e-39
PGPPAI17_REV_6x7.59001.peg.1960-MONOMER,0.0,-3.485539663599562e-06
PGPPAI17_FWD_6x7.59001.peg.1960-MONOMER,0.0,-2.7383419686691825e-07
PGPPI14_REV_6x7.59001.peg.938-MONOMER_mod_mg2(1),0.0,-3.211705466732644e-06
PGPPI14_FWD_6x7.59001.peg.938-MONOMER_mod_mg2(1),0.0,0.0
PGPPI14_REV_6x7.59001.peg.1960-MONOMER,0.0,-3.485539663599562e-06
PGPPI14_FWD_6x7.59001.peg.1960-MONOMER,0.0,-2.7383419686691825e-07
PGPPI15_REV_6x7.59001.peg.938-MONOMER_mod_mg2(1),0.0,-3.211705466732644e-06
PGPPI15_FWD_6x7.59001.peg.938-MONOMER_mod_mg2(1),0.0,1.798022119363011e-36
PGPPI15_REV_6x7.59001.peg.1960-MONOMER,0.0,-3.485539663599562e-06
PGPPI15_FWD_6x7.59001.peg.1960-MONOMER,0.0,-2.7383419686691825e-07
PGPPI16_REV_6x7.59001.peg.938-MONOMER_mod_mg2(1),0.0,-3.211705466732644e-06
PGPPI16_FWD_6x7.59001.peg.938-MONOMER_mod_mg2(1),0.0,2.268511379463804e-40
PGPPI16_REV_6x7.59001.peg.1960-MONOMER,0.0,-3.485539663599562e-06
PGPPI16_FWD_6x7.59001.peg.1960-MONOMER,0.0,-2.7383419686691825e-07
PGPPI17_REV_6x7.59001.peg.938-MONOMER_mod_mg2(1),0.0,-3.211705466732644e-06
PGPPI17_FWD_6x7.59001.peg.938-MONOMER_mod_mg2(1),0.009011768655471966,1.798022119363011e-36
PGPPI17_REV_6x7.59001.peg.1960-MONOMER,0.0,-3.485539663599562e-06
PGPPI17_FWD_6x7.59001.peg.1960-MONOMER,0.0,-2.7383419686691825e-07
PGSA120_REV_6x7.59001.peg.1919-MONOMER_mod_mg2(1),0.0,-2.3035342972886594e-06
PGSA120_FWD_6x7.59001.peg.1919-MONOMER_mod_mg2(1),0.0,-9.251817685228533e-39
PGSA140_REV_6x7.59001.peg.1919-MONOMER_mod_mg2(1),0.0,-2.3035342972886594e-06
PGSA140_FWD_6x7.59001.peg.1919-MONOMER_mod_mg2(1),0.0,-5.3563155019744136e-39
PGSA141_REV_6x7.59001.peg.1919-MONOMER_mod_mg2(1),0.0,-2.3035342972886594e-06
PGSA141_FWD_6x7.59001.peg.1919-MONOMER_mod_mg2(1),0.0,-1.4608133187202946e-39
PGSA160_REV_6x7.59001.peg.1919-MONOMER_mod_mg2(1),0.0,-2.3035342972886594e-06
PGSA160_FWD_6x7.59001.peg.1919-MONOMER_mod_mg2(1),0.0,2.4346888645338244e-39
PGSA161_REV_6x7.59001.peg.1919-MONOMER_mod_mg2(1),0.0,-2.3035342972886594e-06
PGSA161_FWD_6x7.59001.peg.1919-MONOMER_mod_mg2(1),0.0,2.4346888645338244e-39
PGSA180_REV_6x7.59001.peg.1919-MONOMER_mod_mg2(1),0.0,-2.3035342972886594e-06
PGSA180_FWD_6x7.59001.peg.1919-MONOMER_mod_mg2(1),0.009011768655471966,-5.3563155019744136e-39
PGSA181_REV_6x7.59001.peg.1919-MONOMER_mod_mg2(1),0.0,-2.3035342972886594e-06
PGSA181_FWD_6x7.59001.peg.1919-MONOMER_mod_mg2(1),0.0,2.4346888645338244e-39
PGSAAI15_REV_6x7.59001.peg.1919-MONOMER_mod_mg2(1),0.0,-2.3035342972886594e-06
PGSAAI15_FWD_6x7.59001.peg.1919-MONOMER_mod_mg2(1),0.0,2.4346888645338244e-39
PGSAAI17_REV_6x7.59001.peg.1919-MONOMER_mod_mg2(1),0.0,-2.3035342972886594e-06
PGSAAI17_FWD_6x7.59001.peg.1919-MONOMER_mod_mg2(1),0.009011768655471966,2.4346888645338244e-39
PGSAI14_REV_6x7.59001.peg.1919-MONOMER_mod_mg2(1),0.0,2.7256222866430112e-05
PGSAI14_FWD_6x7.59001.peg.1919-MONOMER_mod_mg2(1),0.0,-2.9559757163718774e-05
PGSAI15_REV_6x7.59001.peg.1919-MONOMER_mod_mg2(1),0.0,-2.3035342972886594e-06
PGSAI15_FWD_6x7.59001.peg.1919-MONOMER_mod_mg2(1),0.0,-1.4364177362976657e-35
PGSAI16_REV_6x7.59001.peg.1919-MONOMER_mod_mg2(1),0.0,2.7256222866430112e-05
PGSAI16_FWD_6x7.59001.peg.1919-MONOMER_mod_mg2(1),0.0,-2.9559757163718774e-05
PGSAI17_REV_6x7.59001.peg.1919-MONOMER_mod_mg2(1),0.0,-2.3035342972886594e-06
PGSAI17_FWD_6x7.59001.peg.1919-MONOMER_mod_mg2(1),0.009011768655471966,1.5917995796322145e-36
PHETA1_REV_CPLX_dummy,0.0,-2.4112091072496414e-06
PHETA1_FWD_CPLX_dummy,0.0,4.1232147069606104e-39
PHEt2r_REV_CPLX_PHEt2r-0,0.0,-4.279319457031759e-06
PHEt2r_FWD_CPLX_PHEt2r-0,0.06955202359031053,9.394652003971235e-40
PHTHRDH_REV_6x7.59001.peg.560-MONOMER,0.0,-3.735110636342013e-38
PHTHRDH_FWD_6x7.59001.peg.560-MONOMER,0.0,-3.666999469269395e-06
PHYQS_REV_6x7.59001.peg.119-MONOMER,0.0,-2.7786519219156484e-38
PHYQS_FWD_6x7.59001.peg.119-MONOMER,0.0,-1.2993213290135667e-06
PIabc_REV_CPLX_PIabc-0,0.0,4.703306058464622e-06
PIabc_FWD_CPLX_PIabc-0,0.0,-7.996271895444752e-06
PIt6b_REV_6x7.59001.peg.427-MONOMER,0.0,-1.4624643513078888e-06
PIt6b_FWD_6x7.59001.peg.427-MONOMER,0.0,-1.019382740763454e-06
PIt6b_REV_6x7.59001.peg.3180-MONOMER,0.0,-1.8017880907683784e-06
PIt6b_FWD_6x7.59001.peg.3180-MONOMER,0.0,-1.3587064802239437e-06
PLIPA1A120_REV_6x7.59001.peg.102-MONOMER,0.0,-8.21405685618854e-07
PLIPA1A120_FWD_6x7.59001.peg.102-MONOMER,0.0,2.866736776707831e-40
PLIPA1A140_REV_6x7.59001.peg.102-MONOMER,0.0,-8.21405685618854e-07
PLIPA1A140_FWD_6x7.59001.peg.102-MONOMER,0.0,-6.736831425263403e-39
PLIPA1A141_REV_6x7.59001.peg.102-MONOMER,0.0,-8.21405685618854e-07
PLIPA1A141_FWD_6x7.59001.peg.102-MONOMER,0.0,0.0
PLIPA1A160_REV_6x7.59001.peg.102-MONOMER,0.0,-8.21405685618854e-07
PLIPA1A160_FWD_6x7.59001.peg.102-MONOMER,0.0,1.4333683883539156e-39
PLIPA1A161_REV_6x7.59001.peg.102-MONOMER,0.0,-8.21405685618854e-07
PLIPA1A161_FWD_6x7.59001.peg.102-MONOMER,0.0,8.313536652452711e-39
PLIPA1A180_REV_6x7.59001.peg.102-MONOMER,0.0,-8.21405685618854e-07
PLIPA1A180_FWD_6x7.59001.peg.102-MONOMER,0.0,-8.600210330123493e-40
PLIPA1A181_REV_6x7.59001.peg.102-MONOMER,0.0,-8.21405685618854e-07
PLIPA1A181_FWD_6x7.59001.peg.102-MONOMER,0.0,8.313536652452711e-39
PLIPA1E120_REV_6x7.59001.peg.102-MONOMER,0.0,-8.21405685618854e-07
PLIPA1E120_FWD_6x7.59001.peg.102-MONOMER,0.0,2.866736776707831e-40
PLIPA1E140_REV_6x7.59001.peg.102-MONOMER,0.0,-8.21405685618854e-07
PLIPA1E140_FWD_6x7.59001.peg.102-MONOMER,0.0,4.300105165061747e-40
PLIPA1E141_REV_6x7.59001.peg.102-MONOMER,0.0,-8.21405685618854e-07
PLIPA1E141_FWD_6x7.59001.peg.102-MONOMER,0.0,0.0
PLIPA1E160_REV_6x7.59001.peg.102-MONOMER,0.0,-8.21405685618854e-07
PLIPA1E160_FWD_6x7.59001.peg.102-MONOMER,0.0,-1.4333683883539156e-40
PLIPA1E161_REV_6x7.59001.peg.102-MONOMER,0.0,-8.21405685618854e-07
PLIPA1E161_FWD_6x7.59001.peg.102-MONOMER,0.0,8.313536652452711e-39
PLIPA1E180rev_REV_6x7.59001.peg.102-MONOMER,0.0,-8.21405685618854e-07
PLIPA1E180rev_FWD_6x7.59001.peg.102-MONOMER,0.0,-1.003357871847741e-38
PLIPA1E181_REV_6x7.59001.peg.102-MONOMER,0.0,-8.21405685618854e-07
PLIPA1E181_FWD_6x7.59001.peg.102-MONOMER,0.0,8.313536652452711e-39
PLIPA1G120_REV_6x7.59001.peg.102-MONOMER,0.0,-8.21405685618854e-07
PLIPA1G120_FWD_6x7.59001.peg.102-MONOMER,0.0,3.72675780972018e-39
PLIPA1G140_REV_6x7.59001.peg.102-MONOMER,0.0,-8.21405685618854e-07
PLIPA1G140_FWD_6x7.59001.peg.102-MONOMER,0.0,1.1610283945666716e-38
PLIPA1G141_REV_6x7.59001.peg.102-MONOMER,0.0,-8.21405685618854e-07
PLIPA1G141_FWD_6x7.59001.peg.102-MONOMER,0.0,8.600210330123494e-39
PLIPA1G160_REV_6x7.59001.peg.102-MONOMER,0.0,-8.21405685618854e-07
PLIPA1G160_FWD_6x7.59001.peg.102-MONOMER,0.0,8.313536652452711e-39
PLIPA1G161_REV_6x7.59001.peg.102-MONOMER,0.0,-8.21405685618854e-07
PLIPA1G161_FWD_6x7.59001.peg.102-MONOMER,0.0,-1.003357871847741e-38
PLIPA1G180_REV_6x7.59001.peg.102-MONOMER,0.0,-8.21405685618854e-07
PLIPA1G180_FWD_6x7.59001.peg.102-MONOMER,0.0,1.748709433791777e-38
PLIPA1G181_REV_6x7.59001.peg.102-MONOMER,0.0,-8.21405685618854e-07
PLIPA1G181_FWD_6x7.59001.peg.102-MONOMER,0.0,-1.003357871847741e-38
PLIPA2A120_REV_6x7.59001.peg.102-MONOMER,0.0,-8.21405685618854e-07
PLIPA2A120_FWD_6x7.59001.peg.102-MONOMER,0.0,2.866736776707831e-40
PLIPA2A140_REV_6x7.59001.peg.102-MONOMER,0.0,1.9026098345619934e-05
PLIPA2A140_FWD_6x7.59001.peg.102-MONOMER,0.0,-1.9847504031238785e-05
PLIPA2A141_REV_6x7.59001.peg.102-MONOMER,0.0,-8.21405685618854e-07
PLIPA2A141_FWD_6x7.59001.peg.102-MONOMER,0.0,2.866736776707831e-40
PLIPA2A160_REV_6x7.59001.peg.102-MONOMER,0.0,1.606781182911637e-05
PLIPA2A160_FWD_6x7.59001.peg.102-MONOMER,0.0,-1.6889217514735224e-05
PLIPA2A161_REV_6x7.59001.peg.102-MONOMER,0.0,-8.21405685618854e-07
PLIPA2A161_FWD_6x7.59001.peg.102-MONOMER,0.0,8.313536652452711e-39
PLIPA2A180_REV_6x7.59001.peg.102-MONOMER,0.0,1.9026098345619934e-05
PLIPA2A180_FWD_6x7.59001.peg.102-MONOMER,0.0,-1.9847504031238785e-05
PLIPA2A181_REV_6x7.59001.peg.102-MONOMER,0.0,-8.21405685618854e-07
PLIPA2A181_FWD_6x7.59001.peg.102-MONOMER,0.0,-2.838069408940753e-38
PLIPA2E120_REV_6x7.59001.peg.102-MONOMER,0.0,-8.21405685618854e-07
PLIPA2E120_FWD_6x7.59001.peg.102-MONOMER,0.0,2.866736776707831e-40
PLIPA2E140_REV_6x7.59001.peg.102-MONOMER,0.0,-8.21405685618854e-07
PLIPA2E140_FWD_6x7.59001.peg.102-MONOMER,0.0,4.300105165061747e-40
PLIPA2E141_REV_6x7.59001.peg.102-MONOMER,0.0,-8.21405685618854e-07
PLIPA2E141_FWD_6x7.59001.peg.102-MONOMER,0.0,0.0
PLIPA2E160_REV_6x7.59001.peg.102-MONOMER,0.0,-8.21405685618854e-07
PLIPA2E160_FWD_6x7.59001.peg.102-MONOMER,0.0,-1.4333683883539156e-40
PLIPA2E161_REV_6x7.59001.peg.102-MONOMER,0.0,-8.21405685618854e-07
PLIPA2E161_FWD_6x7.59001.peg.102-MONOMER,0.0,8.313536652452711e-39
PLIPA2E180_REV_6x7.59001.peg.102-MONOMER,0.0,-8.21405685618854e-07
PLIPA2E180_FWD_6x7.59001.peg.102-MONOMER,0.0,1.748709433791777e-38
PLIPA2E181_REV_6x7.59001.peg.102-MONOMER,0.0,-8.21405685618854e-07
PLIPA2E181_FWD_6x7.59001.peg.102-MONOMER,0.0,8.313536652452711e-39
PLIPA2G120_REV_6x7.59001.peg.102-MONOMER,0.0,3.141326796395198e-05
PLIPA2G120_FWD_6x7.59001.peg.102-MONOMER,0.0,-3.2234673649570835e-05
PLIPA2G140_REV_6x7.59001.peg.102-MONOMER,0.0,6.934029209135089e-05
PLIPA2G140_FWD_6x7.59001.peg.102-MONOMER,0.0,-7.016169777696973e-05
PLIPA2G141_REV_6x7.59001.peg.102-MONOMER,0.0,3.141326796395198e-05
PLIPA2G141_FWD_6x7.59001.peg.102-MONOMER,0.0,-3.2234673649570835e-05
PLIPA2G160_REV_6x7.59001.peg.102-MONOMER,0.0,4.8302485478687205e-05
PLIPA2G160_FWD_6x7.59001.peg.102-MONOMER,0.0,-4.9123891164306056e-05
PLIPA2G161_REV_6x7.59001.peg.102-MONOMER,0.0,3.141326796395198e-05
PLIPA2G161_FWD_6x7.59001.peg.102-MONOMER,0.0,-3.2234673649570835e-05
PLIPA2G180_REV_6x7.59001.peg.102-MONOMER,0.0,7.26412100315472e-05
PLIPA2G180_FWD_6x7.59001.peg.102-MONOMER,0.0,-7.346261571716606e-05
PLIPA2G181_REV_6x7.59001.peg.102-MONOMER,0.0,9.28289558205155e-06
PLIPA2G181_FWD_6x7.59001.peg.102-MONOMER,0.0,-1.0104301267670404e-05
PMDPHT_REV_CPLX_dummy,0.0,-2.4112091072496414e-06
PMDPHT_FWD_CPLX_dummy,0.0017478147610973376,-2.4451891670414146e-39
PMPK_REV_6x7.59001.peg.1016-MONOMER,0.0,-3.3579579095677026e-06
PMPK_FWD_6x7.59001.peg.1016-MONOMER,0.0,-8.725172373574172e-40
PMTCOATA_REV_6x7.59001.peg.1975-MONOMER,0.0,-8.664821295270872e-07
PMTCOATA_FWD_6x7.59001.peg.1975-MONOMER,0.0,-8.263655408176861e-07
PNP_REV_6x7.59001.peg.2830-MONOMER,0.0,-7.283701651609884e-07
PNP_FWD_6x7.59001.peg.2830-MONOMER,0.0,-9.717753915328135e-07
PNP_REV_6x7.59001.peg.452-MONOMER,0.0,8.193081348138378e-40
PNP_FWD_6x7.59001.peg.452-MONOMER,0.0,-2.43405226371825e-07
PNTK_REV_6x7.59001.peg.139-MONOMER_mod_mg2(1),0.0,-2.5570869731244005e-06
PNTK_FWD_6x7.59001.peg.139-MONOMER_mod_mg2(1),0.0008745496200901665,-4.44923332719157e-40
PNTOt4_REV_6x7.59001.peg.2980-MONOMER,0.0,-5.4102321824973595e-06
PNTOt4_FWD_6x7.59001.peg.2980-MONOMER,0.0008745496200901665,8.250093885836738e-40
POR4_REV_6x7.59001.peg.2344-MONOMER,0.0,1.7258713904707583e-38
POR4_FWD_6x7.59001.peg.2344-MONOMER,0.0,-2.2266204751115367e-06
POR4_REV_6x7.59001.peg.1665-MONOMER_mod_thmpp(1),0.0,-3.8474246241724343e-07
POR4_FWD_6x7.59001.peg.1665-MONOMER_mod_thmpp(1),0.0,-2.6113629375287805e-06
PPA_REV_6x7.59001.peg.2189-MONOMER,0.0,-2.333617069603373e-06
PPA_FWD_6x7.59001.peg.2189-MONOMER,0.0,-1.3768158636928024e-06
PPA_REV_6x7.59001.peg.345-MONOMER_mod_mg2(1),0.0,-9.568012059105707e-07
PPA_FWD_6x7.59001.peg.345-MONOMER_mod_mg2(1),0.25081833250987284,3.3567977243515245e-40
PPAKr_REV_6x7.59001.peg.857-MONOMER,0.0,2.4520496569728298e-39
PPAKr_FWD_6x7.59001.peg.857-MONOMER,0.0,-2.132159629690958e-06
PPAKr_REV_6x7.59001.peg.2263-MONOMER_mod_mg2(1),0.0,-2.2875270375574232e-07
PPAKr_FWD_6x7.59001.peg.2263-MONOMER_mod_mg2(1),0.0,-2.3609123334467005e-06
PPBNGS_REV_6x7.59001.peg.126-MONOMER_mod_zn2(1),0.0,-2.0064294547294227e-06
PPBNGS_FWD_6x7.59001.peg.126-MONOMER_mod_zn2(1),0.006988465224560216,6.787842077473911e-40
PPCDC_REV_6x7.59001.peg.38-MONOMER_mod_mg2(1),0.0,-4.161220785670183e-06
PPCDC_FWD_6x7.59001.peg.38-MONOMER_mod_mg2(1),0.0,-3.518267146184315e-09
PPCDC_REV_6x7.59001.peg.38-MONOMER_mod_fmn(1),0.0,-4.157702518523999e-06
PPCDC_FWD_6x7.59001.peg.38-MONOMER_mod_fmn(1),0.0008745496200901665,-2.9336562307532172e-39
PPCK_REV_6x7.59001.peg.3111-MONOMER_mod_mg2(1),0.0,4.952457203560633e-06
PPCK_FWD_6x7.59001.peg.3111-MONOMER_mod_mg2(1),0.0,-5.97536484829525e-06
PPCK_REV_6x7.59001.peg.3111-MONOMER_mod_ca2(1),0.0,4.952978969773811e-06
PPCK_FWD_6x7.59001.peg.3111-MONOMER_mod_ca2(1),0.0,-5.974843082082072e-06
PPCK_REV_6x7.59001.peg.3111-MONOMER_mod_mn2(1),0.0,4.953467981213905e-06
PPCK_FWD_6x7.59001.peg.3111-MONOMER_mod_mn2(1),0.0,-5.974354070641978e-06
PPCr_REV_6x7.59001.peg.3297-MONOMER_mod_mg2(1),0.0,-5.549271237145135e-06
PPCr_FWD_6x7.59001.peg.3297-MONOMER_mod_mg2(1),1.0,-9.694954381466496e-40
PPGPPDP_REV_6x7.59001.peg.29-MONOMER_mod_mn2(1),0.0,-1.787899611409915e-06
PPGPPDP_FWD_6x7.59001.peg.29-MONOMER_mod_mn2(1),0.0,-1.733248101988478e-39
PPIt2e_REV_6x7.59001.peg.427-MONOMER,0.0,-2.481847092071343e-06
PPIt2e_FWD_6x7.59001.peg.427-MONOMER,0.8914121846249343,-7.435255239829128e-37
PPIt2e_REV_6x7.59001.peg.3180-MONOMER,0.0,-2.8211708315318325e-06
PPIt2e_FWD_6x7.59001.peg.3180-MONOMER,0.0,-3.393237394604896e-07
PPM_REV_6x7.59001.peg.451-MONOMER_mod_mn2(1),0.0065306081827609525,-8.211525025462217e-40
PPM_FWD_6x7.59001.peg.451-MONOMER_mod_mn2(1),0.0,-1.5028721277655973e-06
PPNCL3_REV_6x7.59001.peg.38-MONOMER_mod_mg2(1),0.0,-4.161220785670183e-06
PPNCL3_FWD_6x7.59001.peg.38-MONOMER_mod_mg2(1),0.0,-3.518267146184315e-09
PPNCL3_REV_6x7.59001.peg.38-MONOMER_mod_fmn(1),0.0,-4.157702518523999e-06
PPNCL3_FWD_6x7.59001.peg.38-MONOMER_mod_fmn(1),0.0008745496200901665,5.060985155068277e-39
PPND_REV_6x7.59001.peg.2685-MONOMER,0.0,-3.3177617794829587e-07
PPND_FWD_6x7.59001.peg.2685-MONOMER,0.0,-3.14293370413022e-06
PPND2_REV_6x7.59001.peg.2685-MONOMER,0.0,-9.190296067235847e-07
PPND2_FWD_6x7.59001.peg.2685-MONOMER,0.0,-2.5556802753549314e-06
PPNDH_REV_6x7.59001.peg.2684-MONOMER,0.0,-3.869042187438766e-06
PPNDH_FWD_6x7.59001.peg.2684-MONOMER,0.0,0.0
PPPGO3_REV_6x7.59001.peg.134-MONOMER,0.0,-9.661678096821668e-07
PPPGO3_FWD_6x7.59001.peg.134-MONOMER,0.000873558153070027,-9.29494651320125e-39
PPPNt2r_REV_6x7.59001.peg.1003-MONOMER,0.0,-2.8620134136533944e-40
PPPNt2r_FWD_6x7.59001.peg.1003-MONOMER,0.0,-4.766061923706367e-06
PPRDNDH_REV_CPLX_dummy,0.0,1.9373496178591397e-05
PPRDNDH_FWD_CPLX_dummy,0.0,-2.1784705285841038e-05
PPS_REV_6x7.59001.peg.1676-MONOMER_mod_mg2(1),0.0,8.868795657080015e-06
PPS_FWD_6x7.59001.peg.1676-MONOMER_mod_mg2(1),0.0,-1.011724130902698e-05
PRAGS_REV_6x7.59001.peg.156-MONOMER_mod_mg2(1),0.0,-1.0577272711329513e-06
PRAGS_FWD_6x7.59001.peg.156-MONOMER_mod_mg2(1),0.0,1.4945798573360168e-39
PRAI_REV_6x7.59001.peg.1472-MONOMER,0.0,-3.1272505222471316e-06
PRAI_FWD_6x7.59001.peg.1472-MONOMER,0.0,-1.382742852907843e-39
PRAIS_REV_6x7.59001.peg.1043-MONOMER_mod_k(1)_mod_mg2(1),0.0,-2.318014296297396e-06
PRAIS_FWD_6x7.59001.peg.1043-MONOMER_mod_k(1)_mod_mg2(1),0.0,9.684524415156865e-39
PRAMPC_REV_6x7.59001.peg.2149-MONOMER,0.0,-2.674361721689404e-06
PRAMPC_FWD_6x7.59001.peg.2149-MONOMER,0.0,-8.540951177131395e-39
PRASCSi_REV_6x7.59001.peg.1055-MONOMER,0.0,5.7615653219617255e-05
PRASCSi_FWD_6x7.59001.peg.1055-MONOMER,0.0,-6.129096931420288e-05
PRATPP_REV_6x7.59001.peg.2149-MONOMER,0.0,-2.674361721689404e-06
PRATPP_FWD_6x7.59001.peg.2149-MONOMER,0.0,5.69396745142093e-40
PRFGS_REV_6x7.59001.peg.729-MONOMER_mod_mg2(1),0.0,-2.7235330573652806e-06
PRFGS_FWD_6x7.59001.peg.729-MONOMER_mod_mg2(1),0.0,-1.9875916271209517e-39
PRMICI_REV_6x7.59001.peg.2147-MONOMER,0.0,-2.352222415448191e-06
PRMICI_FWD_6x7.59001.peg.2147-MONOMER,0.0,-7.085376275229123e-39
PRO1x_REV_6x7.59001.peg.3232-MONOMER,0.0,-3.667630744990255e-07
PRO1x_FWD_6x7.59001.peg.3232-MONOMER,0.0,-5.872534287752888e-07
PROD2_REV_6x7.59001.peg.1552-MONOMER_mod_fad(1),0.0,-2.2159423693697465e-06
PROD2_FWD_6x7.59001.peg.1552-MONOMER_mod_fad(1),0.0,-2.8781790771245846e-06
PROD3_REV_6x7.59001.peg.1552-MONOMER_mod_fad(1),0.0,4.2910365532225466e-39
PROD3_FWD_6x7.59001.peg.1552-MONOMER_mod_fad(1),0.0,-5.094121446494331e-06
PRODTHLOX_REV_6x7.59001.peg.275-MONOMER,0.0,-1.0214827188059596e-06
PRODTHLOX_FWD_6x7.59001.peg.275-MONOMER,0.0,-3.818588790130991e-06
PROt2r_REV_6x7.59001.peg.536-MONOMER,0.0,-5.062078010103645e-06
PROt2r_FWD_6x7.59001.peg.536-MONOMER,0.0651299049374394,3.674081003168641e-40
PROt4_REV_6x7.59001.peg.1553-MONOMER,0.0,-2.762933442285949e-06
PROt4_FWD_6x7.59001.peg.1553-MONOMER,0.0,-1.3410289800639703e-06
PROt4_REV_6x7.59001.peg.384-MONOMER,0.0,-2.405299155508967e-06
PROt4_FWD_6x7.59001.peg.384-MONOMER,0.0,-9.833946932869884e-07
PROte_REV_6x7.59001.peg.536-MONOMER,0.0,1.667216862273605e-06
PROte_FWD_6x7.59001.peg.536-MONOMER,0.0,-6.72929487237725e-06
PRPPS_REV_6x7.59001.peg.1346-MONOMER_mod_mn2(1)_mod_pi(1),0.9645917538781357,-2.3220599190425012e-39
PRPPS_FWD_6x7.59001.peg.1346-MONOMER_mod_mn2(1)_mod_pi(1),0.0,-8.23650780408482e-07
PRPPS_REV_6x7.59001.peg.1346-MONOMER_mod_mg2(1)_mod_pi(1),0.0,-1.4899738476933758e-09
PRPPS_FWD_6x7.59001.peg.1346-MONOMER_mod_mg2(1)_mod_pi(1),0.0,-8.251407542561753e-07
PSCVT_REV_6x7.59001.peg.2050-MONOMER,0.0,-2.278832659816235e-06
PSCVT_FWD_6x7.59001.peg.2050-MONOMER,0.004367790765350135,6.748654633247946e-39
PSD120_REV_6x7.59001.peg.307-MONOMER,0.0,-1.7069747140962158e-06
PSD120_FWD_6x7.59001.peg.307-MONOMER,0.0,3.925230884496255e-40
PSD140_REV_6x7.59001.peg.307-MONOMER,0.0,-1.7069747140962158e-06
PSD140_FWD_6x7.59001.peg.307-MONOMER,0.0,3.925230884496255e-40
PSD141_REV_6x7.59001.peg.307-MONOMER,0.0,-1.7069747140962158e-06
PSD141_FWD_6x7.59001.peg.307-MONOMER,0.0,-6.542051474160426e-40
PSD160_REV_6x7.59001.peg.307-MONOMER,0.0,-1.7069747140962158e-06
PSD160_FWD_6x7.59001.peg.307-MONOMER,0.0,-1.3084102948320851e-40
PSD161_REV_6x7.59001.peg.307-MONOMER,0.0,-1.7069747140962158e-06
PSD161_FWD_6x7.59001.peg.307-MONOMER,0.0,-3.938314987444576e-38
PSD180_REV_6x7.59001.peg.307-MONOMER,0.0,-1.7069747140962158e-06
PSD180_FWD_6x7.59001.peg.307-MONOMER,0.003003922885157322,-1.4261672213669728e-38
PSD181_REV_6x7.59001.peg.307-MONOMER,0.0,-1.7069747140962158e-06
PSD181_FWD_6x7.59001.peg.307-MONOMER,0.0,-3.938314987444576e-38
PSDAI15_REV_6x7.59001.peg.307-MONOMER,0.0,-1.7069747140962158e-06
PSDAI15_FWD_6x7.59001.peg.307-MONOMER,0.0,-3.925230884496255e-40
PSDAI17_REV_6x7.59001.peg.307-MONOMER,0.0,-1.7069747140962158e-06
PSDAI17_FWD_6x7.59001.peg.307-MONOMER,0.003003922885157322,-5.887846326744383e-39
PSDI14_REV_6x7.59001.peg.307-MONOMER,0.0,-1.7069747140962158e-06
PSDI14_FWD_6x7.59001.peg.307-MONOMER,0.0,-3.925230884496255e-40
PSDI15_REV_6x7.59001.peg.307-MONOMER,0.0,-1.7069747140962158e-06
PSDI15_FWD_6x7.59001.peg.307-MONOMER,0.0,-3.925230884496255e-40
PSDI16_REV_6x7.59001.peg.307-MONOMER,0.0,-1.7069747140962158e-06
PSDI16_FWD_6x7.59001.peg.307-MONOMER,0.0,-3.925230884496255e-40
PSDI17_REV_6x7.59001.peg.307-MONOMER,0.0,-1.7069747140962158e-06
PSDI17_FWD_6x7.59001.peg.307-MONOMER,0.003003922885157322,3.578109633277303e-36
PSERT_REV_6x7.59001.peg.2051-MONOMER_mod_pydx5p(1),0.0,-1.6818000258950448e-06
PSERT_FWD_6x7.59001.peg.2051-MONOMER_mod_pydx5p(1),0.0,-1.2543348807000353e-39
PSP_L_REV_6x7.59001.peg.501-MONOMER_mod_mg2(1),0.0,6.355485953530304e-06
PSP_L_FWD_6x7.59001.peg.501-MONOMER_mod_mg2(1),0.0,-9.682673297897082e-06
PSSA120_REV_6x7.59001.peg.518-MONOMER,0.0,2.2000109871320442e-05
PSSA120_FWD_6x7.59001.peg.518-MONOMER,0.0,-2.47345132398012e-05
PSSA140_REV_6x7.59001.peg.518-MONOMER,0.0,5.9927133998719344e-05
PSSA140_FWD_6x7.59001.peg.518-MONOMER,0.0,-6.26615373672001e-05
PSSA141_REV_6x7.59001.peg.518-MONOMER,0.0,2.2000109871320442e-05
PSSA141_FWD_6x7.59001.peg.518-MONOMER,0.0,-2.47345132398012e-05
PSSA160_REV_6x7.59001.peg.518-MONOMER,0.0,3.888932738605567e-05
PSSA160_FWD_6x7.59001.peg.518-MONOMER,0.0,-4.162373075453642e-05
PSSA161_REV_6x7.59001.peg.518-MONOMER,0.0,2.2000109871320442e-05
PSSA161_FWD_6x7.59001.peg.518-MONOMER,0.0,-2.47345132398012e-05
PSSA180_REV_6x7.59001.peg.518-MONOMER,0.0,-2.7344033684807572e-06
PSSA180_FWD_6x7.59001.peg.518-MONOMER,0.003003922885157322,4.942629560893048e-38
PSSA181_REV_6x7.59001.peg.518-MONOMER,0.0,-1.302625105799868e-07
PSSA181_FWD_6x7.59001.peg.518-MONOMER,0.0,-2.6041408579007705e-06
PSSAAI15_REV_6x7.59001.peg.518-MONOMER,0.0,0.00020298113592160812
PSSAAI15_FWD_6x7.59001.peg.518-MONOMER,0.0,-0.00020571553929008888
PSSAAI17_REV_6x7.59001.peg.518-MONOMER,0.0,-2.7344033684807572e-06
PSSAAI17_FWD_6x7.59001.peg.518-MONOMER,0.003003922885157322,-1.290440230183899e-38
PSSAI14_REV_6x7.59001.peg.518-MONOMER,0.0,1.8740933427561387e-05
PSSAI14_FWD_6x7.59001.peg.518-MONOMER,0.0,-2.1475336796042143e-05
PSSAI15_REV_6x7.59001.peg.518-MONOMER,0.0,0.10428586341258798
PSSAI15_FWD_6x7.59001.peg.518-MONOMER,0.0,-0.10428859781595647
PSSAI16_REV_6x7.59001.peg.518-MONOMER,0.0,1.8740933427561387e-05
PSSAI16_FWD_6x7.59001.peg.518-MONOMER,0.0,-2.1475336796042143e-05
PSSAI17_REV_6x7.59001.peg.518-MONOMER,0.0,-2.7344033684807572e-06
PSSAI17_FWD_6x7.59001.peg.518-MONOMER,0.003003922885157322,-2.03015465722573e-35
PTA2_REV_6x7.59001.peg.2264-MONOMER,0.0,-2.8772050998270194e-06
PTA2_FWD_6x7.59001.peg.2264-MONOMER,0.0,3.211073770967265e-38
PTAr_REV_6x7.59001.peg.2264-MONOMER,0.0,-2.8772050998270194e-06
PTAr_FWD_6x7.59001.peg.2264-MONOMER,7.10808222514409,3.040069842335872e-39
PTPAT_REV_6x7.59001.peg.43-MONOMER_mod_mg2(1),0.0,-2.774629808527025e-06
PTPAT_FWD_6x7.59001.peg.43-MONOMER_mod_mg2(1),0.000873558153070027,5.397760891492625e-38
PTRCORNt7_REV_6x7.59001.peg.228-MONOMER,0.0,-6.832108206308585e-07
PTRCORNt7_FWD_6x7.59001.peg.228-MONOMER,0.0,-8.251256652269073e-07
PTRCORNt7_REV_6x7.59001.peg.2853-MONOMER,0.0,-7.554642380587284e-07
PTRCORNt7_FWD_6x7.59001.peg.2853-MONOMER,0.0,-8.973790826547772e-07
PTRCabc_REV_CPLX_PTRCabc-0,0.0,3.819893348754411e-06
PTRCabc_FWD_CPLX_PTRCabc-0,0.0,-7.814429729841631e-06
PTRCt2_REV_6x7.59001.peg.228-MONOMER,0.0,-1.5083364858577658e-06
PTRCt2_FWD_6x7.59001.peg.228-MONOMER,0.000873558153070027,0.0
PTRCt2_REV_6x7.59001.peg.2853-MONOMER,0.0,-1.5805899032856357e-06
PTRCt2_FWD_6x7.59001.peg.2853-MONOMER,0.0,-7.22534174278699e-08
PUNP1_REV_6x7.59001.peg.452-MONOMER,0.0,-2.43405226371825e-07
PUNP1_FWD_6x7.59001.peg.452-MONOMER,0.03162108131787862,3.4544909613954806e-36
PUNP1_REV_6x7.59001.peg.2627-MONOMER,0.0,-1.6506856098318873e-06
PUNP1_FWD_6x7.59001.peg.2627-MONOMER,0.0,-1.4072803834600623e-06
PUNP2_REV_6x7.59001.peg.452-MONOMER,1.2054060032287418e-23,4.7331430948195414e-36
PUNP2_FWD_6x7.59001.peg.452-MONOMER,0.0,-2.43405226371825e-07
PUNP2_REV_6x7.59001.peg.2627-MONOMER,0.0,-1.4072803834600623e-06
PUNP2_FWD_6x7.59001.peg.2627-MONOMER,0.0,-1.6506856098318873e-06
PUNP3_REV_6x7.59001.peg.452-MONOMER,0.038151689500639574,-5.978735037830709e-40
PUNP3_FWD_6x7.59001.peg.452-MONOMER,0.0,-2.43405226371825e-07
PUNP3_REV_6x7.59001.peg.2627-MONOMER,0.0,-1.4072803834600623e-06
PUNP3_FWD_6x7.59001.peg.2627-MONOMER,0.0,-1.6506856098318873e-06
PUNP4_REV_6x7.59001.peg.452-MONOMER,0.0,-2.43405226371825e-07
PUNP4_FWD_6x7.59001.peg.452-MONOMER,0.038151689500639574,-1.1226735793259887e-38
PUNP4_REV_6x7.59001.peg.2627-MONOMER,0.0,-1.6506856098318873e-06
PUNP4_FWD_6x7.59001.peg.2627-MONOMER,0.0,-1.4072803834600623e-06
PUNP5_REV_6x7.59001.peg.452-MONOMER,0.0,-2.43405226371825e-07
PUNP5_FWD_6x7.59001.peg.452-MONOMER,1.718669518766714e-24,-5.978735037830709e-40
PUNP5_REV_6x7.59001.peg.2627-MONOMER,0.0,-1.6506856098318873e-06
PUNP5_FWD_6x7.59001.peg.2627-MONOMER,0.0,-1.4072803834600623e-06
PUNP6_REV_6x7.59001.peg.452-MONOMER,1.718669518766714e-24,4.36226223130611e-39
PUNP6_FWD_6x7.59001.peg.452-MONOMER,0.0,-2.43405226371825e-07
PUNP6_REV_6x7.59001.peg.2627-MONOMER,0.0,-1.4072803834600623e-06
PUNP6_FWD_6x7.59001.peg.2627-MONOMER,0.0,-1.6506856098318873e-06
PUNP7_REV_6x7.59001.peg.452-MONOMER,0.0,2.21434631030767e-41
PUNP7_FWD_6x7.59001.peg.452-MONOMER,0.0,-2.43405226371825e-07
PUNP7_REV_6x7.59001.peg.2627-MONOMER,0.0,-1.4072803834600623e-06
PUNP7_FWD_6x7.59001.peg.2627-MONOMER,0.0,-1.6506856098318873e-06
PUTA3_REV_6x7.59001.peg.1552-MONOMER_mod_fad(1),0.0,5.5466562749999946e-06
PUTA3_FWD_6x7.59001.peg.1552-MONOMER_mod_fad(1),0.0,-1.0640777721494325e-05
PYAM5POr_REV_6x7.59001.peg.1581-MONOMER_mod_fmn(1),0.0,3.946912689744912e-05
PYAM5POr_FWD_6x7.59001.peg.1581-MONOMER_mod_fmn(1),0.0,-4.1209602498881086e-05
PYDAMK_REV_6x7.59001.peg.1583-MONOMER,0.0,-1.736920151685269e-06
PYDAMK_FWD_6x7.59001.peg.1583-MONOMER,0.0,3.253848396784778e-39
PYDAMtr_REV_6x7.59001.peg.1581-MONOMER_mod_fmn(1),0.0,-1.4488442015368137e-40
PYDAMtr_FWD_6x7.59001.peg.1581-MONOMER_mod_fmn(1),0.0,-1.7404756014319644e-06
PYDXK_REV_6x7.59001.peg.1583-MONOMER,0.0,-1.736920151685269e-06
PYDXK_FWD_6x7.59001.peg.1583-MONOMER,0.0008742875053241853,-4.602619008044691e-39
PYDXNK_REV_6x7.59001.peg.1583-MONOMER,0.0,-1.736920151685269e-06
PYDXNK_FWD_6x7.59001.peg.1583-MONOMER,0.0,-1.0512433281920053e-38
PYDXNtr_REV_6x7.59001.peg.1581-MONOMER_mod_fmn(1),0.0,-1.7404756014319644e-06
PYDXNtr_FWD_6x7.59001.peg.1581-MONOMER_mod_fmn(1),0.0,-1.4488442015368137e-40
PYDXtr_REV_6x7.59001.peg.1581-MONOMER_mod_fmn(1),0.0,-1.7404756014319644e-06
PYDXtr_FWD_6x7.59001.peg.1581-MONOMER_mod_fmn(1),0.0008742875053241853,-1.4488442015368137e-40
PYK_REV_6x7.59001.peg.1391-MONOMER_mod_mg2(1)_mod_k(1),0.0,-2.228914046176562e-06
PYK_FWD_6x7.59001.peg.1391-MONOMER_mod_mg2(1)_mod_k(1),0.0,-3.832864742172271e-07
PYK_REV_6x7.59001.peg.1734-MONOMER_mod_mg2(1)_mod_k(1),0.0,-1.8460544144563445e-06
PYK_FWD_6x7.59001.peg.1734-MONOMER_mod_mg2(1)_mod_k(1),0.0,-4.268424970094611e-10
PYK_REV_6x7.59001.peg.1391-MONOMER_mod_mn2(1)_mod_k(1),0.0,-2.2284511448834216e-06
PYK_FWD_6x7.59001.peg.1391-MONOMER_mod_mn2(1)_mod_k(1),0.0,-3.8282357292408634e-07
PYK_REV_6x7.59001.peg.1734-MONOMER_mod_mn2(1)_mod_k(1),0.0,-1.845627571959335e-06
PYK_FWD_6x7.59001.peg.1734-MONOMER_mod_mn2(1)_mod_k(1),5.226779805575049,-2.7895963390015565e-40
PYNP2r_REV_6x7.59001.peg.115-MONOMER,0.0,-1.1859079057414657e-06
PYNP2r_FWD_6x7.59001.peg.115-MONOMER,-2.749104742442525e-57,-6.811928672506848e-40
QULNS_REV_CPLX_dummy,0.0,-2.4112091072496414e-06
QULNS_FWD_CPLX_dummy,0.0,-3.5932461978584134e-39
R05224_REV_6x7.59001.peg.1885-MONOMER,0.0,1.0677311113663131e-05
R05224_FWD_6x7.59001.peg.1885-MONOMER,0.0,-1.344224039059314e-05
RAFGH_REV_6x7.59001.peg.1800-MONOMER_mod_mn2(1),0.0,-2.223614104493727e-06
RAFGH_FWD_6x7.59001.peg.1800-MONOMER_mod_mn2(1),0.0,1.4993174974567894e-40
RAFGH_REV_6x7.59001.peg.2859-MONOMER,0.0,-2.482304708196308e-06
RAFGH_FWD_6x7.59001.peg.2859-MONOMER,0.0,-2.586906037025812e-07
RB5PE_REV_6x7.59001.peg.3128-MONOMER,0.0,-5.004334035059834e-07
RB5PE_FWD_6x7.59001.peg.3128-MONOMER,0.0,-1.7539699152608678e-06
RB5PE_REV_6x7.59001.peg.3091-MONOMER,0.0,6.029492481098634e-40
RB5PE_FWD_6x7.59001.peg.3091-MONOMER,0.0,-1.2535365117548844e-06
RBFK_REV_6x7.59001.peg.542-MONOMER,0.0,-2.8022126332307263e-06
RBFK_FWD_6x7.59001.peg.542-MONOMER,0.0008742566080273106,6.443352970948554e-38
RBFSa_REV_6x7.59001.peg.935-MONOMER,0.0,-2.8127043869705365e-06
RBFSa_FWD_6x7.59001.peg.935-MONOMER,0.003495629522194675,-3.8287338285995965e-39
RBFSb_REV_6x7.59001.peg.1505-MONOMER,0.0,-1.8268630904468067e-06
RBFSb_FWD_6x7.59001.peg.1505-MONOMER,0.0017478147610973376,9.875353954741339e-40
RBK_REV_6x7.59001.peg.3324-MONOMER_mod_k(1)_mod_mg2(1),0.0,4.413697891087172e-06
RBK_FWD_6x7.59001.peg.3324-MONOMER_mod_k(1)_mod_mg2(1),0.0,-6.185754885902342e-06
RBK_REV_6x7.59001.peg.1859-MONOMER,0.0,4.773709973254025e-06
RBK_FWD_6x7.59001.peg.1859-MONOMER,0.0,-5.825742803735489e-06
RBK_REV_6x7.59001.peg.1690-MONOMER,0.0,3.6540534928896473e-06
RBK_FWD_6x7.59001.peg.1690-MONOMER,0.0,-6.945399284099867e-06
RBK_D_REV_6x7.59001.peg.3194-MONOMER,0.0,-1.4932281997728209e-06
RBK_D_FWD_6x7.59001.peg.3194-MONOMER,0.0,-8.68591702288331e-39
RBP4E_REV_6x7.59001.peg.3129-MONOMER,0.0,4.817831869083648e-40
RBP4E_FWD_6x7.59001.peg.3129-MONOMER,0.0,-6.590438756070424e-07
RE1944C_REV_6x7.59001.peg.1691-MONOMER,0.0,-1.149614270780418e-39
RE1944C_FWD_6x7.59001.peg.1691-MONOMER,0.0,-1.926533056968644e-06
RHAT1_REV_CPLX_dummy,0.0,-2.4112091072496414e-06
RHAT1_FWD_CPLX_dummy,0.007055889864826238,-8.634038061063905e-38
RHCCE_REV_6x7.59001.peg.2703-MONOMER,0.0,-1.2562069621458243e-06
RHCCE_FWD_6x7.59001.peg.2703-MONOMER,0.0029134572660127786,-9.98708578842928e-41
RIBABCte_REV_CPLX_DRIBabc-0,0.0,1.6477093289001017e-05
RIBABCte_FWD_CPLX_DRIBabc-0,0.0,-1.997965706985886e-05
RIBABCte_REV_CPLX_DRIBabc-2,0.0,1.619147932283214e-05
RIBABCte_FWD_CPLX_DRIBabc-2,0.0,-2.0265271036027738e-05
RIBABCte_REV_CPLX_DRIBabc-1,0.0,1.613531035591392e-05
RIBABCte_FWD_CPLX_DRIBabc-1,0.0,-2.0321440002945958e-05
RIBabc_REV_CPLX_DRIBabc-0,0.0,-3.5025637808578407e-06
RIBabc_FWD_CPLX_DRIBabc-0,0.0,3.6424393954282055e-39
RIBabc_REV_CPLX_DRIBabc-2,0.0,-3.7881777470267187e-06
RIBabc_FWD_CPLX_DRIBabc-2,0.0,-2.856139661688779e-07
RIBabc_REV_CPLX_DRIBabc-1,0.0,-3.844346713944939e-06
RIBabc_FWD_CPLX_DRIBabc-1,0.0,-3.417829330870987e-07
RNDR1_REV_6x7.59001.peg.2204-MONOMER,0.0,-2.4475883825676417e-06
RNDR1_FWD_6x7.59001.peg.2204-MONOMER,0.0,-2.7907159592596433e-07
RNDR1_REV_6x7.59001.peg.2203-MONOMER,0.0,-2.674139679973891e-06
RNDR1_FWD_6x7.59001.peg.2203-MONOMER,0.0,-5.056228933322135e-07
RNDR2_REV_6x7.59001.peg.2204-MONOMER,0.0,-2.4475883825676417e-06
RNDR2_FWD_6x7.59001.peg.2204-MONOMER,0.0,-2.7907159592596433e-07
RNDR2_REV_6x7.59001.peg.2203-MONOMER,0.0,-2.674139679973891e-06
RNDR2_FWD_6x7.59001.peg.2203-MONOMER,0.0,-5.056228933322135e-07
RNDR3_REV_6x7.59001.peg.2204-MONOMER,0.0,-2.4475883825676417e-06
RNDR3_FWD_6x7.59001.peg.2204-MONOMER,0.0,-2.7907159592596433e-07
RNDR3_REV_6x7.59001.peg.2203-MONOMER,0.0,-2.674139679973891e-06
RNDR3_FWD_6x7.59001.peg.2203-MONOMER,0.0,-5.056228933322135e-07
RNDR4_REV_6x7.59001.peg.2204-MONOMER,0.0,-2.3666632708062004e-07
RNDR4_FWD_6x7.59001.peg.2204-MONOMER,0.0,-2.489993651412986e-06
RNDR4_REV_6x7.59001.peg.2203-MONOMER,0.0,-4.632176244868693e-07
RNDR4_FWD_6x7.59001.peg.2203-MONOMER,0.0,-2.716544948819235e-06
RNTR1_REV_6x7.59001.peg.388-MONOMER,0.0,-2.168516786641677e-06
RNTR1_FWD_6x7.59001.peg.388-MONOMER,0.010358947122225393,-1.552460490474923e-35
RNTR2_REV_6x7.59001.peg.388-MONOMER,0.0,-2.168516786641677e-06
RNTR2_FWD_6x7.59001.peg.388-MONOMER,0.015790337401983486,8.371112343513122e-35
RNTR3_REV_6x7.59001.peg.388-MONOMER,0.0,-2.168516786641677e-06
RNTR3_FWD_6x7.59001.peg.388-MONOMER,0.015790337401983486,3.4093259265190996e-35
RNTR4_REV_6x7.59001.peg.388-MONOMER,0.0,4.240526884534427e-08
RNTR4_FWD_6x7.59001.peg.388-MONOMER,0.0,-2.2109220554870214e-06
RPE_REV_6x7.59001.peg.3091-MONOMER,0.0,-1.2535365117548844e-06
RPE_FWD_6x7.59001.peg.3091-MONOMER,0.6114014476442492,-4.059591487283341e-37
RPI_REV_6x7.59001.peg.2799-MONOMER,0.0,-1.6722483173001668e-06
RPI_FWD_6x7.59001.peg.2799-MONOMER,0.6360647467609226,-8.973811581182986e-40
RZ5PP_REV_6x7.59001.peg.1487-MONOMER,0.0,-1.5416727012350097e-06
RZ5PP_FWD_6x7.59001.peg.1487-MONOMER,0.0,-3.82782036800385e-39
S7PIr_REV_6x7.59001.peg.496-MONOMER,0.0,-1.4447518056406963e-06
S7PIr_FWD_6x7.59001.peg.496-MONOMER,0.0,-5.791298297150056e-07
S7PIr_REV_6x7.59001.peg.735-MONOMER,0.0,-8.656219759256908e-07
S7PIr_FWD_6x7.59001.peg.735-MONOMER,0.02822355945930495,-3.0263591626811064e-40
SALCpts_REV_CPLX_ARBTpts-0,0.0,-3.0338149402917957e-06
SALCpts_FWD_CPLX_ARBTpts-0,0.0,-2.7853083870035984e-39
SBTpts_REV_6x7.59001.peg.1088-MONOMER,0.0,-2.7091869535507224e-06
SBTpts_FWD_6x7.59001.peg.1088-MONOMER,0.0,-2.5778690338013688e-39
SDPDS_REV_6x7.59001.peg.1063-MONOMER_mod_zn2(1)_mod_cobalt2(1),0.0,-2.857775387394937e-06
SDPDS_FWD_6x7.59001.peg.1063-MONOMER_mod_zn2(1)_mod_cobalt2(1),0.0,-4.142372524294871e-40
SDPTA_REV_6x7.59001.peg.3081-MONOMER_mod_pydx5p(1),0.0,1.5493070060678632e-40
SDPTA_FWD_6x7.59001.peg.3081-MONOMER_mod_pydx5p(1),0.0,-1.9233597953699425e-06
SELNPS_REV_6x7.59001.peg.1434-MONOMER_mod_mg2(1),0.0,-1.9463927085602457e-06
SELNPS_FWD_6x7.59001.peg.1434-MONOMER_mod_mg2(1),0.0,-4.533801010861527e-36
SEPHCHS_REV_6x7.59001.peg.2223-MONOMER_mod_mg2(1)_mod_mn2(1)_mod_thmpp(1),0.0,-4.3182165537771695e-06
SEPHCHS_FWD_6x7.59001.peg.2223-MONOMER_mod_mg2(1)_mod_mn2(1)_mod_thmpp(1),0.001747116306140054,-1.1182544247955287e-39
SERATi_REV_6x7.59001.peg.1842-MONOMER,0.0,4.068888990214226e-06
SERATi_FWD_6x7.59001.peg.1842-MONOMER,0.0,-4.3124356468940335e-06
SERATi_REV_6x7.59001.peg.1248-MONOMER,0.0,4.074826824789557e-06
SERATi_FWD_6x7.59001.peg.1248-MONOMER,0.0,-4.306497812318702e-06
SERATi_REV_6x7.59001.peg.3269-MONOMER,0.0,3.4325282842983956e-06
SERATi_FWD_6x7.59001.peg.3269-MONOMER,0.0,-4.948796352809864e-06
SERD_D_REV_6x7.59001.peg.810-MONOMER_mod_pydx5p(1),0.0,-9.241201832387728e-07
SERD_D_FWD_6x7.59001.peg.810-MONOMER_mod_pydx5p(1),0.0,-1.3956175442294622e-06
SERt2r_REV_6x7.59001.peg.2131-MONOMER,0.0,-2.246555330711691e-06
SERt2r_FWD_6x7.59001.peg.2131-MONOMER,0.0,-7.322720025892005e-07
SERt2r_REV_6x7.59001.peg.1515-MONOMER,0.0,-2.895613583375972e-06
SERt2r_FWD_6x7.59001.peg.1515-MONOMER,0.0,-1.381330255253482e-06
SERt2r_REV_6x7.59001.peg.378-MONOMER,0.0,-2.4700110486710376e-06
SERt2r_FWD_6x7.59001.peg.378-MONOMER,0.0,-9.557277205485474e-07
SERt2r_REV_6x7.59001.peg.2164-MONOMER,0.0,-1.5142833281224902e-06
SERt2r_FWD_6x7.59001.peg.2164-MONOMER,0.14876590841895052,1.4137266542205696e-40
SERt2r_REV_6x7.59001.peg.2165-MONOMER,0.0,-2.3764903574731205e-06
SERt2r_FWD_6x7.59001.peg.2165-MONOMER,0.0,-8.622070293506301e-07
SGAT_REV_CPLX_G3PAT120-0,0.0,-3.3009179401963264e-06
SGAT_FWD_CPLX_G3PAT120-0,0.012015691540629288,-9.356419597028096e-39
SGAT_REV_6x7.59001.peg.189-MONOMER,0.0,-3.6664540941102054e-06
SGAT_FWD_6x7.59001.peg.189-MONOMER,0.0,-3.655361539138789e-07
SHCHCC2_REV_6x7.59001.peg.1875-MONOMER,0.0,0.0003323248361307673
SHCHCC2_FWD_6x7.59001.peg.1875-MONOMER,0.0,-0.00033406367119223087
SHCHCS3_REV_CPLX_dummy,0.0,-2.4112091072496414e-06
SHCHCS3_FWD_CPLX_dummy,0.001747116306140054,1.7141424206763491e-40
SHCHD2_REV_6x7.59001.peg.3088-MONOMER,0.0,-3.5737385637598525e-06
SHCHD2_FWD_6x7.59001.peg.3088-MONOMER,0.000873558153070027,-8.617248150176412e-38
SHCHF_REV_6x7.59001.peg.3088-MONOMER,0.0,-3.5737385637598525e-06
SHCHF_FWD_6x7.59001.peg.3088-MONOMER,0.000873558153070027,1.2555856861804452e-37
SHK3Dr_REV_6x7.59001.peg.3026-MONOMER,0.0,-2.060465850400237e-06
SHK3Dr_FWD_6x7.59001.peg.3026-MONOMER,0.0,-3.517718893744282e-07
SHK3Dr_REV_6x7.59001.peg.2782-MONOMER,0.0,-1.7086939610258087e-06
SHK3Dr_FWD_6x7.59001.peg.2782-MONOMER,0.004367790765350135,1.71825000388375e-38
SHKK_REV_6x7.59001.peg.3095-MONOMER_mod_fe2(1),0.0,-9.542733271194349e-07
SHKK_FWD_6x7.59001.peg.3095-MONOMER_mod_fe2(1),0.0,-2.730269705538523e-10
SHKK_REV_6x7.59001.peg.3095-MONOMER_mod_ca2(1),0.0,-9.555664814418036e-07
SHKK_FWD_6x7.59001.peg.3095-MONOMER_mod_ca2(1),0.0,-1.5661812929226111e-09
SHKK_REV_6x7.59001.peg.3095-MONOMER_mod_mg2(1),0.0,-9.568793511121866e-07
SHKK_FWD_6x7.59001.peg.3095-MONOMER_mod_mg2(1),0.0,-2.8790509633054874e-09
SHKK_REV_6x7.59001.peg.3095-MONOMER_mod_cobalt2(1),0.0,-9.54000300148881e-07
SHKK_FWD_6x7.59001.peg.3095-MONOMER_mod_cobalt2(1),0.004367790765350135,1.5916986716460968e-38
SHKK_REV_6x7.59001.peg.3095-MONOMER_mod_k(1),0.0,-9.556503546431008e-07
SHKK_FWD_6x7.59001.peg.3095-MONOMER_mod_k(1),0.0,-1.6500544942197168e-09
SHKK_REV_6x7.59001.peg.3095-MONOMER_mod_mn2(1),0.0,-9.543368403717468e-07
SHKK_FWD_6x7.59001.peg.3095-MONOMER_mod_mn2(1),0.0,-3.365402228658376e-10
SHSL1_REV_CPLX_3OAS100-0,0.0,3.2885836104272257e-07
SHSL1_FWD_CPLX_3OAS100-0,0.0,-1.719800313698405e-06
SHSL2_REV_6x7.59001.peg.3243-MONOMER_mod_pydx5p(1),0.0,-4.594045929963612e-06
SHSL2_FWD_6x7.59001.peg.3243-MONOMER_mod_pydx5p(1),0.0435932682557641,-1.0235676916970312e-39
SHSL4r_REV_6x7.59001.peg.3243-MONOMER_mod_pydx5p(1),0.0435932682557641,1.2254577793620342e-39
SHSL4r_FWD_6x7.59001.peg.3243-MONOMER_mod_pydx5p(1),0.0,-4.594045929963612e-06
SNCOAT_REV_CPLX_ACACCTr-1,0.0,-3.7774489245364655e-07
SNCOAT_FWD_CPLX_ACACCTr-1,0.0,-3.2097661145086546e-06
SNCOAT_REV_CPLX_ACACCTr-0,0.0,1.2564023284370574e-38
SNCOAT_FWD_CPLX_ACACCTr-0,0.0,-2.832021222055008e-06
SNCOAT_REV_CPLX_ACACCTr-3,0.0,-1.6627961256623522e-07
SNCOAT_FWD_CPLX_ACACCTr-3,0.0,-2.998300834621243e-06
SNCOAT_REV_CPLX_ACACCTr-2,0.0,-7.48058382158808e-08
SNCOAT_FWD_CPLX_ACACCTr-2,0.0,-2.9068270602708885e-06
SO4t2_REV_CPLX_dummy,0.0,-2.4112091072496414e-06
SO4t2_FWD_CPLX_dummy,0.0,1.4575332205689797e-40
SOTA_REV_6x7.59001.peg.3081-MONOMER_mod_pydx5p(1),0.0,-1.9233597953699425e-06
SOTA_FWD_6x7.59001.peg.3081-MONOMER_mod_pydx5p(1),0.0,-4.647921018203589e-40
SPMDAT1_REV_6x7.59001.peg.1041-MONOMER,0.0,-1.3525636723700277e-06
SPMDAT1_FWD_6x7.59001.peg.1041-MONOMER,0.0,-4.852298683121835e-39
SPMDAT2_REV_6x7.59001.peg.1041-MONOMER,0.0,-1.3525636723700277e-06
SPMDAT2_FWD_6x7.59001.peg.1041-MONOMER,0.0,-4.852298683121835e-39
SPMDabc_REV_CPLX_PTRCabc-0,0.0,-3.994536381087219e-06
SPMDabc_FWD_CPLX_PTRCabc-0,0.000873558153070027,1.6456505308212196e-39
SPMS_REV_CPLX_dummy,0.0,4.5782370218026e-05
SPMS_FWD_CPLX_dummy,0.0,-4.819357932527564e-05
SPODM_REV_6x7.59001.peg.1569-MONOMER_mod_fe3(1),0.0,-1.588699034545477e-06
SPODM_FWD_6x7.59001.peg.1569-MONOMER_mod_fe3(1),0.0,-1.571552644999134e-38
SPODM_REV_6x7.59001.peg.215-MONOMER_mod_cu2(1),0.0,-1.7773995547031589e-06
SPODM_FWD_6x7.59001.peg.215-MONOMER_mod_cu2(1),0.0,-1.8870052015768185e-07
SSALyr_REV_6x7.59001.peg.533-MONOMER,0.0,2.6286712902792287e-39
SSALyr_FWD_6x7.59001.peg.533-MONOMER,0.0,-2.345800622474098e-06
STCOATA_REV_6x7.59001.peg.1975-MONOMER,0.0,-8.664886030076568e-07
STCOATA_FWD_6x7.59001.peg.1975-MONOMER,0.0,-8.263655408176861e-07
STYSGH_REV_6x7.59001.peg.1800-MONOMER_mod_mn2(1),0.0,-7.496587487283947e-40
STYSGH_FWD_6x7.59001.peg.1800-MONOMER_mod_mn2(1),0.0,-2.223614104493727e-06
STYSGH_REV_6x7.59001.peg.2859-MONOMER,0.0,-2.586906037025812e-07
STYSGH_FWD_6x7.59001.peg.2859-MONOMER,0.0,-2.482304708196308e-06
SUCBZL_REV_6x7.59001.peg.2219-MONOMER_mod_mg2(1),0.0,-5.966780841156124e-06
SUCBZL_FWD_6x7.59001.peg.2219-MONOMER_mod_mg2(1),0.001747116306140054,-1.7863314353073345e-38
SUCBZS_REV_6x7.59001.peg.2220-MONOMER_mod_mg2(1),0.0,-3.3073972349237693e-06
SUCBZS_FWD_6x7.59001.peg.2220-MONOMER_mod_mg2(1),0.001747116306140054,4.9447512373392114e-39
SUCCt2_3_REV_6x7.59001.peg.277-MONOMER,0.0,3.64082651410864e-07
SUCCt2_3_FWD_6x7.59001.peg.277-MONOMER,0.0,-3.893575690433915e-06
SUCCt2r_REV_CPLX_dummy,0.0,-2.4112091072496414e-06
SUCCt2r_FWD_CPLX_dummy,0.023810431187250358,2.308534223899352e-40
SUCD1_REV_6x7.59001.peg.2428-MONOMER,0.0,-1.6606644999374246e-06
SUCD1_FWD_6x7.59001.peg.2428-MONOMER,0.0,-2.7755942872404768e-06
SUCD1_REV_CPLX_FRD2-1,0.9973793255407899,2.1882133791978978e-38
SUCD1_FWD_CPLX_FRD2-1,0.0,-1.1149297873030524e-06
SUCD1_REV_6x7.59001.peg.300-MONOMER,0.0,-8.365768104735174e-07
SUCD1_FWD_6x7.59001.peg.300-MONOMER,0.0,-1.9515065977765695e-06
SUCD1_REV_6x7.59001.peg.2429-MONOMER,0.0,-1.3810089045108224e-06
SUCD1_FWD_6x7.59001.peg.2429-MONOMER,0.0,-2.4959386918138745e-06
SUCD1_REV_CPLX_FRD2-0,0.0,-2.4510885704858415e-07
SUCD1_FWD_CPLX_FRD2-0,0.0,-1.3600386443516365e-06
SUCD1_REV_CPLX_FRD2-2,0.0,-5.026757835896568e-07
SUCD1_FWD_CPLX_FRD2-2,0.0,-1.617605570892709e-06
SUCD1_REV_6x7.59001.peg.301-MONOMER,0.0,-9.629099247327527e-07
SUCD1_FWD_6x7.59001.peg.301-MONOMER,0.0,-2.077839712035805e-06
SUCD1_REV_CPLX_FRD2-3,0.0,-2.617963658392108e-07
SUCD1_FWD_CPLX_FRD2-3,0.0,-1.376726153142263e-06
SUCD4_REV_6x7.59001.peg.2428-MONOMER,0.0,-1.6606644999374246e-06
SUCD4_FWD_6x7.59001.peg.2428-MONOMER,0.0,-2.7755942872404768e-06
SUCD4_REV_6x7.59001.peg.2429-MONOMER,0.0,-1.3810089045108224e-06
SUCD4_FWD_6x7.59001.peg.2429-MONOMER,0.0,-2.4959386918138745e-06
SUCD4_REV_CPLX_FRD2-0,0.0,-2.4510885704858415e-07
SUCD4_FWD_CPLX_FRD2-0,0.0,-1.3600386443516365e-06
SUCD4_REV_CPLX_FRD2-2,0.0,-5.026757835896568e-07
SUCD4_FWD_CPLX_FRD2-2,0.0,-1.617605570892709e-06
SUCD4_REV_CPLX_FRD2-1,0.9973793272267533,-3.435996122908455e-37
SUCD4_FWD_CPLX_FRD2-1,0.0,-1.1149297873030524e-06
SUCD4_REV_CPLX_FRD2-3,0.0,-2.617963658392108e-07
SUCD4_FWD_CPLX_FRD2-3,0.0,-1.376726153142263e-06
SUCDi_REV_CPLX_SUCDi-0_mod_3fe4s(1)_mod_fad(1)_mod_2fe2s(1)_mod_4fe4s(1),0.0,-7.882224324143262e-06
SUCDi_FWD_CPLX_SUCDi-0_mod_3fe4s(1)_mod_fad(1)_mod_2fe2s(1)_mod_4fe4s(1),0.0,-1.0112083898749367e-05
SUCDi_REV_CPLX_SUCDi-1_mod_pheme(1)_mod_3fe4s(1)_mod_4fe4s(1)_mod_fad(1)_mod_2fe2s(1),0.0,-7.286610564029688e-06
SUCDi_FWD_CPLX_SUCDi-1_mod_pheme(1)_mod_3fe4s(1)_mod_4fe4s(1)_mod_fad(1)_mod_2fe2s(1),0.0,-9.516470138635792e-06
SUCDimq_REV_CPLX_SUCDi-0_mod_3fe4s(1)_mod_fad(1)_mod_2fe2s(1)_mod_4fe4s(1),0.0,-1.0244500674430272e-05
SUCDimq_FWD_CPLX_SUCDi-0_mod_3fe4s(1)_mod_fad(1)_mod_2fe2s(1)_mod_4fe4s(1),0.0,-7.749807548462355e-06
SUCDimq_REV_CPLX_SUCDi-1_mod_pheme(1)_mod_3fe4s(1)_mod_4fe4s(1)_mod_fad(1)_mod_2fe2s(1),0.0,-9.6488869143167e-06
SUCDimq_FWD_CPLX_SUCDi-1_mod_pheme(1)_mod_3fe4s(1)_mod_4fe4s(1)_mod_fad(1)_mod_2fe2s(1),0.0,-7.154193788348782e-06
SUCOAS_REV_CPLX_SUCOAS-0,0.0,-1.7165785832030293e-06
SUCOAS_FWD_CPLX_SUCOAS-0,0.02381043690999565,1.879146101033597e-38
SUCpts_REV_6x7.59001.peg.1088-MONOMER,0.0,-2.7091869535507224e-06
SUCpts_FWD_6x7.59001.peg.1088-MONOMER,0.0,-2.5778690338013688e-39
TAGURr_REV_6x7.59001.peg.401-MONOMER,0.0,2.4635244790895994e-38
TAGURr_FWD_6x7.59001.peg.401-MONOMER,0.0,-3.015215886152714e-06
TALA_REV_6x7.59001.peg.416-MONOMER,0.0,-3.0124368929338934e-06
TALA_FWD_6x7.59001.peg.416-MONOMER,0.0,-3.0124368929338934e-06
TALA_REV_6x7.59001.peg.532-MONOMER,0.0,-1.0834879031470152e-06
TALA_FWD_6x7.59001.peg.532-MONOMER,0.0,-1.0834879031470152e-06
TDCOATA_REV_6x7.59001.peg.1975-MONOMER,0.007055898371439188,5.734408447278718e-38
TDCOATA_FWD_6x7.59001.peg.1975-MONOMER,0.0,-1.6928551884679482e-06
TDG3PACT_REV_CPLX_G3PAT120-0,0.0,2.8642100807228864e-39
TDG3PACT_FWD_CPLX_G3PAT120-0,0.0,-3.3009179401963264e-06
TDG3PACT_REV_6x7.59001.peg.189-MONOMER,0.0,-3.655361539138789e-07
TDG3PACT_FWD_6x7.59001.peg.189-MONOMER,0.0,-3.6664540941102054e-06
TDPADGAT_REV_6x7.59001.peg.80-MONOMER,0.0,-2.494209294423169e-06
TDPADGAT_FWD_6x7.59001.peg.80-MONOMER,0.0,-5.4771491464677793e-39
TDPDRE_REV_CPLX_dummy,0.0,-2.4112091072496414e-06
TDPDRE_FWD_CPLX_dummy,0.007055889864826238,9.048040657706031e-40
TDPDRRr_REV_CPLX_dummy,0.0,-2.4112091072496414e-06
TDPDRRr_FWD_CPLX_dummy,0.007055889864826238,1.721267390796485e-38
TDPGDH_REV_6x7.59001.peg.1154-MONOMER,0.0,-1.2599553438161024e-06
TDPGDH_FWD_6x7.59001.peg.1154-MONOMER,0.0,-7.77962506755737e-08
TDPGDH_REV_6x7.59001.peg.78-MONOMER_mod_nad(1),0.0,-1.1821590931405287e-06
TDPGDH_FWD_6x7.59001.peg.78-MONOMER_mod_nad(1),0.007055889864826238,-4.6261184151665274e-39
TDSK_REV_6x7.59001.peg.2044-MONOMER_mod_mg2(1),0.0,-3.096188749121004e-06
TDSK_FWD_6x7.59001.peg.2044-MONOMER_mod_mg2(1),0.007055889864826238,-7.972657523516946e-39
TECA5S140_REV_6x7.59001.peg.74-MONOMER_mod_mg2(1),0.0,-5.029716218589526e-37
TECA5S140_FWD_6x7.59001.peg.74-MONOMER_mod_mg2(1),0.0,-3.5101490849182543e-06
TECA5S160_REV_6x7.59001.peg.74-MONOMER_mod_mg2(1),0.0,-3.5101490849182543e-06
TECA5S160_FWD_6x7.59001.peg.74-MONOMER_mod_mg2(1),0.0,4.52581143973269e-37
TECA5S180_REV_6x7.59001.peg.74-MONOMER_mod_mg2(1),0.0,-3.5101490849182543e-06
TECA5S180_FWD_6x7.59001.peg.74-MONOMER_mod_mg2(1),0.0,4.52581143973269e-37
TECA5SAI15_REV_6x7.59001.peg.74-MONOMER_mod_mg2(1),0.0,-3.5101490849182543e-06
TECA5SAI15_FWD_6x7.59001.peg.74-MONOMER_mod_mg2(1),0.0,4.52581143973269e-37
TECA5SAI17_REV_6x7.59001.peg.74-MONOMER_mod_mg2(1),0.0,-3.5101490849182543e-06
TECA5SAI17_FWD_6x7.59001.peg.74-MONOMER_mod_mg2(1),0.0,5.322105411259541e-37
TECA5SI14_REV_6x7.59001.peg.74-MONOMER_mod_mg2(1),0.0,-3.5101490849182543e-06
TECA5SI14_FWD_6x7.59001.peg.74-MONOMER_mod_mg2(1),0.0,4.52581143973269e-37
TECA5SI15_REV_6x7.59001.peg.74-MONOMER_mod_mg2(1),0.0,-3.5101490849182543e-06
TECA5SI15_FWD_6x7.59001.peg.74-MONOMER_mod_mg2(1),0.0,4.52581143973269e-37
TECA5SI16_REV_6x7.59001.peg.74-MONOMER_mod_mg2(1),0.0,-3.5101490849182543e-06
TECA5SI16_FWD_6x7.59001.peg.74-MONOMER_mod_mg2(1),0.0,4.52581143973269e-37
TECA5SI17_REV_6x7.59001.peg.74-MONOMER_mod_mg2(1),0.0,-3.5101490849182543e-06
TECA5SI17_FWD_6x7.59001.peg.74-MONOMER_mod_mg2(1),0.0,4.52581143973269e-37
TGBPA_REV_6x7.59001.peg.2367-MONOMER,0.0,1.03947694239393e-39
TGBPA_FWD_6x7.59001.peg.2367-MONOMER,0.0,-1.0023030077539609e-06
THD1_REV_6x7.59001.peg.1636-MONOMER,0.0,-6.276807702866238e-08
THD1_FWD_6x7.59001.peg.1636-MONOMER,0.0,-1.23727493457924e-06
THD1_REV_6x7.59001.peg.3288-MONOMER_mod_fad(1),0.8119354999385402,9.087562679565777e-36
THD1_FWD_6x7.59001.peg.3288-MONOMER_mod_fad(1),0.0,-1.1745068575505777e-06
THD1_REV_6x7.59001.peg.1635-MONOMER,0.0,-4.2954949908768915e-07
THD1_FWD_6x7.59001.peg.1635-MONOMER,0.0,-1.6040563566382667e-06
THD2_REV_6x7.59001.peg.3288-MONOMER_mod_fad(1),0.0,2.1599268669966326e-06
THD2_FWD_6x7.59001.peg.3288-MONOMER_mod_fad(1),0.0,-3.33443372454721e-06
THD2_REV_CPLX_THD2-0,0.0,1.578568852740811e-06
THD2_FWD_CPLX_THD2-0,0.0,-3.9157917388030314e-06
THDPS_REV_6x7.59001.peg.690-MONOMER,0.0,-3.071679502215233e-07
THDPS_FWD_6x7.59001.peg.690-MONOMER,0.0,1.4332116502541563e-38
THIORDXi_REV_6x7.59001.peg.72-MONOMER,0.0,3.60728697496066e-05
THIORDXi_FWD_6x7.59001.peg.72-MONOMER,0.0,-3.8958363082316046e-05
THMDt2r_REV_6x7.59001.peg.446-MONOMER,0.0,-3.714910474266695e-06
THMDt2r_FWD_6x7.59001.peg.446-MONOMER,0.0,-2.6071440739447024e-07
THMDt2r_REV_6x7.59001.peg.2833-MONOMER,0.0,-3.4806845284440733e-06
THMDt2r_FWD_6x7.59001.peg.2833-MONOMER,0.0,-2.648846157184863e-08
THMDt2r_REV_6x7.59001.peg.1098-MONOMER,0.0,-3.454196066872225e-06
THMDt2r_FWD_6x7.59001.peg.1098-MONOMER,0.010358947122225393,0.0
THMPPC_REV_6x7.59001.peg.1813-MONOMER,0.0,-1.2410475977476843e-06
THMPPC_FWD_6x7.59001.peg.1813-MONOMER,0.038151689500639574,1.0551310599746361e-38
THMabc_REV_CPLX_THMabc-0,0.0,3.3638831888483506e-06
THMabc_FWD_CPLX_THMabc-0,0.0,-1.2218290632710829e-05
THMt3_REV_6x7.59001.peg.1689-MONOMER,0.0,-4.229353191989049e-06
THMt3_FWD_6x7.59001.peg.1689-MONOMER,0.0008738483381795242,3.0533065210099263e-40
THRAi_REV_6x7.59001.peg.2093-MONOMER_mod_pydx5p(1),0.0,-4.231767529127872e-06
THRAi_FWD_6x7.59001.peg.2093-MONOMER_mod_pydx5p(1),0.0,-6.414998533143706e-07
THRD_REV_6x7.59001.peg.58-MONOMER_mod_zn2(1),0.0,9.9088425492922e-08
THRD_FWD_6x7.59001.peg.58-MONOMER_mod_zn2(1),0.0,-8.068705667450465e-07
THRD_L_REV_6x7.59001.peg.854-MONOMER_mod_pydx5p(1),0.0,-1.0723430377104356e-06
THRD_L_FWD_6x7.59001.peg.854-MONOMER_mod_pydx5p(1),0.0435932682557641,-6.993528855263692e-40
THRD_L_REV_6x7.59001.peg.65-MONOMER_mod_pydx5p(1),0.0,-2.315585468600173e-06
THRD_L_FWD_6x7.59001.peg.65-MONOMER_mod_pydx5p(1),0.0,-1.2432424308897374e-06
THRPD_REV_6x7.59001.peg.1733-MONOMER,0.0,-4.583164291389765e-06
THRPD_FWD_6x7.59001.peg.1733-MONOMER,0.0,-2.186249644414242e-39
THRS_REV_6x7.59001.peg.529-MONOMER_mod_pydx5p(1),0.0,5.737094903951995e-07
THRS_FWD_6x7.59001.peg.529-MONOMER_mod_pydx5p(1),0.0,-3.993726612525388e-06
THRt2r_REV_6x7.59001.peg.856-MONOMER,0.0,-2.7920271821116498e-06
THRt2r_FWD_6x7.59001.peg.856-MONOMER,0.1269254401165014,-9.463162738285759e-40
THSFST_REV_6x7.59001.peg.3147-MONOMER,0.0,-1.3462189541410323e-40
THSFST_FWD_6x7.59001.peg.3147-MONOMER,0.0,-9.139915437193415e-07
THZPSN_REV_CPLX_dummy,0.0,-2.4112091072496414e-06
THZPSN_FWD_CPLX_dummy,0.0,-1.4509703642254573e-38
TKT1_REV_6x7.59001.peg.2807-MONOMER_mod_thmpp(1)_mod_mn2(1)_mod_mg2(1),0.0,-1.1556808223587823e-06
TKT1_FWD_6x7.59001.peg.2807-MONOMER_mod_thmpp(1)_mod_mn2(1)_mod_mg2(1),0.32199639893445214,-1.3419224343427034e-39
TKT1_REV_CPLX_TKT1-0,0.0,-1.5828265614590868e-06
TKT1_FWD_CPLX_TKT1-0,0.0,-4.271457391003044e-07
TKT2_REV_6x7.59001.peg.2807-MONOMER_mod_thmpp(1)_mod_mn2(1)_mod_mg2(1),0.0,-1.1556808223587823e-06
TKT2_FWD_6x7.59001.peg.2807-MONOMER_mod_thmpp(1)_mod_mn2(1)_mod_mg2(1),0.28940504870979705,3.174593116431093e-39
TKT2_REV_CPLX_TKT1-0,0.0,-1.5828265614590868e-06
TKT2_FWD_CPLX_TKT1-0,0.0,-4.271457391003044e-07
TMAOR1_REV_CPLX_DMSOR1-0,0.0,-1.4140954796557405e-06
TMAOR1_FWD_CPLX_DMSOR1-0,0.0,-1.1393395317814188e-06
TMAOR1_REV_CPLX_DMSOR1-1,0.0,-1.9667698107152722e-06
TMAOR1_FWD_CPLX_DMSOR1-1,0.0,-1.6920138628409506e-06
TMAOR1e_REV_6x7.59001.peg.2151-MONOMER,0.0,-8.880687961460157e-08
TMAOR1e_FWD_6x7.59001.peg.2151-MONOMER,0.0,-1.2281464113960204e-06
TMAOR1e_REV_6x7.59001.peg.2150-MONOMER,0.0,-2.0885536811251084e-07
TMAOR1e_FWD_6x7.59001.peg.2150-MONOMER,0.0,-1.3481948998939297e-06
TMAOR1e_REV_6x7.59001.peg.267-MONOMER,0.001747116306140054,-2.670084586801312e-38
TMAOR1e_FWD_6x7.59001.peg.267-MONOMER,0.0,-1.1393395317814188e-06
TMAOR1e_REV_6x7.59001.peg.266-MONOMER,0.0,-1.9653041683299223e-08
TMAOR1e_FWD_6x7.59001.peg.266-MONOMER,0.0,-1.158992573464718e-06
TMAOR2_REV_CPLX_DMSOR1-0,0.0,-2.5534350114371592e-06
TMAOR2_FWD_CPLX_DMSOR1-0,0.0,2.0986785370444317e-40
TMAOR2_REV_CPLX_DMSOR1-1,0.0,-3.1061093424966912e-06
TMAOR2_FWD_CPLX_DMSOR1-1,0.0,-5.526743310595318e-07
TMAOR2e_REV_6x7.59001.peg.2151-MONOMER,0.0,-1.2281464113960204e-06
TMAOR2e_FWD_6x7.59001.peg.2151-MONOMER,0.0,-8.880687961460157e-08
TMAOR2e_REV_6x7.59001.peg.2150-MONOMER,0.0,-1.3481948998939297e-06
TMAOR2e_FWD_6x7.59001.peg.2150-MONOMER,0.0,-2.0885536811251084e-07
TMAOR2e_REV_6x7.59001.peg.267-MONOMER,0.0,-1.1393395317814188e-06
TMAOR2e_FWD_6x7.59001.peg.267-MONOMER,0.001747116306140054,3.050438516545089e-38
TMAOR2e_REV_6x7.59001.peg.266-MONOMER,0.0,-1.158992573464718e-06
TMAOR2e_FWD_6x7.59001.peg.266-MONOMER,0.0,-1.9653041683299223e-08
TMDK1_REV_6x7.59001.peg.1447-MONOMER_mod_mg2(1),0.0,-2.2137408551405907e-06
TMDK1_FWD_6x7.59001.peg.1447-MONOMER_mod_mg2(1),0.010358947122225393,2.190321102424932e-37
TMDPK_REV_CPLX_dummy,0.0,-2.4112091072496414e-06
TMDPK_FWD_CPLX_dummy,0.0008738483381795242,6.957598036309e-39
TMDPP_REV_6x7.59001.peg.450-MONOMER,0.0,1.4262365257383052e-39
TMDPP_FWD_6x7.59001.peg.450-MONOMER,0.0,-1.858872957383872e-06
TMDS_REV_6x7.59001.peg.659-MONOMER_mod_mg2(1),0.0,-2.2297721538889428e-06
TMDS_FWD_6x7.59001.peg.659-MONOMER_mod_mg2(1),0.0,-1.3205711849194686e-38
TMK_REV_6x7.59001.peg.1772-MONOMER_mod_mg2(1),0.0,-3.5454258346344314e-06
TMK_FWD_6x7.59001.peg.1772-MONOMER_mod_mg2(1),0.0,-2.801010222719884e-39
TMN_REV_CPLX_dummy,0.0,2.02343736397282e-05
TMN_FWD_CPLX_dummy,0.0,-2.264558274697784e-05
TMPK_REV_6x7.59001.peg.937-MONOMER_mod_mg2(1),0.0,-1.4374578800148954e-06
TMPK_FWD_6x7.59001.peg.937-MONOMER_mod_mg2(1),0.0,-1.9083585022530433e-06
TMPPP_REV_6x7.59001.peg.148-MONOMER_mod_mg2(1),0.0,-2.6743237216660194e-06
TMPPP_FWD_6x7.59001.peg.148-MONOMER_mod_mg2(1),0.0,4.924554702544814e-39
TPI_REV_6x7.59001.peg.3262-MONOMER,0.0,-6.620351587858318e-07
TPI_FWD_6x7.59001.peg.3262-MONOMER,3.235229138861535,-4.7577613283326986e-40
TRDOXOX_REV_6x7.59001.peg.1428-MONOMER,0.0,-2.1255749171962435e-35
TRDOXOX_FWD_6x7.59001.peg.1428-MONOMER,0.0,-1.609033413018815e-06
TRDRr_REV_6x7.59001.peg.2074-MONOMER,0.0,-2.9553244134826744e-06
TRDRr_FWD_6x7.59001.peg.2074-MONOMER,0.04193957136365416,-1.0992703557905847e-34
TREpts_REV_6x7.59001.peg.1088-MONOMER,0.0,-2.7091869535507224e-06
TREpts_FWD_6x7.59001.peg.1088-MONOMER,0.0,-2.5778690338013688e-39
TRPAS2i_REV_6x7.59001.peg.805-MONOMER,0.0,6.476397003572576e-07
TRPAS2i_FWD_6x7.59001.peg.805-MONOMER,0.0,-1.6665760124665429e-06
TRPS1_REV_CPLX_TRPS1-0_mod_pydx5p(1),0.0,-3.414424741952601e-06
TRPS1_FWD_CPLX_TRPS1-0_mod_pydx5p(1),0.0,-5.929241522059348e-07
TRPS2_REV_CPLX_TRPS1-0_mod_pydx5p(1),0.0,-1.410750294873333e-06
TRPS2_FWD_CPLX_TRPS1-0_mod_pydx5p(1),0.0,-2.5965985992852027e-06
TRPS3_REV_CPLX_TRPS1-0_mod_pydx5p(1),0.0,-4.007348894158535e-06
TRPS3_FWD_CPLX_TRPS1-0_mod_pydx5p(1),0.0,-1.4431941363414988e-39
TRPTA_REV_CPLX_dummy,0.0,-1.4371384430028596e-40
TRPTA_FWD_CPLX_dummy,0.0,-2.4112091072496414e-06
TRPt2r_REV_6x7.59001.peg.1376-MONOMER,0.0,-3.822405263897074e-06
TRPt2r_FWD_6x7.59001.peg.1376-MONOMER,0.0,-1.5953651563924348e-07
TRPt2r_REV_6x7.59001.peg.804-MONOMER,0.0,-3.6628687482578307e-06
TRPt2r_FWD_6x7.59001.peg.804-MONOMER,0.009097099206446711,-2.0914452875689202e-40
TRPt2r_REV_6x7.59001.peg.2154-MONOMER,0.0,-3.7146591623278124e-06
TRPt2r_FWD_6x7.59001.peg.2154-MONOMER,0.0,-5.179041406998152e-08
TTDCAt2_REV_6x7.59001.peg.2315-MONOMER,0.0,-1.9969017974558159e-07
TTDCAt2_FWD_6x7.59001.peg.2315-MONOMER,0.0,-1.1229147970431505e-06
TTDCAtr_REV_CPLX_dummy,0.0,-2.4112091072496414e-06
TTDCAtr_FWD_CPLX_dummy,0.007055898371439188,0.0
TTHrdmq_REV_CPLX_dummy,0.0,5.876214545993639e-07
TTHrdmq_FWD_CPLX_dummy,0.0,-2.998830561849005e-06
TTHrmq_REV_CPLX_dummy,0.0,1.7269609863807827e-06
TTHrmq_FWD_CPLX_dummy,0.0,-4.138170093630424e-06
TYRTA_REV_CPLX_dummy,0.0,-2.4112091072496414e-06
TYRTA_FWD_CPLX_dummy,0.0,-1.6978633858348273e-39
TYRt2r_REV_6x7.59001.peg.1376-MONOMER,0.0,-3.9819417795363175e-06
TYRt2r_FWD_6x7.59001.peg.1376-MONOMER,0.04059411305921994,0.0
TYRt2r_REV_6x7.59001.peg.2215-MONOMER,0.0,-5.0116898183286055e-06
TYRt2r_FWD_6x7.59001.peg.2215-MONOMER,0.0,-1.0297480387922876e-06
U23GAAT_REV_6x7.59001.peg.703-MONOMER,0.0,-4.065474982233773e-07
U23GAAT_FWD_6x7.59001.peg.703-MONOMER,0.014111779729652475,2.8239056902337423e-37
UAAGDS_REV_6x7.59001.peg.590-MONOMER,0.0,-2.7644715826879695e-06
UAAGDS_FWD_6x7.59001.peg.590-MONOMER,0.0,-9.622792868671768e-39
UACMAMO_REV_6x7.59001.peg.77-MONOMER,0.0,5.184050609540731e-05
UACMAMO_FWD_6x7.59001.peg.77-MONOMER,0.0,-5.3454484694104114e-05
UAG2E_REV_6x7.59001.peg.1159-MONOMER,0.0,2.9200112840042913e-39
UAG2E_FWD_6x7.59001.peg.1159-MONOMER,0.0,-1.8480239088108348e-06
UAG2E_REV_6x7.59001.peg.76-MONOMER_mod_nad(1),0.0,-4.606518333842095e-07
UAG2E_FWD_6x7.59001.peg.76-MONOMER_mod_nad(1),0.0,-2.3086757421950445e-06
UAG2EMA_REV_6x7.59001.peg.1159-MONOMER,0.0,-1.8480239088108348e-06
UAG2EMA_FWD_6x7.59001.peg.1159-MONOMER,0.0,-2.4130439224199867e-39
UAG2EMA_REV_6x7.59001.peg.76-MONOMER_mod_nad(1),0.0,-2.3086757421950445e-06
UAG2EMA_FWD_6x7.59001.peg.76-MONOMER_mod_nad(1),0.0,-4.606518333842095e-07
UAG4E_REV_6x7.59001.peg.1152-MONOMER,0.0,3.6015758504730536e-39
UAG4E_FWD_6x7.59001.peg.1152-MONOMER,0.0,-1.2174915022669078e-06
UAG4E_REV_6x7.59001.peg.2405-MONOMER_mod_nad(1),0.0,-3.1201158512004985e-07
UAG4E_FWD_6x7.59001.peg.2405-MONOMER_mod_nad(1),0.0,-1.5295030873869577e-06
UAGAAT_REV_6x7.59001.peg.705-MONOMER,0.0,-1.8937078261137542e-07
UAGAAT_FWD_6x7.59001.peg.705-MONOMER,0.014111779729652475,6.050505191968615e-36
UAGCVT_r_REV_6x7.59001.peg.473-MONOMER,0.0,3.177244155926224e-39
UAGCVT_r_FWD_6x7.59001.peg.473-MONOMER,0.0,-1.6951973042473667e-06
UAGDP_REV_6x7.59001.peg.3346-MONOMER_mod_mg2(1),0.0,-3.0396715874717332e-06
UAGDP_FWD_6x7.59001.peg.3346-MONOMER_mod_mg2(1),0.014111779729652475,4.878449873409759e-39
UAGPT2_REV_6x7.59001.peg.595-MONOMER,0.0,-1.743231088201282e-06
UAGPT2_FWD_6x7.59001.peg.595-MONOMER,0.0,-6.911304530652476e-39
UAGPT3_REV_6x7.59001.peg.595-MONOMER,0.0,-1.743231088201282e-06
UAGPT3_FWD_6x7.59001.peg.595-MONOMER,0.0,2.585339842947778e-38
UAMAGS_REV_6x7.59001.peg.593-MONOMER_mod_k(1)_mod_mg2(1),0.0,-3.330680984205088e-06
UAMAGS_FWD_6x7.59001.peg.593-MONOMER_mod_k(1)_mod_mg2(1),0.0,1.1675674734598277e-39
UAMAS_REV_6x7.59001.peg.596-MONOMER_mod_mg2(1),0.0,6.758364747020425e-05
UAMAS_FWD_6x7.59001.peg.596-MONOMER_mod_mg2(1),0.0,-6.919365626888076e-05
UAPGR_REV_6x7.59001.peg.137-MONOMER_mod_fad(1),0.0,5.312955042313193e-05
UAPGR_FWD_6x7.59001.peg.137-MONOMER_mod_fad(1),0.0,-5.477525686727888e-05
UDCPDP_REV_6x7.59001.peg.424-MONOMER,0.0,-3.4799074164492863e-06
UDCPDP_FWD_6x7.59001.peg.424-MONOMER,0.0,1.3894569048160636e-39
UDCPDPS_REV_CPLX_dummy,0.0,-2.4112091072496414e-06
UDCPDPS_FWD_CPLX_dummy,0.007055889864826238,1.8562560259769224e-38
UDPG4E_REV_6x7.59001.peg.1152-MONOMER,0.0,2.9359218873576467e-39
UDPG4E_FWD_6x7.59001.peg.1152-MONOMER,0.0,-1.2174915022669078e-06
UDPG4E_REV_6x7.59001.peg.2405-MONOMER_mod_nad(1),0.0,-3.1201158512004985e-07
UDPG4E_FWD_6x7.59001.peg.2405-MONOMER_mod_nad(1),0.0,-1.5295030873869577e-06
UDPGDr_REV_6x7.59001.peg.1153-MONOMER,0.0,2.458436964263494e-38
UDPGDr_FWD_6x7.59001.peg.1153-MONOMER,0.0,-1.06946844684212e-06
UDPGP_REV_6x7.59001.peg.991-MONOMER_mod_zn2(1),0.0,1.894501272434638e-05
UDPGP_FWD_6x7.59001.peg.991-MONOMER_mod_zn2(1),0.0,-2.0261039849984675e-05
UDPGP_REV_6x7.59001.peg.991-MONOMER_mod_cobalt2(1),0.0,1.8944798962524206e-05
UDPGP_FWD_6x7.59001.peg.991-MONOMER_mod_cobalt2(1),0.0,-2.0261253611806846e-05
UGMDDS_REV_6x7.59001.peg.591-MONOMER,0.0,-3.1016777898253143e-06
UGMDDS_FWD_6x7.59001.peg.591-MONOMER,0.0,1.752245992975477e-39
UHGADA_REV_6x7.59001.peg.601-MONOMER,0.0,-1.885528850427873e-06
UHGADA_FWD_6x7.59001.peg.601-MONOMER,0.014111779729652475,9.167837769237363e-39
UMPK_REV_6x7.59001.peg.695-MONOMER,0.0,-3.3153198147536975e-06
UMPK_FWD_6x7.59001.peg.695-MONOMER,0.07960742539158507,1.1089837516105107e-36
UPP3MT_REV_6x7.59001.peg.3088-MONOMER,0.0,-3.5737385637598525e-06
UPP3MT_FWD_6x7.59001.peg.3088-MONOMER,0.000873558153070027,1.2664142648959318e-38
UPP3S_REV_6x7.59001.peg.89-MONOMER,0.0,-3.562686321719187e-06
UPP3S_FWD_6x7.59001.peg.89-MONOMER,0.001747116306140054,-8.655412622911395e-40
UPPDC1_REV_6x7.59001.peg.151-MONOMER,0.0,-2.1743952047514134e-06
UPPDC1_FWD_6x7.59001.peg.151-MONOMER,0.000873558153070027,7.585049279036882e-38
UPPDC2b_REV_6x7.59001.peg.151-MONOMER,0.0,-2.1743952047514134e-06
UPPDC2b_FWD_6x7.59001.peg.151-MONOMER,0.0,9.68304163281304e-40
UPPRT_REV_6x7.59001.peg.1044-MONOMER,0.0,6.676700163943418e-06
UPPRT_FWD_6x7.59001.peg.1044-MONOMER,0.0,-9.069305025671094e-06
URAt2_REV_6x7.59001.peg.1689-MONOMER,0.0,8.03975171889179e-06
URAt2_FWD_6x7.59001.peg.1689-MONOMER,0.0,-1.2269104910880839e-05
URAt2_REV_6x7.59001.peg.1045-MONOMER,0.0,8.300886580226602e-06
URAt2_FWD_6x7.59001.peg.1045-MONOMER,0.0,-1.2007970049546027e-05
UREAt_REV_CPLX_dummy,0.0,-2.4112091072496414e-06
UREAt_FWD_CPLX_dummy,0.0,-2.0729762502236266e-40
URFGTT_REV_6x7.59001.peg.119-MONOMER,0.0,-1.2993213290135667e-06
URFGTT_FWD_6x7.59001.peg.119-MONOMER,0.0,-3.539926421070621e-38
URIDK3_REV_6x7.59001.peg.695-MONOMER,0.0,-2.8717999455033738e-39
URIDK3_FWD_6x7.59001.peg.695-MONOMER,0.0,-3.3153198147536975e-06
URIK1_REV_6x7.59001.peg.1139-MONOMER_mod_mg2(1),0.0,-1.210590408011106e-06
URIK1_FWD_6x7.59001.peg.1139-MONOMER_mod_mg2(1),0.05950208014905636,-4.468018988806431e-37
URIK10_REV_6x7.59001.peg.1139-MONOMER_mod_mg2(1),0.0,8.291265003314103e-06
URIK10_FWD_6x7.59001.peg.1139-MONOMER_mod_mg2(1),0.0,-9.50185541132521e-06
URIK11_REV_6x7.59001.peg.1139-MONOMER_mod_mg2(1),0.0,8.291265003314103e-06
URIK11_FWD_6x7.59001.peg.1139-MONOMER_mod_mg2(1),0.0,-9.50185541132521e-06
URIK12_REV_6x7.59001.peg.1139-MONOMER_mod_mg2(1),0.0,8.291265003314103e-06
URIK12_FWD_6x7.59001.peg.1139-MONOMER_mod_mg2(1),0.0,-9.50185541132521e-06
URIK13_REV_6x7.59001.peg.1139-MONOMER_mod_mg2(1),0.0,8.291265003314103e-06
URIK13_FWD_6x7.59001.peg.1139-MONOMER_mod_mg2(1),0.0,-9.50185541132521e-06
URIK14_REV_6x7.59001.peg.1139-MONOMER_mod_mg2(1),0.0,8.291265003314103e-06
URIK14_FWD_6x7.59001.peg.1139-MONOMER_mod_mg2(1),0.0,-9.50185541132521e-06
URIK2_REV_6x7.59001.peg.1139-MONOMER_mod_mg2(1),0.0,-1.210590408011106e-06
URIK2_FWD_6x7.59001.peg.1139-MONOMER_mod_mg2(1),0.0,-4.468018988806431e-37
URIK3_REV_6x7.59001.peg.1139-MONOMER_mod_mg2(1),0.0,-1.210590408011106e-06
URIK3_FWD_6x7.59001.peg.1139-MONOMER_mod_mg2(1),0.0,-4.468018988806431e-37
URIK4_REV_6x7.59001.peg.1139-MONOMER_mod_mg2(1),0.0,-1.210590408011106e-06
URIK4_FWD_6x7.59001.peg.1139-MONOMER_mod_mg2(1),0.0,-4.446669637209925e-37
URIK5_REV_6x7.59001.peg.1139-MONOMER_mod_mg2(1),0.0,-1.210590408011106e-06
URIK5_FWD_6x7.59001.peg.1139-MONOMER_mod_mg2(1),0.0,-4.510717691999445e-37
URIK6_REV_6x7.59001.peg.1139-MONOMER_mod_mg2(1),0.0,-1.210590408011106e-06
URIK6_FWD_6x7.59001.peg.1139-MONOMER_mod_mg2(1),0.0,-5.193896943087662e-37
URIK7_REV_6x7.59001.peg.1139-MONOMER_mod_mg2(1),0.0,-1.210590408011106e-06
URIK7_FWD_6x7.59001.peg.1139-MONOMER_mod_mg2(1),0.0,-4.553416395192459e-37
URIK8_REV_6x7.59001.peg.1139-MONOMER_mod_mg2(1),0.0,-1.210590408011106e-06
URIK8_FWD_6x7.59001.peg.1139-MONOMER_mod_mg2(1),0.0,-4.510717691999445e-37
URIK9_REV_6x7.59001.peg.1139-MONOMER_mod_mg2(1),0.0,-1.210590408011106e-06
URIK9_FWD_6x7.59001.peg.1139-MONOMER_mod_mg2(1),0.0,-4.425320285613418e-37
URIt2r_REV_6x7.59001.peg.446-MONOMER,0.0,-3.714910474266695e-06
URIt2r_FWD_6x7.59001.peg.446-MONOMER,0.0,-2.6071440739447024e-07
URIt2r_REV_6x7.59001.peg.2833-MONOMER,0.0,-3.4806845284440733e-06
URIt2r_FWD_6x7.59001.peg.2833-MONOMER,0.0,-2.648846157184863e-08
URIt2r_REV_6x7.59001.peg.1098-MONOMER,0.0,-3.454196066872225e-06
URIt2r_FWD_6x7.59001.peg.1098-MONOMER,0.05950208014905636,0.0
USHD_REV_CPLX_dummy,0.0,-2.4112091072496414e-06
USHD_FWD_CPLX_dummy,0.007055889864826238,-3.253859280812361e-39
UTPATPT_REV_6x7.59001.peg.982-MONOMER_mod_mg2(1),0.0,-6.633161051466419e-07
UTPATPT_FWD_6x7.59001.peg.982-MONOMER_mod_mg2(1),0.0,7.585883730740282e-38
VALTA_REV_6x7.59001.peg.63-MONOMER_mod_pydx5p(6),0.23279567798562964,4.687432858245954e-39
VALTA_FWD_6x7.59001.peg.63-MONOMER_mod_pydx5p(6),0.0,-1.1335026417513557e-06
VALTA_REV_6x7.59001.peg.63-MONOMER_mod_pydx5p(1),0.0,-1.5394249627242782e-08
VALTA_FWD_6x7.59001.peg.63-MONOMER_mod_pydx5p(1),0.0,-1.1488968913785985e-06
VALt2r_REV_6x7.59001.peg.2569-MONOMER,0.0,-4.983610557425608e-06
VALt2r_FWD_6x7.59001.peg.2569-MONOMER,0.0,-5.029958477871392e-07
VALt2r_REV_6x7.59001.peg.910-MONOMER,0.0,-4.480614709638469e-06
VALt2r_FWD_6x7.59001.peg.910-MONOMER,0.0628296956996047,-2.7983665428585112e-36
VPAMTr_REV_6x7.59001.peg.10-MONOMER_mod_pydx5p(1),0.0,-3.193920655848086e-06
VPAMTr_FWD_6x7.59001.peg.10-MONOMER_mod_pydx5p(1),0.19464398848499007,7.623159877622506e-39
XANt2_REV_6x7.59001.peg.25-MONOMER,0.0,1.2552232605133533e-05
XANt2_FWD_6x7.59001.peg.25-MONOMER,0.0,-1.6943568535658205e-05
XANt2_REV_6x7.59001.peg.2038-MONOMER,0.0,1.3132966310875123e-05
XANt2_FWD_6x7.59001.peg.2038-MONOMER,0.0,-1.636283482991662e-05
XPPT_REV_6x7.59001.peg.626-MONOMER,0.0,-1.832002155436923e-06
XPPT_FWD_6x7.59001.peg.626-MONOMER,0.0,-1.959709758801806e-07
XPPT_REV_6x7.59001.peg.748-MONOMER,0.0,-1.6360311795567423e-06
XPPT_FWD_6x7.59001.peg.748-MONOMER,0.0,-2.1610192362378317e-39
XTSNH_REV_6x7.59001.peg.2478-MONOMER,0.0,2.5362993282655955e-06
XTSNH_FWD_6x7.59001.peg.2478-MONOMER,0.0,-5.087618537883331e-06
XYLt_REV_6x7.59001.peg.2814-MONOMER,0.0,0.0
XYLt_FWD_6x7.59001.peg.2814-MONOMER,0.0,-2.919231465474494e-06
YUMPS_REV_CPLX_YUMPS-0,0.0,-7.154318793637558e-40
YUMPS_FWD_CPLX_YUMPS-0,0.0,-2.188345743674006e-06
YUMPS_REV_CPLX_YUMPS-1,0.0,-4.467434708658195e-07
YUMPS_FWD_CPLX_YUMPS-1,0.0,-2.6350892145398256e-06
ZNabc_REV_CPLX_ZNabc-0,0.0,-6.613636364312335e-06
ZNabc_FWD_CPLX_ZNabc-0,7.283208964018616e-07,-3.2612350533752495e-37
dreplication_REV_CPLX_dreplication-1,0.0,-5.420007681087839e-06
dreplication_FWD_CPLX_dreplication-1,0.0,5.059415301918645e-40
dreplication_REV_CPLX_dreplication-0,0.0,-5.497977129786372e-06
dreplication_FWD_CPLX_dreplication-0,0.0,-7.79694486985336e-08
pbiosynthesis_REV_CPLX_pbiosynthesis-0,0.0,-3.7932988688073265e-06
pbiosynthesis_FWD_CPLX_pbiosynthesis-0,0.0,-2.8116128705769355e-07
pbiosynthesis_REV_CPLX_pbiosynthesis-1,0.0,-3.512137581749633e-06
pbiosynthesis_FWD_CPLX_pbiosynthesis-1,0.0,0.0
r0010_REV_6x7.59001.peg.851-MONOMER_mod_pheme(1),0.0,-1.5014019901965427e-06
r0010_FWD_6x7.59001.peg.851-MONOMER_mod_pheme(1),0.0,6.214159831078404e-39
r0010_REV_6x7.59001.peg.1314-MONOMER_mod_hemed(6),0.0,-1.948272996045289e-06
r0010_FWD_6x7.59001.peg.1314-MONOMER_mod_hemed(6),0.0,-4.4687100584874625e-07
r0060_REV_6x7.59001.peg.1726-MONOMER_mod_4fe4s(1),0.0,1.2447437208340012e-06
r0060_FWD_6x7.59001.peg.1726-MONOMER_mod_4fe4s(1),0.0,-2.255320296401669e-06
r0060_REV_6x7.59001.peg.2132-MONOMER_mod_4fe4s(1),0.0,1.1069291616466088e-06
r0060_FWD_6x7.59001.peg.2132-MONOMER_mod_4fe4s(1),0.0,-2.3931348555890614e-06
r0082_REV_6x7.59001.peg.1925-MONOMER_mod_mg2(1),0.0,6.816353992422334e-06
r0082_FWD_6x7.59001.peg.1925-MONOMER_mod_mg2(1),0.0,-7.428698292563596e-06
r0082_REV_6x7.59001.peg.1925-MONOMER_mod_mn2(1),0.0,6.817018375582217e-06
r0082_FWD_6x7.59001.peg.1925-MONOMER_mod_mn2(1),0.0,-7.428033909403713e-06
r0120_REV_6x7.59001.peg.1110-MONOMER_mod_zn2(1),0.0,-3.0346728295176667e-06
r0120_FWD_6x7.59001.peg.1110-MONOMER_mod_zn2(1),0.0,-4.919628819703142e-39
r0127_REV_6x7.59001.peg.2052-MONOMER,0.0,2.1386405456321493e-06
r0127_FWD_6x7.59001.peg.2052-MONOMER,0.0,-4.109197179924661e-06
r0127_REV_6x7.59001.peg.1431-MONOMER,0.0,1.9228643811847016e-06
r0127_FWD_6x7.59001.peg.1431-MONOMER,0.0,-4.324973344372109e-06
r0163c_REV_6x7.59001.peg.2425-MONOMER,0.0,-1.8823703676533973e-06
r0163c_FWD_6x7.59001.peg.2425-MONOMER,0.0,2.8722561621552854e-40
r0220_REV_6x7.59001.peg.159-MONOMER,0.0,1.0645097302567339e-38
r0220_FWD_6x7.59001.peg.159-MONOMER,0.0,-5.709205567990191e-07
r0318i_REV_6x7.59001.peg.159-MONOMER,0.0,8.850207478298127e-06
r0318i_FWD_6x7.59001.peg.159-MONOMER,0.0,-9.421128035097146e-06
r0339_REV_6x7.59001.peg.3155-MONOMER,0.0,-2.3626304456965193e-06
r0339_FWD_6x7.59001.peg.3155-MONOMER,0.0,-3.2106192899622746e-39
r0345_REV_6x7.59001.peg.982-MONOMER_mod_mg2(1),0.0,1.582590486246234e-39
r0345_FWD_6x7.59001.peg.982-MONOMER_mod_mg2(1),0.0,-6.633161051466419e-07
r0391_REV_CPLX_dummy,0.0,-2.4112091072496414e-06
r0391_FWD_CPLX_dummy,0.9991262924620271,-2.8051406279111602e-39
r0398_REV_6x7.59001.peg.878-MONOMER_mod_fad(1),0.0,-2.4751966251809974e-06
r0398_FWD_6x7.59001.peg.878-MONOMER_mod_fad(1),0.0,-5.872534287752888e-07
r0422_REV_6x7.59001.peg.1925-MONOMER_mod_mg2(1),0.0,-6.643831598833584e-10
r0422_FWD_6x7.59001.peg.1925-MONOMER_mod_mg2(1),0.0,-6.116799169813799e-07
r0422_REV_6x7.59001.peg.1925-MONOMER_mod_mn2(1),0.0,2.5430360204895744e-38
r0422_FWD_6x7.59001.peg.1925-MONOMER_mod_mn2(1),0.0,-6.110155338214966e-07
r0502_REV_CPLX_r0502-0,0.0,-2.001904831389843e-06
r0502_FWD_CPLX_r0502-0,0.0,-5.342891494352202e-38
r0556ci_REV_6x7.59001.peg.2424-MONOMER,0.0,-1.9154894494785654e-06
r0556ci_FWD_6x7.59001.peg.2424-MONOMER,0.0,-1.4092443866487323e-38
r0570_REV_6x7.59001.peg.451-MONOMER_mod_mn2(1),0.0,-1.5028721277655973e-06
r0570_FWD_6x7.59001.peg.451-MONOMER_mod_mn2(1),0.038151689500639574,3.6612750500324455e-40
r0584_REV_CPLX_dummy,0.0008737075379728838,-1.1327102938725858e-39
r0584_FWD_CPLX_dummy,0.0,-2.4112091072496414e-06
r0671_REV_6x7.59001.peg.38-MONOMER_mod_mg2(1),0.0,-3.233855579953771e-06
r0671_FWD_6x7.59001.peg.38-MONOMER_mod_mg2(1),0.0,-9.308834728625969e-07
r0671_REV_6x7.59001.peg.38-MONOMER_mod_fmn(1),0.0,-3.2303373128075862e-06
r0671_FWD_6x7.59001.peg.38-MONOMER_mod_fmn(1),0.0,-9.273652057164125e-07
r0708_REV_6x7.59001.peg.1110-MONOMER_mod_zn2(1),0.0,-3.0346728295176667e-06
r0708_FWD_6x7.59001.peg.1110-MONOMER_mod_zn2(1),0.0,5.0892711927963534e-40
r0775_REV_6x7.59001.peg.1110-MONOMER_mod_zn2(1),0.0,-1.5173364147588333e-06
r0775_FWD_6x7.59001.peg.1110-MONOMER_mod_zn2(1),0.0,-1.5173364147588333e-06
r0777_REV_6x7.59001.peg.1110-MONOMER_mod_zn2(1),0.0,-3.0346728295176667e-06
r0777_FWD_6x7.59001.peg.1110-MONOMER_mod_zn2(1),0.0,3.133277429629358e-39
r0792_REV_6x7.59001.peg.3298-MONOMER_mod_fad(1),0.0473802836748469,-3.314217469784044e-37
r0792_FWD_6x7.59001.peg.3298-MONOMER_mod_fad(1),0.0,-2.1609030297472667e-06
r1144_REV_6x7.59001.peg.26-MONOMER,0.0,-2.667059499686165e-06
r1144_FWD_6x7.59001.peg.26-MONOMER,0.0,-2.358597546642408e-06
r1144_REV_6x7.59001.peg.176-MONOMER,0.0,-1.5875590047558458e-06
r1144_FWD_6x7.59001.peg.176-MONOMER,0.0,-1.2790970517120887e-06
r1162_REV_6x7.59001.peg.1092-MONOMER,0.0,9.096780237746676e-06
r1162_FWD_6x7.59001.peg.1092-MONOMER,0.0,-1.3125955883051195e-05
r1667_REV_6x7.59001.peg.1312-MONOMER,0.0,-2.157050047100032e-06
r1667_FWD_6x7.59001.peg.1312-MONOMER,0.0,-1.396092270304205e-06
r1667_REV_6x7.59001.peg.1817-MONOMER,0.0,-1.662636380198761e-06
r1667_FWD_6x7.59001.peg.1817-MONOMER,0.0,-9.016786034029343e-07
r1667_REV_6x7.59001.peg.1638-MONOMER,0.0,-2.638652459545676e-06
r1667_FWD_6x7.59001.peg.1638-MONOMER,0.0,-1.877694682749849e-06
r2137_REV_6x7.59001.peg.2533-MONOMER,0.0,4.697977567337815e-40
r2137_FWD_6x7.59001.peg.2533-MONOMER,0.0,-5.330085909298805e-06
rtranscription_REV_CPLX_rtranscription-0,0.0,-4.0331010969837645e-06
rtranscription_FWD_CPLX_rtranscription-0,0.0,0.0
dummy_reaction_REV_SPONT,0.0,1.0
dummy_reaction_FWD_SPONT,1.1237858749019336e-08,-1.4393334385103735e-34
GAM,0.2821114655482083,-0.00032954186578002036
ATPM,1.0,-8.238546644500509e-06
DNA_replication,0.05229856904841776,0.010221398595852393
formation_ribosome,1.4639140340134875e-05,-1.232595164407831e-32
formation_RNAP_6x759001peg2568MONOMER,4.603387136545353e-07,8.804678443049692e-34
formation_RNA_degradosome,5.32728808388099e-10,6.016525093676239e-33
formation_rRNA_containing_excision_machinery,1.058940855313166e-10,2.7541425353935667e-33
formation_monocistronic_excision_machinery,2.862588023758197e-10,1.981007824731732e-34
6x7.59001.peg.2662-MONOMER_mod_2fe2s(1)_to_generic_2fe2s_transfer_complex,0.0,-0.6491624233756474
6x7.59001.peg.2624-MONOMER_mod_2fe2s(1)_to_generic_2fe2s_transfer_complex,0.0,-3.093929858189062e-33
6x7.59001.peg.2662-MONOMER_2fe2s_unloading,0.0,2.1552495303720064e-33
6x7.59001.peg.2624-MONOMER_2fe2s_unloading,0.0,-1.892063775253053e-05
6x7.59001.peg.2662-MONOMER_mod_4fe4s(1)_to_generic_4fe4s_transfer_complex,0.0,-0.6491811262060119
6x7.59001.peg.2624-MONOMER_mod_4fe4s(1)_to_generic_4fe4s_transfer_complex,2.1252072240211456e-14,0.0
6x7.59001.peg.2662-MONOMER_4fe4s_unloading,0.0,-1.332520756791968e-34
6x7.59001.peg.2624-MONOMER_4fe4s_unloading,0.0,-2.1780738812727974e-07
translocation_6x7.59001.peg.2735_Periplasm,2.827050359221755e-09,2.2468566725190425e-34
translocation_6x7.59001.peg.1403_Inner_Membrane,0.0,2.393956760969948e-34
translocation_6x7.59001.peg.1894_Inner_Membrane,0.0,0.0
translocation_6x7.59001.peg.1449_Membrane,-4.43996522767637e-42,-1.2448628743322492e-34
translocation_6x7.59001.peg.74_Inner_Membrane,0.0,2.573541679058317e-34
translocation_6x7.59001.peg.2458_Inner_Membrane,6.907386556431402e-08,-2.1806859626043826e-34
translocation_6x7.59001.peg.2263_Membrane,0.0,-2.307906333455079e-34
translocation_6x7.59001.peg.169_Inner_Membrane,5.0423340327307034e-08,2.3617187804764026e-34
translocation_6x7.59001.peg.1098_Inner_Membrane,1.42548292806556e-07,-2.1290294763369574e-34
translocation_6x7.59001.peg.2833_Inner_Membrane,-6.738318437193169e-30,-4.263382884767709e-34
translocation_6x7.59001.peg.1486_Inner_Membrane,0.0,1.9180842646839488e-34
translocation_6x7.59001.peg.1694_Inner_Membrane,6.610229866355769e-10,-4.450502194659401e-34
translocation_6x7.59001.peg.2622_Periplasm,3.3051149331778845e-10,0.0
translocation_6x7.59001.peg.323_Membrane,-1.9391001873676984e-30,2.2395258323067974e-34
translocation_6x7.59001.peg.56_Membrane,4.986368828161343e-08,-4.437949520843158e-36
translocation_6x7.59001.peg.1189_Inner_Membrane,0.0,2.6628871525566813e-34
translocation_6x7.59001.peg.1452_Periplasm,0.0,-7.527729264129502e-35
translocation_6x7.59001.peg.1454_Inner_Membrane,0.0,0.0
translocation_6x7.59001.peg.3226_Periplasm,0.0,0.0
translocation_6x7.59001.peg.1608_Inner_Membrane,0.0,2.1573734445147837e-34
translocation_6x7.59001.peg.2814_Inner_Membrane,0.0,0.0
translocation_6x7.59001.peg.2811_Periplasm,0.0,2.306877946936611e-34
translocation_6x7.59001.peg.2811_Periplasm_alt,0.0,-0.002195457739047428
translocation_6x7.59001.peg.2104_Inner_Membrane,0.0,5.082710343618401e-34
translocation_6x7.59001.peg.2105_Inner_Membrane,0.0,0.0
translocation_6x7.59001.peg.2106_Periplasm,0.0,0.0
translocation_6x7.59001.peg.278_Membrane,0.0,2.3919862491507847e-34
translocation_6x7.59001.peg.2474_Periplasm,0.0,9.496474590301044e-35
translocation_6x7.59001.peg.2475_Inner_Membrane,0.0,-2.3002789511568845e-34
translocation_6x7.59001.peg.2476_Inner_Membrane,0.0,0.0
translocation_6x7.59001.peg.161_Inner_Membrane,2.4329846829972215e-07,2.1642160927665768e-34
translocation_6x7.59001.peg.277_Inner_Membrane,0.0,-2.202636558095569e-34
translocation_6x7.59001.peg.3337_Inner_Membrane,6.223473873831352e-07,0.0
translocation_6x7.59001.peg.3338_Inner_Membrane,6.223473873831352e-07,0.0
translocation_6x7.59001.peg.3339_Inner_Membrane,6.223473873831352e-07,-6.591704389516148e-35
translocation_6x7.59001.peg.3340_Inner_Membrane,6.223473873831352e-07,0.0
translocation_6x7.59001.peg.3345_Inner_Membrane,6.223473873831352e-07,-4.2014025857260754e-35
translocation_6x7.59001.peg.2237_Periplasm,0.0,-1.9376747259199646e-34
translocation_6x7.59001.peg.338_Inner_Membrane,0.0,-8.067014148597285e-35
translocation_6x7.59001.peg.712_Inner_Membrane,0.0,-1.089313949871388e-34
translocation_6x7.59001.peg.1297_Inner_Membrane,0.0,4.14442246658398e-34
translocation_6x7.59001.peg.3280_Outer_Membrane,0.0,-1.4424540381336383e-34
translocation_6x7.59001.peg.109_Inner_Membrane,0.0,4.353519137903252e-34
translocation_6x7.59001.peg.996_Inner_Membrane,0.0,0.0
translocation_6x7.59001.peg.3206_Inner_Membrane,0.0,1.5929029879913607e-34
translocation_6x7.59001.peg.1703_Inner_Membrane,0.0,-4.170513842038118e-34
translocation_6x7.59001.peg.191_Inner_Membrane,8.731694121949271e-07,0.0
translocation_6x7.59001.peg.222_Inner_Membrane,0.0,4.083450952357864e-34
translocation_6x7.59001.peg.1458_Inner_Membrane,0.0,-2.1040006740871773e-34
translocation_6x7.59001.peg.99_Inner_Membrane,4.003430726806934e-09,0.0
translocation_6x7.59001.peg.2506_Inner_Membrane,0.0,3.5611881294645626e-34
translocation_6x7.59001.peg.3087_Inner_Membrane,0.0,0.0
translocation_6x7.59001.peg.2075_Inner_Membrane,0.0,9.614662945686656e-34
translocation_6x7.59001.peg.2076_Inner_Membrane,0.0,0.0
translocation_6x7.59001.peg.2420_Inner_Membrane,0.0,-2.136343155384454e-34
translocation_6x7.59001.peg.2421_Inner_Membrane,0.0,0.0
translocation_6x7.59001.peg.2429_Inner_Membrane,0.0,-2.011802544552174e-34
translocation_6x7.59001.peg.2841_Inner_Membrane,0.0,0.0
translocation_6x7.59001.peg.2842_Inner_Membrane,0.0,-4.63922880663458e-34
translocation_6x7.59001.peg.1418_Inner_Membrane,0.0,-2.493400801826123e-34
translocation_6x7.59001.peg.190_Inner_Membrane,0.0,0.0
translocation_6x7.59001.peg.2165_Inner_Membrane,0.0,0.0
translocation_6x7.59001.peg.699_Inner_Membrane,4.6272619570804764e-08,0.0
translocation_6x7.59001.peg.436_Inner_Membrane,3.1443482229627138e-09,0.0
translocation_6x7.59001.peg.1396_Membrane,0.0,0.0
translocation_6x7.59001.peg.3251_Inner_Membrane,2.168387457957061e-09,0.0
translocation_6x7.59001.peg.422_Inner_Membrane,2.8986461647817634e-08,-1.0294787579696994e-34
translocation_6x7.59001.peg.1199_Inner_Membrane,0.0,-1.3262136023325454e-34
translocation_6x7.59001.peg.878_Membrane,0.0,0.0
translocation_6x7.59001.peg.2065_Inner_Membrane,0.0,0.0
translocation_6x7.59001.peg.2067_Periplasm,0.0,-0.010677389830725742
translocation_6x7.59001.peg.2067_Periplasm_alt,0.0,0.0
translocation_6x7.59001.peg.3325_Periplasm,0.0,8.579977217458412e-35
translocation_6x7.59001.peg.3326_Inner_Membrane,0.0,2.1007079952026028e-34
translocation_6x7.59001.peg.449_Membrane,4.883350538072288e-08,0.0
translocation_6x7.59001.peg.452_Membrane,2.480362156085533e-07,0.0
translocation_6x7.59001.peg.697_Inner_Membrane,1.1130765373234161e-07,1.2319998265121197e-34
translocation_6x7.59001.peg.1005_Inner_Membrane,0.0,4.079061369914203e-34
translocation_6x7.59001.peg.1427_Membrane,9.59643967626788e-06,-2.12931696950459e-35
translocation_6x7.59001.peg.2768_Inner_Membrane,0.0,1.8853075005519242e-34
translocation_6x7.59001.peg.432_Inner_Membrane,8.146036885787918e-09,-9.461021749849524e-35
translocation_6x7.59001.peg.1389_Inner_Membrane,7.99578727549041e-09,0.0
translocation_6x7.59001.peg.2551_Membrane,6.6783722398441235e-06,6.668713736220858e-35
translocation_6x7.59001.peg.3169_Periplasm,0.0,-0.0038335974518589762
translocation_6x7.59001.peg.3169_Periplasm_alt,0.0,3.7132642278020636e-34
translocation_6x7.59001.peg.3172_Inner_Membrane,8.24735571141936e-07,0.0
translocation_6x7.59001.peg.3172_Inner_Membrane_alt,0.0,-0.0029015633019463766
translocation_6x7.59001.peg.3173_Inner_Membrane,8.24735571141936e-07,0.0
translocation_6x7.59001.peg.3117_Inner_Membrane,1.0777186851156205e-09,0.0
translocation_6x7.59001.peg.2428_Inner_Membrane,0.0,0.0
translocation_6x7.59001.peg.300_Inner_Membrane,-1.4863420492337775e-28,1.002888612946102e-34
translocation_6x7.59001.peg.301_Inner_Membrane,-1.4863420492337775e-28,-2.0057144410689523e-34
translocation_6x7.59001.peg.2166_Inner_Membrane,5.5932739861979097e-08,2.209992307233783e-34
translocation_6x7.59001.peg.1143_Inner_Membrane,0.0,0.0
translocation_6x7.59001.peg.2825_Periplasm,1.1500741079165292e-06,9.895995428677085e-35
translocation_6x7.59001.peg.1646_Periplasm,2.5852179504012947e-07,2.07691725466651e-34
translocation_6x7.59001.peg.189_Inner_Membrane,0.0,0.0
translocation_6x7.59001.peg.3144_Inner_Membrane,9.315719011486696e-07,1.5194408830507288e-34
translocation_6x7.59001.peg.2408_Periplasm,0.0,1.9131961137538872e-34
translocation_6x7.59001.peg.399_Inner_Membrane,0.0,2.0251916149866674e-34
translocation_6x7.59001.peg.2670_Membrane,6.53490434317528e-08,-6.027653083822672e-35
translocation_6x7.59001.peg.1360_Inner_Membrane,0.0,0.0
translocation_6x7.59001.peg.1965_Inner_Membrane,0.0,2.1634739593802766e-34
translocation_6x7.59001.peg.3306_Membrane,0.0,-8.645412852069552e-35
translocation_6x7.59001.peg.2173_Periplasm,0.0,0.0
translocation_6x7.59001.peg.2716_Inner_Membrane,0.0,0.0
translocation_6x7.59001.peg.2717_Membrane,0.0,0.0
translocation_6x7.59001.peg.3151_Inner_Membrane,0.0,-1.9849157071330503e-34
translocation_6x7.59001.peg.3152_Inner_Membrane,0.0,0.0
translocation_6x7.59001.peg.3153_Periplasm,0.0,6.284348367183777e-35
translocation_6x7.59001.peg.2947_Inner_Membrane,9.041309138843516e-07,0.0
translocation_6x7.59001.peg.3254_Inner_Membrane,0.0,3.282730817571895e-34
translocation_6x7.59001.peg.2948_Periplasm,0.0,4.8119080897996754e-35
translocation_6x7.59001.peg.3200_Membrane,0.0,0.0
translocation_6x7.59001.peg.748_Inner_Membrane,0.0,0.0
translocation_6x7.59001.peg.187_Inner_Membrane,0.0,2.210696638287822e-34
translocation_6x7.59001.peg.2315_Outer_Membrane,0.0,0.0
translocation_6x7.59001.peg.54_Inner_Membrane,8.12191083260062e-09,-1.8809473067054564e-34
translocation_6x7.59001.peg.2442_Inner_Membrane,0.0,4.228827576508752e-34
translocation_6x7.59001.peg.2443_Inner_Membrane,0.0,4.28938115239492e-34
translocation_6x7.59001.peg.2229_Periplasm,0.0,-0.002855912826306594
translocation_6x7.59001.peg.2229_Periplasm_alt,0.0,-7.570226460659098e-35
translocation_6x7.59001.peg.2232_Periplasm,0.0,-0.002855912826306594
translocation_6x7.59001.peg.2232_Periplasm_alt,0.0,0.0
translocation_6x7.59001.peg.2741_Inner_Membrane,0.0,-9.279304745113264e-34
translocation_6x7.59001.peg.2742_Inner_Membrane,0.0,0.0
translocation_6x7.59001.peg.2847_Inner_Membrane,0.0,0.0
translocation_6x7.59001.peg.2848_Periplasm,0.0,-0.002855912826306594
translocation_6x7.59001.peg.2848_Periplasm_alt,0.0,0.0
translocation_6x7.59001.peg.2849_Inner_Membrane,0.0,-0.002855912826306594
translocation_6x7.59001.peg.2849_Inner_Membrane_alt,0.0,-4.247539332440587e-36
translocation_6x7.59001.peg.3356_Inner_Membrane,0.0,0.0
translocation_6x7.59001.peg.910_Inner_Membrane,2.875887442243018e-07,0.0
translocation_6x7.59001.peg.133_Inner_Membrane,0.0,0.0
translocation_6x7.59001.peg.706_Inner_Membrane,8.427879502838646e-09,0.0
translocation_6x7.59001.peg.3176_Inner_Membrane,4.274747391125279e-29,-2.9223332486368134e-34
translocation_6x7.59001.peg.1136_Inner_Membrane,4.539933919251471e-08,0.0
translocation_6x7.59001.peg.3134_Inner_Membrane,0.0,4.18408101130114e-34
translocation_6x7.59001.peg.179_Inner_Membrane,0.0,-2.2607321782510196e-34
translocation_6x7.59001.peg.180_Inner_Membrane,0.0,0.0
translocation_6x7.59001.peg.181_Periplasm,0.0,0.0
translocation_6x7.59001.peg.184_Outer_Membrane,9.275960591735782e-08,4.992104996203753e-35
translocation_6x7.59001.peg.1497_Inner_Membrane,1.900329929056616e-07,-9.928116691308108e-35
translocation_6x7.59001.peg.1498_Inner_Membrane,0.0,1.0856561140558981e-34
translocation_6x7.59001.peg.351_Membrane,2.23999520340679e-28,0.0
translocation_6x7.59001.peg.513_Inner_Membrane,0.0,0.0
translocation_6x7.59001.peg.514_Inner_Membrane,0.0,1.1435138950587148e-34
translocation_6x7.59001.peg.1099_Inner_Membrane,1.3425239043498891e-09,-4.164536704318672e-34
translocation_6x7.59001.peg.643_Membrane,0.0,9.333079703676847e-35
translocation_6x7.59001.peg.1945_Inner_Membrane,0.0,0.0
translocation_6x7.59001.peg.2239_Inner_Membrane,1.4863420492337775e-28,0.0
translocation_6x7.59001.peg.2240_Inner_Membrane,1.4863420492337775e-28,5.763432538861077e-34
translocation_6x7.59001.peg.2241_Inner_Membrane,1.4863420492337775e-28,5.763432538861077e-34
translocation_6x7.59001.peg.2242_Inner_Membrane,1.4863420492337775e-28,-9.093236599658076e-35
translocation_6x7.59001.peg.2243_Inner_Membrane,1.4863420492337775e-28,0.0
translocation_6x7.59001.peg.2245_Inner_Membrane,1.4863420492337775e-28,0.0
translocation_6x7.59001.peg.2251_Inner_Membrane,1.4863420492337775e-28,0.0
translocation_6x7.59001.peg.540_Inner_Membrane,0.0,0.0
translocation_6x7.59001.peg.963_Inner_Membrane,4.5530732965729926e-06,0.0
translocation_6x7.59001.peg.2831_Inner_Membrane,1.4282391258001078e-06,1.9771355866124058e-34
translocation_6x7.59001.peg.220_Inner_Membrane,1.3621652255815292e-06,2.0376802830907302e-34
translocation_6x7.59001.peg.1073_Periplasm,0.0,-0.011329179581093996
translocation_6x7.59001.peg.1073_Periplasm_alt,5.745159527784956e-07,0.0
translocation_6x7.59001.peg.1074_Periplasm,0.0,-0.006766651328516151
translocation_6x7.59001.peg.1074_Periplasm_alt,0.0,-1.3057567556905367e-34
translocation_6x7.59001.peg.1075_Inner_Membrane,0.0,4.267242938829006e-34
translocation_6x7.59001.peg.1076_Periplasm,0.0,-2.764488285051936e-35
translocation_6x7.59001.peg.1077_Inner_Membrane,0.0,6.667567091920322e-36
translocation_6x7.59001.peg.216_Inner_Membrane,0.0,-2.270510466419046e-34
translocation_6x7.59001.peg.2671_Periplasm,0.0,0.0
translocation_6x7.59001.peg.121_Inner_Membrane,0.0,8.568743333074031e-34
translocation_6x7.59001.peg.991_Periplasm,0.0,-8.922911383032261e-35
translocation_6x7.59001.peg.3282_Periplasm,0.0,1.085631100044592e-34
translocation_6x7.59001.peg.2644_Periplasm,1.3263254222756804e-06,0.0
translocation_6x7.59001.peg.2055_Membrane,0.0,1.7659733209377286e-34
translocation_6x7.59001.peg.858_Membrane,0.0,1.9878872429203597e-34
translocation_6x7.59001.peg.129_Inner_Membrane,0.0,0.0
translocation_6x7.59001.peg.1552_Inner_Membrane,0.0,-6.386944259162225e-34
translocation_6x7.59001.peg.592_Inner_Membrane,0.0,0.0
translocation_6x7.59001.peg.3101_Inner_Membrane,0.0,0.0
translocation_6x7.59001.peg.651_Inner_Membrane,0.0,3.6907279177034356e-34
translocation_6x7.59001.peg.1960_Inner_Membrane,0.0,-1.8758659709199092e-34
translocation_6x7.59001.peg.938_Inner_Membrane,5.05950638068747e-08,0.0
translocation_6x7.59001.peg.1919_Inner_Membrane,4.740891312106604e-08,-1.1361226577298417e-34
translocation_6x7.59001.peg.1376_Inner_Membrane,7.461433518976061e-08,-4.790479122018142e-34
translocation_6x7.59001.peg.615_Inner_Membrane,3.7643098871396235e-08,2.395239561009071e-34
translocation_6x7.59001.peg.3349_Periplasm,0.0,-5.01970072746932e-35
translocation_6x7.59001.peg.3350_Inner_Membrane,0.0,0.0
translocation_6x7.59001.peg.3351_Inner_Membrane,0.0,0.0
translocation_6x7.59001.peg.3180_Inner_Membrane,0.0,2.0411680804152314e-34
translocation_6x7.59001.peg.102_Outer_Membrane,0.0,-4.1256727857735146e-35
translocation_6x7.59001.peg.2980_Inner_Membrane,7.721088450594435e-10,0.0
translocation_6x7.59001.peg.1665_Inner_Membrane,0.0,0.0
translocation_6x7.59001.peg.345_Membrane,7.119566990765746e-07,0.0
translocation_6x7.59001.peg.134_Inner_Membrane,2.15791252537439e-09,-2.544126754576207e-35
translocation_6x7.59001.peg.1003_Inner_Membrane,0.0,0.0
translocation_6x7.59001.peg.1055_Membrane,0.0,-1.3947075711507243e-34
translocation_6x7.59001.peg.275_Inner_Membrane,0.0,-4.28473279284247e-34
translocation_6x7.59001.peg.536_Inner_Membrane,6.176592373448651e-08,8.818631595614981e-34
translocation_6x7.59001.peg.1553_Inner_Membrane,0.0,0.0
translocation_6x7.59001.peg.307_Inner_Membrane,1.10095223257154e-08,-8.756502227438539e-35
translocation_6x7.59001.peg.518_Inner_Membrane,7.850999382024259e-09,0.0
translocation_6x7.59001.peg.228_Inner_Membrane,8.475716433445924e-10,1.0108848830953858e-34
translocation_6x7.59001.peg.1766_Inner_Membrane,2.959780314404378e-10,2.23134981392109e-34
translocation_6x7.59001.peg.1767_Inner_Membrane,2.959780314404378e-10,0.0
translocation_6x7.59001.peg.1769_Periplasm,2.959780314404378e-10,1.0256332106203005e-34
translocation_6x7.59001.peg.1734_Membrane,6.640577341533385e-06,0.0
translocation_6x7.59001.peg.2223_Inner_Membrane,1.6401761068943792e-09,-2.4291011514411895e-34
translocation_6x7.59001.peg.2131_Inner_Membrane,0.0,0.0
translocation_6x7.59001.peg.1569_Membrane,0.0,0.0
translocation_6x7.59001.peg.215_Periplasm,0.0,6.986472097661667e-35
translocation_6x7.59001.peg.532_Membrane,0.0,-8.259212445912582e-35
translocation_6x7.59001.peg.2044_Inner_Membrane,8.142888928278812e-09,2.291157450064054e-34
translocation_6x7.59001.peg.1635_Inner_Membrane,0.0,-2.0855133784032006e-34
translocation_6x7.59001.peg.1636_Inner_Membrane,0.0,1.0433535181675735e-34
translocation_6x7.59001.peg.72_Inner_Membrane,1.0112513737603095e-07,0.0
translocation_6x7.59001.peg.568_Inner_Membrane,0.0,0.0
translocation_6x7.59001.peg.569_Inner_Membrane,0.0,-1.124124118569645e-34
translocation_6x7.59001.peg.856_Inner_Membrane,1.243684182027671e-07,-2.206159636457464e-34
translocation_6x7.59001.peg.2151_Periplasm,0.0,-0.010677389830725742
translocation_6x7.59001.peg.2151_Periplasm_alt,0.0,-1.7379748798893643e-34
translocation_6x7.59001.peg.266_Periplasm,0.0,-0.002530017951122465
translocation_6x7.59001.peg.266_Periplasm_alt,0.0,0.0
translocation_6x7.59001.peg.267_Inner_Membrane,3.5439994514165906e-09,-5.637914031387846e-35
translocation_6x7.59001.peg.450_Membrane,0.0,0.0
translocation_6x7.59001.peg.3262_Membrane,5.5633627416947155e-06,3.4212827753451254e-35
translocation_6x7.59001.peg.805_Membrane,0.0,0.0
translocation_6x7.59001.peg.2154_Inner_Membrane,0.0,2.3036528627552926e-34
translocation_6x7.59001.peg.804_Inner_Membrane,8.858603838189031e-09,2.3071623223430318e-34
translocation_6x7.59001.peg.2215_Inner_Membrane,0.0,0.0
translocation_6x7.59001.peg.595_Inner_Membrane,0.0,9.616220241997765e-35
translocation_6x7.59001.peg.424_Inner_Membrane,0.0,0.0
translocation_6x7.59001.peg.1044_Membrane,0.0,0.0
translocation_6x7.59001.peg.1045_Inner_Membrane,0.0,2.019576821181122e-34
translocation_6x7.59001.peg.25_Inner_Membrane,0.0,0.0
translocation_6x7.59001.peg.1385_Inner_Membrane,5.790736055101665e-13,3.853092660571979e-34
translocation_6x7.59001.peg.1387_Periplasm,2.8953680275508327e-13,-1.077470005071215e-34
translocation_6x7.59001.peg.1137_Membrane,1.1739252393981584e-07,3.2663004282506842e-34
translocation_6x7.59001.peg.1582_Membrane,9.82730479970199e-08,2.3683925712798685e-34
translocation_6x7.59001.peg.2708_Membrane,9.390468683007122e-07,0.0
translocation_6x7.59001.peg.2772_Membrane,1.2265218098190444e-07,2.6635824822344086e-34
translocation_6x7.59001.peg.3067_Membrane,1.4639532493022783e-05,3.0243904183559234e-35
translocation_6x7.59001.peg.2052_Periplasm,0.0,0.0
translocation_6x7.59001.peg.26_Inner_Membrane,0.0,0.0
translocation_6x7.59001.peg.1638_Inner_Membrane,0.0,0.0
translocation_6x7.59001.peg.122_Inner_Membrane,2.671365992815669e-08,0.0
translocation_6x7.59001.peg.1348_Outer_Membrane,0.0,9.589810059317552e-35
translocation_6x7.59001.peg.1701_Membrane,9.843810425304694e-09,0.0
translocation_6x7.59001.peg.1984_Inner_Membrane,3.6995267851809416e-09,3.7485758463038514e-35
translocation_6x7.59001.peg.2048_Membrane,1.4639140340134875e-05,0.0
translocation_6x7.59001.peg.2071_Periplasm,0.0,0.0
translocation_6x7.59001.peg.2561_Inner_Membrane,3.5298028510438825e-11,1.2286610660628674e-34
translocation_6x7.59001.peg.281_Membrane,6.115736087408725e-10,0.0
translocation_6x7.59001.peg.2965_Inner_Membrane,2.117881710626332e-10,-1.8924127356637517e-34
translocation_6x7.59001.peg.3065_Inner_Membrane,1.8176847049799273e-06,0.0
translocation_6x7.59001.peg.3161_Inner_Membrane,1.8486277008432216e-08,0.0
translocation_6x7.59001.peg.3362_Inner_Membrane,1.3659578677078132e-09,2.6910259162216088e-34
translocation_6x7.59001.peg.370_Membrane,1.968762085060941e-08,0.0
translocation_6x7.59001.peg.374_Membrane,1.5981864251642972e-09,1.1709693224827216e-34
translocation_6x7.59001.peg.538_Inner_Membrane,4.935003438016569e-11,0.0
translocation_6x7.59001.peg.539_Membrane,9.870006876033138e-11,0.0
translocation_6x7.59001.peg.561_Periplasm,2.692237486524699e-10,1.4706480280904215e-34
translocation_6x7.59001.peg.604_Inner_Membrane,6.305176808692037e-07,-2.4421806316493055e-34
translocation_6x7.59001.peg.694_Membrane,1.8176847049799273e-06,-4.858802326874341e-36
translocation_6x7.59001.peg.950_Membrane,1.4639140340134875e-05,-7.010596631708881e-35
biomass_constituent_demand,0.2821114655482083,0.003897637142873351
TS_dpm_c,-2.0914650377241447e-09,0.0
TS_4fe4s_c,-1.762773056580957e-08,0.0
