,fluxes,reduced_costs
biomass_dilution,0.022746807569785307,0.015576171486598556
protein_biomass_to_biomass,0.008421533878312792,2.3609088153007573e-36
mRNA_biomass_to_biomass,2.2818497038174078e-05,2.586070707391155e-36
tRNA_biomass_to_biomass,0.00013405995600855274,0.0
rRNA_biomass_to_biomass,0.0009888947455530747,0.0
ncRNA_biomass_to_biomass,0.0,-2.727751618618805e-36
tmRNA_biomass_to_biomass,0.0,-2.727751618618805e-36
DNA_biomass_to_biomass,0.0013492037791716194,-2.727751618618805e-36
lipid_biomass_to_biomass,0.0,-2.727751618618805e-36
constituent_biomass_to_biomass,0.007090156610878091,-2.727751618618805e-36
prosthetic_group_biomass_to_biomass,3.0272962720550794e-06,0.0
peptidoglycan_biomass_to_biomass,0.0,-2.727751618618805e-36
DM_5MTR,0.0,0.0
DM_atp_c_,0.0,-9.425961829819244e-07
DM_dhptd(c),0.0,0.0
DM_hcys_L[c],1.0303768826710962e-05,0.0
EX_12dgr180(e),-0.00016433203660715697,0.0
EX_26dap_M(e),2.6628971239439902e-36,0.0
EX_2dmmq8(e),-0.00018060282806182438,0.0
EX_2obut(e),-2.0514187083794138e-22,0.0
EX_4abz(e),0.0,0.0
EX_4hbz(e),0.0,0.0
EX_ac(e),1.4323168190486133,0.0
EX_acald(e),0.0,-3.029210343744553e-07
EX_acgam(e),-1.3445950322611322e-35,0.0
EX_ade(e),0.0008089691553017573,0.0
EX_ala_L(e),-0.010308555311509704,0.0
EX_alaasp(e),3.792120679222297e-23,5.170940669663913e-36
EX_alagln(e),3.470375590944553e-23,-1.466542469694361e-36
EX_alaglu(e),3.470375590944553e-23,-2.933084939388722e-36
EX_alagly(e),3.470375590944553e-23,-2.933084939388722e-36
EX_alahis(e),3.470375590944553e-23,0.0
EX_alaleu(e),3.470375590944553e-23,0.0
EX_alathr(e),3.470375590944553e-23,0.0
EX_amp(e),-0.0028873419783899917,0.0
EX_arab_L(e),0.0,0.0
EX_arbt(e),0.0,0.0
EX_arg_L(e),-0.15,-4.829465677605205e-07
EX_asn_L(e),-0.005304086450556475,0.0
EX_aso3(e),0.0,0.0
EX_aso4(e),0.0,0.0
EX_asp_L(e),0.0,0.0
EX_biomass(e),0.0,0.0
EX_ca2(e),0.0,0.0
EX_cd2(e),0.0,-0.000286726747356518
EX_cellb(e),0.0,0.0
EX_cgly(e),0.0,0.0
EX_cl(e),0.0,0.0
EX_co2(e),0.14482960533589892,0.0
EX_cobalt2(e),-0.00018060457439605379,0.0
EX_csn(e),0.0,0.0
EX_cu2(e),0.0,0.0
EX_cys_L(e),-0.00094349113010624,0.0
EX_cytd(e),0.0,-1.0585615776933274e-06
EX_dad_2(e),-0.0007986653864750464,0.0
EX_dcyt(e),-3.994345685915985e-36,0.0
EX_dgsn(e),-1.2116503900695758e-22,0.0
EX_drib(e),0.0,0.0
EX_etoh(e),0.27676979924643413,0.0
EX_fe2(e),-4.11767828490258e-12,0.0
EX_fe3(e),0.0,0.0
EX_fol(e),-0.0005418084841854731,0.0
EX_for(e),1.7084470689236047,0.0
EX_fru(e),-0.14898579,-3.197652962718359e-07
EX_galt(e),0.0,0.0
EX_gam(e),-0.0029579766589288253,0.0
EX_gcald(e),0.0,0.0
EX_glc_D(e),-0.14898579,-2.0361323943999508e-07
EX_gln_L(e),-0.0050387057462814985,0.0
EX_glu_L(e),-0.008900698331620216,0.0
EX_gly(e),-0.007649254552253189,0.0
EX_glyasn(e),3.470375590944553e-23,0.0
EX_glyasp(e),3.792120679222297e-23,5.171030180312698e-36
EX_glyc(e),0.14957177733384752,0.0
EX_glycys(e),0.0,0.0
EX_glygln(e),3.470375590944553e-23,-1.466542469694361e-36
EX_glyglu(e),0.0,0.0
EX_glyleu(e),0.0,-1.2699252387107163e-07
EX_glymet(e),3.470375590944553e-23,-2.933084939388722e-36
EX_glyphe(e),3.470375590944553e-23,0.0
EX_glypro(e),3.470375590944553e-23,0.0
EX_glytyr(e),3.470375590944553e-23,0.0
EX_gthox(e),-9.030141403091219e-05,0.0
EX_gua(e),-0.0015646156937499148,0.0
EX_h(e),1.820815211008582,0.0
EX_h2o(e),-1.628806026641623,0.0
EX_hg2(e),0.0,0.0
EX_his_L(e),-0.002629161888541441,0.0
EX_hxan(e),0.0,0.0
EX_ile_L(e),-0.010866199708503669,0.0
EX_ins(e),0.0,-7.565491726840848e-07
EX_k(e),-8.85882749909054e-09,0.0
EX_lac_L(e),0.0,-1.2000655536244206e-07
EX_leu_L(e),-0.013120150539065695,0.0
EX_lys_L(e),-0.00999320157834011,0.0
EX_malt(e),-0.06677135538217492,9.281560796359096e-36
EX_man(e),0.0,0.0
EX_met_D(e),0.0,0.0
EX_met_L(e),-0.003926652533165857,0.0
EX_metala(e),0.0,0.0
EX_metsox_R_L(e),0.0,0.0
EX_metsox_S_L(e),2.1378903160850773e-23,0.0
EX_mg2(e),-0.000117893806358162,0.0
EX_mn2(e),-8.76948557553273e-09,0.0
EX_mnl(e),0.0,0.0
EX_mqn8(e),-0.00018060282806182438,0.0
EX_na1(e),0.0,0.0
EX_nac(e),0.02098321750805249,0.0
EX_nh4(e),1.3019155312590376,0.0
EX_nmn(e),-0.021163820386997007,0.0
EX_o2(e),0.0,-1.2411463120971212e-06
EX_ocdca(e),-0.004399578335471539,0.0
EX_orn(e),0.14583404943343123,0.0
EX_pb(e),0.0,0.0
EX_phe_L(e),-0.005192835412269128,0.0
EX_pheme(e),-0.00018060282806182438,0.0
EX_pi(e),0.0,0.0
EX_pnto_R(e),-0.00018060282806182438,0.0
EX_ppa(e),2.0514187083794138e-22,1.9190353286543148e-37
EX_pro_L(e),-0.003068337108926108,0.0
EX_q8(e),0.0,0.0
EX_rib_D(e),3.352750919083006e-23,2.4511810877249846e-35
EX_ribflv(e),-0.0003612056815649945,0.0
EX_salcn(e),0.0,0.0
EX_sbt_D(e),0.0,0.0
EX_ser_L(e),-1.0,-1.773565463124203e-08
EX_sheme(e),-0.00018060282806182438,0.0
EX_so4(e),0.0,0.0
EX_spmd(e),-0.00018060282806182438,0.0
EX_succ(e),2.1760766212836267e-23,8.69228393155526e-36
EX_sucr(e),0.0,0.0
EX_thm(e),-0.00018060424117235388,0.0
EX_thr_L(e),-0.005734952389709059,0.0
EX_thymd(e),-0.0013925111732921156,0.0
EX_tre(e),0.0,0.0
EX_trp_L(e),-0.001107004627523521,0.0
EX_tyr_L(e),-0.0048441407951174765,0.0
EX_ura(e),0.0,0.0
EX_uri(e),-0.0028739814227847207,0.0
EX_val_L(e),-0.0077219486364185075,0.0
EX_zn2(e),-8.221381682768169e-08,0.0
translation_g.2936.peg.2,0.0,2.8209700010873677e-34
transcription_TU_g.2936.peg.2,0.0,-2.2359443304801286e-34
translation_g.2936.peg.22,4.978330691473862e-12,-2.340032445308832e-34
transcription_TU_g.2936.peg.22,5.432551779046732e-13,2.5376740364905716e-34
translation_g.2936.peg.24,6.869208891691875e-07,6.591932516839558e-35
transcription_TU_g.2936.peg.24,7.495953020781816e-08,-1.7213566457570607e-34
translation_g.2936.peg.30,6.869194054749591e-07,-1.4163110662827965e-34
transcription_TU_g.2936.peg.30,7.495936830122297e-08,-1.7405966971694482e-34
translation_g.2936.peg.33,3.8076526109459395e-15,1.1262069146268306e-33
transcription_TU_g.2936.peg.33,4.155061454839254e-16,1.3843668527989178e-33
translation_g.2936.peg.39,2.329400321303654e-11,-4.615320953650062e-34
transcription_TU_g.2936.peg.39,2.5419339621779393e-12,-3.906000980611732e-34
translation_g.2936.peg.43,6.869208891691875e-07,8.885835898827473e-35
transcription_TU_g.2936.peg.43,7.495953020781816e-08,4.982295304623191e-35
translation_679192.3.peg.50,7.288854788239563e-10,7.80245669168031e-36
transcription_TU_679192.3.peg.50,7.953887256802781e-11,-3.2171252566345287e-34
translation_g.2936.peg.53,3.554320645812154e-08,-7.3734342800631065e-34
transcription_TU_g.2936.peg.53,3.87861557304318e-09,-6.816029079963741e-34
translation_g.2936.peg.57,0.0,1.4381239413072774e-33
transcription_TU_g.2936.peg.57,0.0,-0.0524696022564589
translation_679192.3.peg.59,2.9549803650249846e-08,4.563551811035312e-34
transcription_TU_679192.3.peg.59,3.2245917023065494e-09,1.9225062597304803e-33
translation_g.2936.peg.64,0.0,3.6724882418626457e-34
transcription_TU_g.2936.peg.64,0.0,-0.051993585273867694
translation_g.2936.peg.66,5.08826915285619e-11,-2.9344526587764967e-34
transcription_TU_g.2936.peg.66,5.552520985791294e-12,2.315848900458611e-34
translation_g.2936.peg.67,0.0,5.090555759924838e-35
transcription_TU_g.2936.peg.67,0.0,-0.02855976619532594
translation_g.2936.peg.75,0.0,-1.2192856085862269e-33
transcription_TU_g.2936.peg.75,0.0,-0.04973068139299399
translation_g.2936.peg.79,0.0,2.2073167306975525e-34
transcription_TU_g.2936.peg.79,0.0,4.61209639125439e-34
translation_g.2936.peg.82,7.696211804481932e-08,2.6169552728867244e-34
transcription_TU_g.2936.peg.82,8.398411379534267e-09,-1.676635628641e-34
translation_g.2936.peg.87,6.869208891691875e-07,1.9822573247546085e-34
transcription_TU_g.2936.peg.87,7.495953020781816e-08,9.065888924256392e-35
translation_g.2936.peg.88,0.0,-7.870793146198585e-34
transcription_TU_g.2936.peg.88,0.0,-0.03017877959111233
translation_g.2936.peg.91,0.0,-2.198504894526992e-34
transcription_TU_g.2936.peg.91,-2.3306019748938584e-59,1.5427462428745937e-33
translation_g.2936.peg.92,6.869208891691875e-07,1.0686606778691968e-34
transcription_TU_g.2936.peg.92,7.495953020781816e-08,-4.428932886114571e-34
translation_g.2936.peg.103,0.0,9.17688429585036e-34
transcription_TU_g.2936.peg.103,0.0,-0.023483691090089277
translation_g.2936.peg.104,0.0,4.097936423708523e-34
transcription_TU_g.2936.peg.104,0.0,-0.03609850885029366
translation_g.2936.peg.106,2.6034766040569432e-09,5.524402818139013e-34
transcription_TU_g.2936.peg.106,2.841016865613004e-10,-3.8031346842283705e-34
translation_g.2936.peg.111,6.67743153118936e-14,-7.749912843519951e-34
transcription_TU_g.2936.peg.111,7.286677963429131e-15,1.608745342233444e-33
translation_g.2936.peg.117,7.435731681726813e-10,3.023386224925357e-34
transcription_TU_g.2936.peg.117,8.114165144806799e-11,8.771746126526726e-34
translation_g.2936.peg.119,0.0,2.1263234964843856e-34
transcription_TU_g.2936.peg.119,0.0,-0.021914070949957003
translation_679192.3.peg.138,0.0,7.973019031959654e-34
transcription_TU_679192.3.peg.138,0.0,-0.02903843661158252
translation_g.2936.peg.139,0.0,4.318309165194735e-34
transcription_TU_g.2936.peg.139,0.0,-2.0786257225744412e-33
translation_679192.3.peg.140,0.0,-5.160467373800409e-34
transcription_TU_679192.3.peg.140,0.0,-0.02855976619532594
translation_679192.3.peg.141,0.0,-1.2056569552309852e-33
transcription_TU_679192.3.peg.141,0.0,-0.02605052095525071
translation_g.2936.peg.143,7.696211804481932e-08,-1.6329171422936064e-35
transcription_TU_g.2936.peg.143,8.398411379534267e-09,1.7350706623899017e-34
translation_679192.3.peg.143,0.0,4.434110029827533e-34
transcription_TU_679192.3.peg.143,0.0,-0.022050627190098832
translation_g.2936.peg.145,0.0,-2.158754653389935e-33
transcription_TU_g.2936.peg.145,0.0,1.1843863532741275e-33
translation_g.2936.peg.146,3.882266948285836e-11,-6.608638561836496e-35
transcription_TU_g.2936.peg.146,4.236483577269262e-12,-1.957006745833615e-34
translation_g.2936.peg.147,0.0,4.045692837863332e-35
transcription_TU_g.2936.peg.147,0.0,-0.028125905256612353
translation_g.2936.peg.160,1.3106519340832006e-08,-2.1311657532466438e-34
transcription_TU_g.2936.peg.160,1.4302353414185833e-09,-1.521991809113949e-34
translation_g.2936.peg.162,0.0,-1.3398992879891164e-34
transcription_TU_g.2936.peg.162,0.0,-0.040201179208555496
translation_g.2936.peg.163,6.869208891691875e-07,9.475046608074857e-35
transcription_TU_g.2936.peg.163,7.495953020781816e-08,4.5038233867083195e-34
translation_g.2936.peg.168,1.699457611074513e-09,-2.9935303807409426e-34
transcription_TU_g.2936.peg.168,1.8545155074308762e-10,1.0625117061352303e-33
translation_g.2936.peg.176,0.0,6.612432082651503e-36
transcription_TU_g.2936.peg.176,0.0,2.364775033881677e-34
translation_g.2936.peg.177,0.0,-2.843594650585535e-34
transcription_TU_g.2936.peg.177,0.0,7.020098501199036e-35
translation_g.2936.peg.178,3.033760221949271e-16,-2.993509998876382e-34
transcription_TU_g.2936.peg.178,3.3105594048177646e-17,1.1567137749266012e-34
translation_g.2936.peg.180,2.6709726124757426e-13,-3.6067999230037336e-34
transcription_TU_g.2936.peg.180,2.914671185371651e-14,-1.923244195153081e-35
translation_g.2936.peg.184,0.0,-8.444974490652976e-34
transcription_TU_g.2936.peg.184,0.0,-1.7923528995692813e-33
translation_g.2936.peg.192,6.869216310163017e-07,-5.929298127483414e-35
transcription_TU_g.2936.peg.192,7.495961116111576e-08,5.657011350176754e-34
translation_g.2936.peg.194,0.0,-8.949235031970749e-34
transcription_TU_g.2936.peg.194,0.0,-0.054685390819518356
translation_679192.3.peg.194,2.4467387362065714e-10,-1.7382198737825258e-34
transcription_TU_679192.3.peg.194,2.6699782915197188e-11,6.866835014528881e-34
translation_g.2936.peg.203,0.0,4.842969922924117e-34
transcription_TU_g.2936.peg.203,0.0,-2.7887040829719673e-34
translation_679192.3.peg.214,6.300323842915123e-08,6.358192646757245e-34
transcription_TU_679192.3.peg.214,6.875163106383769e-09,8.72378032405768e-34
translation_679192.3.peg.215,4.8229606565856644e-08,-1.4987401252548187e-34
transcription_TU_679192.3.peg.215,5.26300583849923e-09,1.8402264601105019e-34
translation_679192.3.peg.216,5.8985830842982424e-08,2.487930937864755e-35
transcription_TU_679192.3.peg.216,6.436767666587546e-09,2.406776380812191e-33
translation_g.2936.peg.217,-1.457054308571634e-30,-6.386397426169399e-34
transcription_TU_g.2936.peg.217,-1.5899954154823535e-31,1.2137884677683742e-33
translation_g.2936.peg.218,6.869208891691875e-07,3.391794073524152e-35
transcription_TU_g.2936.peg.218,7.495953020781816e-08,-4.271464308571002e-34
translation_g.2936.peg.219,0.0,-3.288797921122376e-34
transcription_TU_g.2936.peg.219,0.0,-1.5109227777749384e-34
translation_g.2936.peg.220,1.6506075345270562e-10,-1.1400121807630443e-34
transcription_TU_g.2936.peg.220,1.801208367608092e-11,1.007281851849959e-34
translation_g.2936.peg.223,0.0,1.2488648708582322e-33
transcription_TU_g.2936.peg.223,0.0,-0.020101777048861402
translation_g.2936.peg.224,1.0623565952733988e-42,-6.950809273733463e-34
transcription_TU_g.2936.peg.224,1.1473675957876695e-43,-7.997375142435113e-34
translation_g.2936.peg.227,0.0,-9.494099791517903e-34
transcription_TU_g.2936.peg.227,0.0,-0.059499089837516096
translation_g.2936.peg.228,3.126336512406047e-08,-6.523333298535673e-34
transcription_TU_g.2936.peg.228,3.4115823224555666e-09,5.186302391965562e-34
translation_g.2936.peg.230,6.869208891691875e-07,-3.179919346121746e-35
transcription_TU_g.2936.peg.230,7.495953020781816e-08,-1.8741253685862217e-33
translation_g.2936.peg.232,9.956661382947724e-12,-3.70030606186601e-33
transcription_TU_g.2936.peg.232,1.0865103558093464e-12,3.57668075141778e-34
translation_g.2936.peg.238,0.0,-4.744497529469478e-34
transcription_TU_g.2936.peg.238,0.0,1.7439899849950747e-33
translation_g.2936.peg.242,1.335486306237872e-13,-9.27632288579393e-34
transcription_TU_g.2936.peg.242,1.4573355926858262e-14,-3.545549100776813e-34
translation_g.2936.peg.244,0.0,3.360735014749905e-34
transcription_TU_g.2936.peg.244,0.0,-0.059318541726178925
translation_679192.3.peg.244,1.726771772904811e-08,2.1092915107448105e-34
transcription_TU_679192.3.peg.244,1.8843218034847896e-09,-2.2359443304801286e-34
translation_g.2936.peg.245,1.1204727246086804e-08,-3.664386391972559e-34
transcription_TU_g.2936.peg.245,1.2227042498143344e-09,4.477192571810199e-34
translation_g.2936.peg.249,-1.4330402680558035e-30,1.0678307653906992e-34
transcription_TU_g.2936.peg.249,-1.5637903426152973e-31,-3.4821327753970646e-36
translation_g.2936.peg.252,0.0,4.025250201717469e-34
transcription_TU_g.2936.peg.252,0.0,6.485529945381924e-34
translation_g.2936.peg.253,7.764533896571683e-11,-7.682846497497441e-34
transcription_TU_g.2936.peg.253,8.472967154538534e-12,1.959218547004865e-33
translation_g.2936.peg.258,6.869179217807307e-07,2.1911739094396007e-33
transcription_TU_g.2936.peg.258,7.495920639462778e-08,1.8131303938118824e-33
translation_g.2936.peg.259,1.1179405374362394e-09,9.270011542321592e-35
transcription_TU_g.2936.peg.259,1.2199410268022346e-10,2.7630608270365927e-33
translation_g.2936.peg.261,6.869208891691875e-07,-3.1082592964664324e-35
transcription_TU_g.2936.peg.261,7.495953020781816e-08,-1.0398034252774447e-34
translation_g.2936.peg.264,4.978330691473862e-12,9.324977474055015e-35
transcription_TU_g.2936.peg.264,5.432551779046732e-13,8.613262827487927e-34
translation_g.2936.peg.266,0.0,5.837862151829319e-34
transcription_TU_g.2936.peg.266,0.0,-0.10326121069977959
translation_g.2936.peg.268,8.221271396774246e-08,9.26424207436195e-34
transcription_TU_g.2936.peg.268,8.9713772186856e-09,4.456253654193905e-33
translation_g.2936.peg.273,0.0,-1.0986449014282588e-34
transcription_TU_g.2936.peg.273,0.0,-0.009676283184629363
translation_g.2936.peg.277,4.170545026201352e-09,-7.466688797896454e-34
transcription_TU_g.2936.peg.277,4.551064042508798e-10,4.3722673789091625e-34
translation_g.2936.peg.283,6.869208891691875e-07,-3.1738323510412276e-34
transcription_TU_g.2936.peg.283,7.495953020781816e-08,-1.2339202685161997e-33
translation_679192.3.peg.286,8.002545070182203e-08,8.67943924609357e-35
transcription_TU_679192.3.peg.286,8.732694381346771e-09,-7.526941310527165e-35
translation_g.2936.peg.287,4.978330691473862e-12,5.580498563596973e-35
transcription_TU_g.2936.peg.287,5.432551779046732e-13,-4.905774568645197e-35
translation_g.2936.peg.290,1.2520133309977887e-10,-1.205451982800521e-34
transcription_TU_g.2936.peg.290,1.366246573445004e-11,-1.374960348651809e-34
translation_g.2936.peg.292,1.1768796344347236e-07,-4.265518383323625e-34
transcription_TU_g.2936.peg.292,1.2842577056445814e-08,3.292114404077384e-34
translation_g.2936.peg.294,6.810487059485681e-14,-9.873541570014311e-35
transcription_TU_g.2936.peg.294,7.431873429892647e-15,7.432393334506451e-35
translation_g.2936.peg.295,1.3346752211216706e-12,-2.329386755858357e-34
transcription_TU_g.2936.peg.295,1.4564505044576526e-13,-2.637485427715963e-34
translation_679192.3.peg.299,0.0,3.530075525338826e-34
transcription_TU_679192.3.peg.299,0.0,9.319663177807747e-34
translation_g.2936.peg.300,3.033760221949271e-16,-4.176933850534007e-35
transcription_TU_g.2936.peg.300,3.3105594048177646e-17,8.323219752477236e-34
translation_g.2936.peg.306,1.7136487378743016e-11,-5.637358393751464e-34
transcription_TU_g.2936.peg.306,1.8700014274953877e-12,4.427220507410958e-33
translation_g.2936.peg.316,1.0945082923596905e-09,8.108723319298181e-33
transcription_TU_g.2936.peg.316,1.1943708321794305e-10,2.0685252314775943e-33
translation_g.2936.peg.317,1.027246359658253e-08,8.625697307400532e-34
transcription_TU_g.2936.peg.317,1.1209719451217417e-09,9.592007469711318e-34
translation_g.2936.peg.318,-2.8092490933162675e-30,-3.6749431627022247e-34
transcription_TU_g.2936.peg.318,-3.065563962196832e-31,-1.881873690523529e-33
translation_g.2936.peg.325,6.869208891691875e-07,-2.516761416287201e-34
transcription_TU_g.2936.peg.325,7.495953020781816e-08,-2.0500929493433593e-35
translation_g.2936.peg.327,1.3591136823721652e-43,3.689795006204921e-34
transcription_TU_g.2936.peg.327,-5.421017719582819e-43,4.9538250457396305e-34
translation_g.2936.peg.328,2.361312927856923e-10,4.531782164862568e-34
transcription_TU_g.2936.peg.328,2.576758263384345e-11,-4.157144671061476e-34
translation_g.2936.peg.330,6.869208891691875e-07,4.6816973181938567e-35
transcription_TU_g.2936.peg.330,7.495953020781816e-08,-1.3427922512567302e-34
translation_679192.3.peg.332,1.397913880796267e-09,4.456850863446271e-35
transcription_TU_679192.3.peg.332,1.5254590365160263e-10,8.272256087353875e-34
translation_679192.3.peg.333,0.0,-2.3190158845679056e-34
transcription_TU_679192.3.peg.333,0.0,-3.804979522784872e-34
translation_g.2936.peg.335,6.869208891691875e-07,-2.3100490477447583e-35
transcription_TU_g.2936.peg.335,7.495953020781816e-08,-2.719495314761677e-34
translation_g.2936.peg.339,6.869208891691875e-07,-3.3952659137842336e-35
transcription_TU_g.2936.peg.339,7.495953020781816e-08,2.1068466547775133e-34
translation_g.2936.peg.341,6.67743153118936e-14,8.086591282252278e-34
transcription_TU_g.2936.peg.341,7.286677963429131e-15,8.121209930540294e-34
translation_g.2936.peg.348,6.869216310163017e-07,1.019208673962447e-34
transcription_TU_g.2936.peg.348,7.495961116111576e-08,-3.213494423728016e-34
translation_g.2936.peg.349,6.869208891691875e-07,1.1723170575968499e-34
transcription_TU_g.2936.peg.349,7.495953020781816e-08,-3.167505761167943e-34
translation_g.2936.peg.350,6.869208891691875e-07,2.3213744167400176e-35
transcription_TU_g.2936.peg.350,7.495953020781816e-08,5.50861158086499e-35
translation_679192.3.peg.350,0.0,-5.8415798319521334e-36
transcription_TU_679192.3.peg.350,0.0,-1.2441608094489057e-34
translation_g.2936.peg.352,1.335486306237872e-13,-3.5539540907507717e-34
transcription_TU_g.2936.peg.352,1.4573355926858262e-14,-5.0261020734508905e-34
translation_g.2936.peg.357,0.0,3.9707354366612904e-34
transcription_TU_g.2936.peg.357,0.0,-3.791143233611109e-35
translation_g.2936.peg.358,1.0824012464017516e-15,-2.3646756354328916e-34
transcription_TU_g.2936.peg.358,1.1811591437372693e-16,8.364036805539838e-35
translation_g.2936.peg.361,0.0,-1.2533572685104927e-33
transcription_TU_g.2936.peg.361,0.0,-0.022834272081488086
translation_g.2936.peg.368,0.0,7.091698977529471e-34
transcription_TU_g.2936.peg.368,0.0,-0.023743075195242977
translation_g.2936.peg.370,5.965373827006283e-10,-1.4529317193646805e-33
transcription_TU_g.2936.peg.370,6.509652372447654e-11,-1.3743586036298959e-33
translation_g.2936.peg.374,7.712667650743619e-11,8.50335524501838e-34
transcription_TU_g.2936.peg.374,8.416368651243386e-12,2.475773342825357e-33
translation_g.2936.peg.375,0.0,7.134856395165109e-35
transcription_TU_g.2936.peg.375,0.0,-0.03619307880569879
translation_g.2936.peg.378,5.894992228322952e-11,-7.622711960451151e-34
transcription_TU_g.2936.peg.378,6.4328491822148066e-12,2.16517171135633e-33
translation_g.2936.peg.379,1.9622480924789498e-09,2.5669834684609356e-34
transcription_TU_g.2936.peg.379,2.1412828970932863e-10,-1.34198168696329e-33
translation_g.2936.peg.385,5.779622475216587e-12,2.819113830100949e-35
transcription_TU_g.2936.peg.385,6.306953134658229e-13,-8.094229166651456e-34
translation_g.2936.peg.387,6.869208891691875e-07,1.1480889908490671e-34
transcription_TU_g.2936.peg.387,7.495953020781816e-08,-2.5704202986359333e-34
translation_g.2936.peg.396,0.0,1.0275533473055837e-33
transcription_TU_g.2936.peg.396,0.0,-0.02168360862615463
translation_g.2936.peg.399,1.4438712039899974e-10,-4.637233660508938e-34
transcription_TU_g.2936.peg.399,1.5756094892177553e-11,-3.819738231236886e-34
translation_g.2936.peg.401,1.5812206024864681e-12,-5.6965277817088504e-34
transcription_TU_g.2936.peg.401,1.7254905970418915e-13,1.1541771219114112e-34
translation_g.2936.peg.402,0.0,5.972247961365927e-35
transcription_TU_g.2936.peg.402,0.0,-0.018530313021391045
translation_g.2936.peg.406,3.8076526109459395e-15,-6.357517174290956e-35
transcription_TU_g.2936.peg.406,4.155061454839254e-16,5.908632019782809e-35
translation_g.2936.peg.410,0.0,-3.2683549622101325e-34
transcription_TU_g.2936.peg.410,0.0,-1.8632062303799268e-33
translation_g.2936.peg.413,0.0,-9.688202041908639e-34
transcription_TU_g.2936.peg.413,0.0,-0.045838816032843344
translation_g.2936.peg.419,2.919018444644176e-09,8.774008903005497e-36
transcription_TU_g.2936.peg.419,3.185348629346914e-10,-1.7163972484739106e-35
translation_g.2936.peg.421,0.0,1.4828225522649543e-34
transcription_TU_g.2936.peg.421,-3.628025647339563e-38,3.0342425744071392e-33
translation_g.2936.peg.429,6.869208891691875e-07,4.020391170373328e-35
transcription_TU_g.2936.peg.429,7.495953020781816e-08,-2.8491340159225375e-35
translation_g.2936.peg.433,4.978330691473862e-12,4.28873776780768e-34
transcription_TU_g.2936.peg.433,5.432551779046732e-13,-7.438389059815081e-34
translation_g.2936.peg.434,1.6125119659468468e-08,4.563551811035312e-34
transcription_TU_g.2936.peg.434,1.7596369731608214e-09,1.9225062597304803e-33
translation_g.2936.peg.437,6.869208891691875e-07,2.5571197171023566e-34
transcription_TU_g.2936.peg.437,7.495953020781816e-08,7.913346455066261e-34
translation_g.2936.peg.441,0.0,8.863424821355927e-34
transcription_TU_g.2936.peg.441,0.0,6.233017667960746e-34
translation_g.2936.peg.443,0.0,-2.7141226792868738e-34
transcription_TU_g.2936.peg.443,0.0,-0.0407878068712359
translation_g.2936.peg.444,0.0,-2.3807340389593223e-34
transcription_TU_g.2936.peg.444,0.0,-0.022334633690984727
translation_g.2936.peg.448,-4.488787056607579e-30,1.9203424749472058e-34
transcription_TU_g.2936.peg.448,-4.898342360401929e-31,2.0073688333295608e-33
translation_g.2936.peg.452,3.489810944652291e-10,-1.7999067684291687e-34
transcription_TU_g.2936.peg.452,3.8082200301351955e-11,-8.857531119404057e-35
translation_g.2936.peg.460,0.0,2.0172941916586296e-34
transcription_TU_g.2936.peg.460,0.0,-0.02387972468039247
translation_g.2936.peg.461,0.0,-7.811241765747246e-35
transcription_TU_g.2936.peg.461,0.0,-0.030823465020272025
translation_g.2936.peg.463,8.927218581071795e-10,-3.7190734184161716e-33
transcription_TU_g.2936.peg.463,9.741734768162346e-11,1.2152643386135757e-33
translation_679192.3.peg.464,3.236208608523784e-10,3.296221956252477e-34
transcription_TU_679192.3.peg.464,3.531479108792855e-11,1.3812767482167774e-33
translation_679192.3.peg.468,0.0,-1.9038662861581222e-34
transcription_TU_679192.3.peg.468,0.0,8.091923118455829e-35
translation_g.2936.peg.471,6.869208891691875e-07,-1.172314619218305e-34
transcription_TU_g.2936.peg.471,7.495953020781816e-08,1.2542461451623889e-34
translation_g.2936.peg.472,2.05883914245129e-12,-1.3748752096198901e-34
transcription_TU_g.2936.peg.472,2.2466868794494437e-13,6.019938814684793e-34
translation_g.2936.peg.474,-2.6418212427173984e-53,7.614131164243026e-34
transcription_TU_g.2936.peg.474,0.0,-0.03263767161020056
translation_g.2936.peg.475,0.0,9.678872431878143e-35
transcription_TU_g.2936.peg.475,0.0,-5.6359817901128656e-34
translation_g.2936.peg.476,3.8236088114054906e-11,4.332341740302332e-35
transcription_TU_g.2936.peg.476,4.17247349324438e-12,1.1952709007574879e-33
translation_g.2936.peg.488,0.0,-1.1672284310830999e-33
transcription_TU_g.2936.peg.488,0.0,-0.04720495309427989
translation_g.2936.peg.489,0.0,-6.508911526428281e-34
transcription_TU_g.2936.peg.489,0.0,-9.474399011734332e-34
translation_g.2936.peg.490,0.0,1.9309786711437548e-34
transcription_TU_g.2936.peg.490,0.0,6.465006116440842e-34
translation_g.2936.peg.498,6.869208891691875e-07,3.506084078237593e-35
transcription_TU_g.2936.peg.498,7.495953020781816e-08,-6.4846444355249496e-34
translation_g.2936.peg.507,1.335486306237872e-13,-4.4108908533003406e-34
transcription_TU_g.2936.peg.507,1.4573355926858262e-14,-7.514258045451216e-34
translation_g.2936.peg.510,0.0,6.072644547098518e-34
transcription_TU_g.2936.peg.510,0.0,-0.03908644432913966
translation_g.2936.peg.519,0.0,-1.996346887531966e-35
transcription_TU_g.2936.peg.519,0.0,-0.02090716709761799
translation_g.2936.peg.520,-2.23482614366111e-58,-2.3651329206198958e-34
transcription_TU_g.2936.peg.520,0.0,-0.027077143804524317
translation_g.2936.peg.521,6.869216310163017e-07,-8.842437393294206e-34
transcription_TU_g.2936.peg.521,7.495961116111576e-08,-5.834301934936804e-34
translation_679192.3.peg.523,2.1432838082571218e-10,5.766165040164959e-34
transcription_TU_679192.3.peg.523,2.3388362459509814e-11,1.2893807276210337e-33
translation_g.2936.peg.528,0.0,-6.0508730050628185e-34
transcription_TU_g.2936.peg.528,0.0,-0.025366658533211826
translation_g.2936.peg.532,2.5673516626534625e-10,-4.175301763490598e-34
transcription_TU_g.2936.peg.532,2.8015958976516854e-11,-1.7641268696548043e-34
translation_g.2936.peg.533,0.0,-1.3732185254146523e-34
transcription_TU_g.2936.peg.533,0.0,-0.024293328487095613
translation_679192.3.peg.534,0.0,3.292653441305569e-34
transcription_TU_679192.3.peg.534,0.0,-0.023699817275949452
translation_g.2936.peg.535,0.0,3.8415195952972656e-34
transcription_TU_g.2936.peg.535,0.0,3.104863290592456e-34
translation_g.2936.peg.536,3.541968759193649e-10,6.342122561007834e-34
transcription_TU_g.2936.peg.536,3.8651367047673415e-11,-9.394840348985194e-34
translation_g.2936.peg.541,-1.457054308571634e-30,-4.806121964151752e-34
transcription_TU_g.2936.peg.541,-1.5899954154823535e-31,4.382644595789485e-34
translation_g.2936.peg.543,0.0,-6.046330334705549e-34
transcription_TU_g.2936.peg.543,0.0,-0.022814726269361724
translation_g.2936.peg.545,6.869208891691875e-07,-2.2084468943250217e-35
transcription_TU_g.2936.peg.545,7.495953020781816e-08,-8.874083511625364e-35
translation_g.2936.peg.546,-1.6448874863581295e-29,-3.7449646366279085e-34
transcription_TU_g.2936.peg.546,-1.794966424318062e-30,1.9732393200342784e-33
translation_g.2936.peg.549,1.9473009400234937e-09,-1.7585645732478614e-33
transcription_TU_g.2936.peg.549,2.124971971866354e-10,-1.103951392210651e-33
translation_g.2936.peg.555,0.0,-4.996923156615698e-34
transcription_TU_g.2936.peg.555,0.0,-0.028979742031163408
translation_g.2936.peg.561,8.221271396774246e-08,-2.5993984150657508e-34
transcription_TU_g.2936.peg.561,8.9713772186856e-09,6.950659866439929e-34
translation_g.2936.peg.573,6.869208891691875e-07,-1.62593784109975e-34
transcription_TU_g.2936.peg.573,7.495953020781816e-08,-6.93797660136398e-34
translation_g.2936.peg.575,6.869208891691875e-07,-2.4952288082598447e-34
transcription_TU_g.2936.peg.575,7.495953020781816e-08,4.786898574369226e-34
translation_g.2936.peg.580,0.0,-4.4930780943959275e-34
transcription_TU_g.2936.peg.580,0.0,-0.0459112371938005
translation_679192.3.peg.581,0.0,-8.281430572406254e-34
transcription_TU_679192.3.peg.581,0.0,-2.783400172122025e-34
translation_679192.3.peg.582,8.383066457410198e-11,-8.787961708056339e-35
transcription_TU_679192.3.peg.582,9.147934402000916e-12,2.364775033881677e-34
translation_679192.3.peg.583,1.924047476121905e-11,-6.318172472543749e-34
transcription_TU_679192.3.peg.583,2.0995968703481033e-12,4.040196438738846e-34
translation_g.2936.peg.586,0.0,-7.811241874058112e-35
transcription_TU_g.2936.peg.586,0.0,-6.52842244182059e-34
translation_g.2936.peg.594,1.1088619621414732e-08,-2.2689182866494625e-35
transcription_TU_g.2936.peg.594,1.2100341255886894e-09,1.305684488364118e-33
translation_679192.3.peg.594,2.6237224210277886e-43,1.6878090272979876e-34
transcription_TU_679192.3.peg.594,1.994855024494471e-44,4.3123101258228554e-35
translation_g.2936.peg.596,6.869208891691875e-07,1.426970332930569e-35
transcription_TU_g.2936.peg.596,7.495953020781816e-08,5.247657325471262e-34
translation_g.2936.peg.599,6.869208891691875e-07,-1.432325867737682e-34
transcription_TU_g.2936.peg.599,7.495953020781816e-08,1.7413080026201055e-34
translation_g.2936.peg.603,2.1147665191014036e-30,-9.750658805459933e-35
transcription_TU_g.2936.peg.603,2.3077170496706275e-31,-1.068668854817555e-33
translation_g.2936.peg.605,6.869208891691875e-07,-4.269373846667778e-34
transcription_TU_g.2936.peg.605,7.495953020781816e-08,6.806836017487338e-34
translation_g.2936.peg.607,0.0,-1.2313896457327342e-33
transcription_TU_g.2936.peg.607,0.0,-0.05380288350345962
translation_g.2936.peg.609,-3.5967152441143076e-31,-1.0665889775755887e-34
transcription_TU_g.2936.peg.609,-3.9248782391257645e-32,-1.942845604815912e-34
translation_g.2936.peg.614,6.869208891691875e-07,2.2706914520137904e-34
transcription_TU_g.2936.peg.614,7.495953020781816e-08,-9.165128598787632e-35
translation_g.2936.peg.616,0.0,-1.5761295343715409e-34
transcription_TU_g.2936.peg.616,0.0,-8.281480280136384e-34
translation_g.2936.peg.617,-5.967498227437936e-29,-1.8169025745856213e-34
transcription_TU_g.2936.peg.617,-6.511970602404187e-30,4.387487297000302e-34
translation_g.2936.peg.619,6.67743153118936e-14,-1.1923155062882395e-34
transcription_TU_g.2936.peg.619,7.286677963429131e-15,-1.055483270678373e-34
translation_g.2936.peg.624,0.0,6.966769553113692e-34
transcription_TU_g.2936.peg.624,0.0,3.194107355763228e-33
translation_g.2936.peg.626,0.0,-2.9458096271090072e-34
transcription_TU_g.2936.peg.626,4.53066939146701e-38,-5.213928849349176e-33
translation_g.2936.peg.628,0.0,2.7832263711883725e-34
transcription_TU_g.2936.peg.628,0.0,-0.011334189891944249
translation_g.2936.peg.642,0.0,7.84127526407807e-34
transcription_TU_g.2936.peg.642,0.0,8.394015432082991e-35
translation_g.2936.peg.643,0.0,7.086987148224544e-35
transcription_TU_g.2936.peg.643,0.0,5.4625669658017e-34
translation_679192.3.peg.644,4.186588522759946e-11,-5.898337255433347e-34
transcription_TU_679192.3.peg.644,4.568571341877397e-12,-4.731778555364086e-34
translation_g.2936.peg.647,0.0,1.5467857662790979e-34
transcription_TU_g.2936.peg.647,0.0,1.514796938743592e-33
translation_g.2936.peg.652,6.869208891691875e-07,-8.982668761814721e-35
transcription_TU_g.2936.peg.652,7.495953020781816e-08,8.679927811991018e-35
translation_g.2936.peg.653,2.5160681002150047e-09,-4.655818476903665e-34
transcription_TU_g.2936.peg.653,2.7456332415673797e-10,8.700719842101408e-34
translation_g.2936.peg.659,-3.938403410431826e-30,-2.8119799943576625e-34
transcription_TU_g.2936.peg.659,-4.297741909871169e-31,1.4453848880552134e-33
translation_679192.3.peg.660,0.0,2.517011845997401e-34
transcription_TU_679192.3.peg.660,0.0,1.4605909804959291e-33
translation_679192.3.peg.661,0.0,-1.866647003093829e-33
transcription_TU_679192.3.peg.661,0.0,1.9969916164492385e-33
translation_g.2936.peg.663,0.0,-1.2240621933962928e-33
transcription_TU_g.2936.peg.663,0.0,-2.0090291880304126e-34
translation_g.2936.peg.664,9.447514782643735e-10,-1.2624430327205163e-33
transcription_TU_g.2936.peg.664,1.0309502606550778e-10,1.884502585466544e-33
translation_679192.3.peg.669,0.0,-7.16919030639627e-34
transcription_TU_679192.3.peg.669,0.0,-3.831729681854148e-34
translation_g.2936.peg.672,4.732719924914334e-11,-5.3103825401290015e-34
transcription_TU_g.2936.peg.672,5.164531575183784e-12,4.9395552350334525e-34
translation_g.2936.peg.678,0.0,-1.8588402385992174e-34
transcription_TU_g.2936.peg.678,0.0,-5.566798300428336e-34
translation_g.2936.peg.686,1.5968787872981434e-07,3.839131612906266e-34
transcription_TU_g.2936.peg.686,1.7425774289594646e-08,-1.263207080600665e-33
translation_679192.3.peg.687,1.188386854423071e-08,6.326942448819129e-34
transcription_TU_679192.3.peg.687,1.2968148402131314e-09,1.68336906184394e-33
translation_g.2936.peg.690,3.882266948285836e-11,9.620636280073002e-35
transcription_TU_g.2936.peg.690,4.236483577269262e-12,-1.0861064366460988e-33
translation_g.2936.peg.692,6.869216310163017e-07,-8.82262289906415e-34
transcription_TU_g.2936.peg.692,7.495961116111576e-08,2.5285818465052196e-34
translation_g.2936.peg.694,2.8611246215650043e-09,9.262472380816684e-34
transcription_TU_g.2936.peg.694,3.1221725948373505e-10,3.2688694382654616e-33
translation_g.2936.peg.700,6.869208891691875e-07,1.4477989274391032e-34
transcription_TU_g.2936.peg.700,7.495953020781816e-08,1.1184173954834776e-34
translation_679192.3.peg.702,2.063875401742109e-08,-9.620120890493008e-34
transcription_TU_679192.3.peg.702,2.25218264521224e-09,7.196715208913351e-34
translation_g.2936.peg.703,8.366712825316966e-12,-7.4637110721537726e-34
transcription_TU_g.2936.peg.703,9.130088670443927e-13,1.0090805694425481e-33
translation_g.2936.peg.705,1.9017697964670943e-19,1.4458005039044482e-33
transcription_TU_g.2936.peg.705,2.07528658327757e-20,5.003663374871888e-33
translation_g.2936.peg.709,1.3620974118971362e-13,-1.6257286441989772e-34
transcription_TU_g.2936.peg.709,1.4863746859785294e-14,5.110303495046688e-35
translation_g.2936.peg.710,0.0,8.523575206944e-34
transcription_TU_g.2936.peg.710,0.0,-0.025435503451142785
translation_g.2936.peg.711,2.967388456818404e-12,1.2177459447165955e-34
transcription_TU_g.2936.peg.711,3.2381319038970865e-13,-1.923244195153081e-35
translation_g.2936.peg.717,1.3738388109499183e-06,-1.1011116641186767e-34
transcription_TU_g.2936.peg.717,1.4991873660244594e-07,-4.043578661059294e-34
translation_g.2936.peg.722,0.0,4.636267885187347e-35
transcription_TU_g.2936.peg.722,0.0,-0.02567805173415809
translation_g.2936.peg.728,1.335486306237872e-13,2.5170117593487087e-34
transcription_TU_g.2936.peg.728,1.4573355926858262e-14,-4.84270121081711e-36
translation_g.2936.peg.734,0.0,1.5493768306553386e-34
transcription_TU_g.2936.peg.734,0.0,1.2004364487156928e-33
translation_g.2936.peg.737,0.0,3.2370592891986717e-34
transcription_TU_g.2936.peg.737,0.0,4.791045731235061e-34
translation_g.2936.peg.739,5.865813688034609e-13,-1.9261668623352095e-33
transcription_TU_g.2936.peg.739,6.4010084024882e-14,2.0982271322372724e-33
translation_g.2936.peg.741,1.4289528997967033e-08,8.782890209522262e-35
transcription_TU_g.2936.peg.741,1.5593300443579671e-09,2.3244965811922128e-35
translation_g.2936.peg.744,6.869208891691875e-07,-1.5466163302345995e-34
transcription_TU_g.2936.peg.744,7.495953020781816e-08,2.3854581974433246e-34
translation_g.2936.peg.746,6.869194054749591e-07,-1.4297097217164635e-34
transcription_TU_g.2936.peg.746,7.495936830122297e-08,-4.4076998410882224e-35
translation_g.2936.peg.749,6.869208891691875e-07,-9.560046042299956e-35
transcription_TU_g.2936.peg.749,7.495953020781816e-08,2.1821065736415894e-34
translation_g.2936.peg.760,8.857477729121833e-10,-5.869157794513737e-34
transcription_TU_g.2936.peg.760,9.665630786162542e-11,2.895935324068632e-34
translation_g.2936.peg.763,6.67743153118936e-14,-5.539796911529978e-35
transcription_TU_g.2936.peg.763,7.286677963429131e-15,3.020990929164003e-34
translation_g.2936.peg.771,3.903773803649234e-10,-2.6948153348916233e-33
transcription_TU_g.2936.peg.771,4.2599527103194683e-11,1.3535580489053386e-33
translation_g.2936.peg.773,6.869208891691875e-07,6.249059450809393e-35
transcription_TU_g.2936.peg.773,7.495953020781816e-08,1.4712864793041394e-34
translation_g.2936.peg.776,0.0,2.8668140090749825e-34
transcription_TU_g.2936.peg.776,0.0,-0.022952027225890556
translation_g.2936.peg.777,6.869179217807307e-07,-2.448159989892303e-35
transcription_TU_g.2936.peg.777,7.495920639462778e-08,-5.926556991390775e-35
translation_679192.3.peg.777,5.512018649181961e-10,7.5346303973279565e-34
transcription_TU_679192.3.peg.777,6.014933232546479e-11,9.266162859669197e-34
translation_g.2936.peg.779,0.0,7.852392267613003e-34
transcription_TU_g.2936.peg.779,0.0,-0.08504204676966687
translation_g.2936.peg.782,3.0810510215915303e-10,3.214875894972712e-34
transcription_TU_g.2936.peg.782,3.362164999875781e-11,2.028543712873405e-34
translation_g.2936.peg.792,1.240772239415087e-09,-4.716400023217203e-33
transcription_TU_g.2936.peg.792,1.3539798487413556e-10,4.329513245362234e-33
translation_g.2936.peg.794,1.1809744861376576e-09,-6.89686444546888e-34
transcription_TU_g.2936.peg.794,1.288726170132448e-10,-7.659769686595292e-34
translation_g.2936.peg.795,1.6087573888491346e-09,4.676975489168666e-34
transcription_TU_g.2936.peg.795,1.7555398298098028e-10,1.0796456442287403e-33
translation_679192.3.peg.797,8.744247429836171e-09,-1.9441030287433934e-34
transcription_TU_679192.3.peg.797,9.542069395417684e-10,-1.5422850332354682e-34
translation_679192.3.peg.800,2.263982787523389e-11,1.2086604480344106e-34
transcription_TU_679192.3.peg.800,2.470547756330369e-12,-3.8409065301064796e-34
translation_g.2936.peg.810,6.869208891691875e-07,-2.608466597652895e-35
transcription_TU_g.2936.peg.810,7.495953020781816e-08,-3.8476484385391744e-35
translation_679192.3.peg.818,1.7552448681815166e-09,-3.572222223811086e-34
transcription_TU_679192.3.peg.818,1.9153927736526317e-10,-3.703282797357713e-34
translation_g.2936.peg.819,0.0,-6.641448433641081e-34
transcription_TU_g.2936.peg.819,0.0,-0.0173049095533311
translation_g.2936.peg.821,5.434817852064931e-11,5.453988277921364e-35
transcription_TU_g.2936.peg.821,5.930688662686901e-12,-4.773519764948294e-34
translation_g.2936.peg.826,3.033760221949271e-16,-4.592606345457673e-34
transcription_TU_g.2936.peg.826,3.3105594048177646e-17,1.2858524738817241e-34
translation_g.2936.peg.829,6.869208891691875e-07,-2.1009262210732225e-34
transcription_TU_g.2936.peg.829,7.495953020781816e-08,4.041268592321195e-34
translation_g.2936.peg.830,7.333781773580253e-10,-1.1948992656377314e-33
transcription_TU_g.2936.peg.830,8.002913363999271e-11,-3.739257149209497e-33
translation_g.2936.peg.831,3.8076526109459395e-15,-6.337074815420909e-34
transcription_TU_g.2936.peg.831,4.155061454839254e-16,-5.428437452506418e-34
translation_679192.3.peg.832,1.3201603522371488e-43,1.6538634586251734e-34
transcription_TU_679192.3.peg.832,2.3001473028762243e-44,-1.6866436502817305e-33
translation_g.2936.peg.836,6.869179217807307e-07,-1.3501207581305038e-33
transcription_TU_g.2936.peg.836,7.495920639462778e-08,-9.098743760666661e-34
translation_g.2936.peg.842,0.0,4.280534560790305e-35
transcription_TU_g.2936.peg.842,0.0,2.05630317604077e-33
translation_g.2936.peg.843,0.0,-7.69537427932715e-35
transcription_TU_g.2936.peg.843,0.0,-0.03995386452544068
translation_g.2936.peg.849,6.67743153118936e-14,7.271141336547796e-35
transcription_TU_g.2936.peg.849,7.286677963429131e-15,1.6915324724564602e-33
translation_g.2936.peg.851,0.0,-8.87654866700935e-34
transcription_TU_g.2936.peg.851,0.0,-0.02494727230199861
translation_g.2936.peg.853,0.0,2.9307219240191505e-35
transcription_TU_g.2936.peg.853,0.0,-0.010222269041967068
translation_g.2936.peg.855,0.0,-2.3941612183540764e-35
transcription_TU_g.2936.peg.855,0.0,1.350462954700434e-33
translation_g.2936.peg.857,6.869208891691875e-07,-5.865747972399773e-35
transcription_TU_g.2936.peg.857,7.495953020781816e-08,-1.5683390516365037e-34
translation_g.2936.peg.859,0.0,5.087570184481245e-35
transcription_TU_g.2936.peg.859,0.0,8.218294559576198e-34
translation_g.2936.peg.863,6.869208891691875e-07,-8.151959263970092e-36
transcription_TU_g.2936.peg.863,7.495953020781816e-08,2.7449706356062535e-34
translation_g.2936.peg.869,4.179005793967676e-11,9.458961595417529e-36
transcription_TU_g.2936.peg.869,4.56029676765897e-12,4.8401645578019205e-34
translation_g.2936.peg.872,6.869208891691875e-07,1.2228945587909306e-34
transcription_TU_g.2936.peg.872,7.495953020781816e-08,1.632912727323617e-34
translation_g.2936.peg.876,0.0,1.4497078078467963e-33
transcription_TU_g.2936.peg.876,0.0,-0.04140854981100688
translation_g.2936.peg.877,0.0,-3.3862427192317414e-33
transcription_TU_g.2936.peg.877,0.0,-0.06997970101087525
translation_g.2936.peg.884,9.357583680431229e-11,-4.070174134915729e-34
transcription_TU_g.2936.peg.884,1.0211366223173734e-11,3.2612848975573903e-34
translation_g.2936.peg.886,5.141215726317367e-10,-3.7867132405553845e-34
transcription_TU_g.2936.peg.886,5.610298385421166e-11,2.3051257763489446e-34
translation_g.2936.peg.887,1.1204727246086804e-08,-5.777942493684549e-34
transcription_TU_g.2936.peg.887,1.2227042498143344e-09,-5.576485746665684e-34
translation_g.2936.peg.892,8.221271396774246e-08,-1.0601328558406561e-34
transcription_TU_g.2936.peg.892,8.9713772186856e-09,-4.261577065519057e-34
translation_g.2936.peg.898,0.0,2.8047365533595906e-34
transcription_TU_g.2936.peg.898,0.0,-0.028931723230769393
translation_g.2936.peg.913,0.0,4.068271824613088e-34
transcription_TU_g.2936.peg.913,0.0,-0.01158571619465028
translation_g.2936.peg.914,4.978330691473862e-12,3.979821494393761e-34
transcription_TU_g.2936.peg.914,5.432551779046732e-13,1.5768757561698762e-34
translation_g.2936.peg.920,0.0,-8.901534445747858e-35
transcription_TU_g.2936.peg.920,0.0,-0.022409116974826466
translation_g.2936.peg.923,6.869208891691875e-07,1.2780503902694312e-34
transcription_TU_g.2936.peg.923,7.495953020781816e-08,-1.276107876878358e-34
translation_g.2936.peg.925,6.869179217807307e-07,-9.180178927338135e-35
transcription_TU_g.2936.peg.925,7.495920639462778e-08,-1.1496997667453006e-34
translation_g.2936.peg.926,1.7725987196653804e-09,-2.8775607718818008e-36
transcription_TU_g.2936.peg.926,1.9343299842548597e-10,1.157543952277027e-33
translation_g.2936.peg.933,6.869208891691875e-07,1.808048274749444e-35
transcription_TU_g.2936.peg.933,7.495953020781816e-08,-2.6085752125689317e-34
translation_g.2936.peg.935,0.0,1.1611871577956834e-33
transcription_TU_g.2936.peg.935,0.0,-0.03859913587898702
translation_g.2936.peg.937,1.47559862290771e-11,-1.3807852686339057e-34
transcription_TU_g.2936.peg.937,1.6102317063358695e-12,1.0321641118807764e-33
translation_g.2936.peg.938,3.894181481395623e-11,-1.4511978505910997e-35
transcription_TU_g.2936.peg.938,4.249485188060794e-12,9.432774841803261e-34
translation_g.2936.peg.942,4.268607270439199e-18,7.134814045533122e-35
transcription_TU_g.2936.peg.942,4.658073450361918e-19,1.0792305555535274e-34
translation_g.2936.peg.943,3.033760221949271e-16,1.435804623687061e-34
transcription_TU_g.2936.peg.943,3.3105594048177646e-17,1.4184271846483315e-33
translation_g.2936.peg.947,0.0,-8.215558711210744e-34
transcription_TU_g.2936.peg.947,0.0,-0.013469726107043679
translation_g.2936.peg.948,8.220773563705099e-08,2.760840161745982e-34
transcription_TU_g.2936.peg.948,8.970833963507696e-09,3.210940697793672e-34
translation_g.2936.peg.961,8.806218905215543e-11,-1.4341641821889165e-33
transcription_TU_g.2936.peg.961,9.609695125745111e-12,2.403640155266138e-33
translation_g.2936.peg.964,6.67743153118936e-14,4.606739847672861e-34
transcription_TU_g.2936.peg.964,7.286677963429131e-15,2.9701900759678275e-34
translation_g.2936.peg.965,2.18188082825531e-10,-6.47135543115138e-34
transcription_TU_g.2936.peg.965,2.3809548440618236e-11,6.649720576910581e-34
translation_679192.3.peg.965,0.0,-1.132646763883197e-34
transcription_TU_679192.3.peg.965,0.0,7.45775986465835e-34
translation_g.2936.peg.966,2.9673884568184004e-12,-1.9963479273162782e-35
transcription_TU_g.2936.peg.966,3.2381319038970825e-13,6.067904617153839e-34
translation_g.2936.peg.967,0.0,-8.812948218976298e-34
transcription_TU_g.2936.peg.967,0.0,-2.9694982615091394e-33
translation_g.2936.peg.976,1.3354863062378736e-13,-1.3848867097548565e-34
transcription_TU_g.2936.peg.976,1.457335592685828e-14,-5.891030720549233e-34
translation_g.2936.peg.990,-2.281695441860922e-58,-7.100280031517457e-34
transcription_TU_g.2936.peg.990,0.0,-0.026114524838683466
translation_g.2936.peg.995,8.221271396774246e-08,-1.1564293232660816e-33
transcription_TU_g.2936.peg.995,8.9713772186856e-09,1.4689527006145233e-33
translation_g.2936.peg.998,0.0,7.84127532906459e-34
transcription_TU_g.2936.peg.998,0.0,-0.06880486727832626
translation_g.2936.peg.1001,4.831267519202869e-41,5.5524439631912e-34
transcription_TU_g.2936.peg.1001,-2.5534144313529227e-42,-6.062600706303897e-34
translation_g.2936.peg.1014,-3.655828667733643e-43,-2.0894755507093247e-34
transcription_TU_g.2936.peg.1014,4.958961642811114e-44,1.9592185470048652e-34
translation_g.2936.peg.1019,2.282377668543891e-11,2.517011845997401e-34
transcription_TU_g.2936.peg.1019,2.4906209796267704e-12,1.4605909804959291e-33
translation_g.2936.peg.1022,2.4775017743990975e-09,-4.721512562654301e-34
transcription_TU_g.2936.peg.1022,2.703548138164882e-10,-6.535340586407471e-34
translation_g.2936.peg.1026,0.0,1.4759662039850002e-33
transcription_TU_g.2936.peg.1026,0.0,-0.027077317705504637
translation_g.2936.peg.1029,1.4232480945029349e-09,-6.357515787911873e-35
transcription_TU_g.2936.peg.1029,1.55310473469727e-10,-1.5422850332354682e-34
translation_679192.3.peg.1031,9.286797196464785e-08,-6.057003447424274e-34
transcription_TU_679192.3.peg.1031,1.0134121206071321e-08,-2.7451197720746134e-34
translation_g.2936.peg.1034,2.955945824303735e-10,-1.835074087842147e-34
transcription_TU_g.2936.peg.1034,3.2256452497399e-11,-7.682832982334645e-34
translation_g.2936.peg.1035,0.0,-1.3441020306204466e-34
transcription_TU_g.2936.peg.1035,0.0,-0.04734089947294768
translation_g.2936.peg.1038,6.869179217807307e-07,-1.1821396451036076e-34
transcription_TU_g.2936.peg.1038,7.495920639462778e-08,-2.9880795055344305e-34
translation_g.2936.peg.1040,3.0300280021454e-09,-2.0258749943654063e-34
transcription_TU_g.2936.peg.1040,3.3064866586319723e-10,5.183307830690212e-34
translation_g.2936.peg.1042,0.0,-7.695375307345793e-35
transcription_TU_g.2936.peg.1042,0.0,-0.014715375550423253
translation_g.2936.peg.1045,0.0,-3.2658559386733644e-34
transcription_TU_g.2936.peg.1045,0.0,1.1422317922580624e-33
translation_g.2936.peg.1046,6.67743153118936e-14,6.180850021264093e-35
transcription_TU_g.2936.peg.1046,7.286677963429131e-15,4.2463571474279175e-34
translation_g.2936.peg.1049,1.9678640250535e-44,3.000830522342675e-35
transcription_TU_g.2936.peg.1049,4.083022497081652e-45,-3.8409065301064796e-34
translation_g.2936.peg.1053,4.607377165247693e-13,-6.312089170987875e-35
transcription_TU_g.2936.peg.1053,5.027752587563729e-14,-1.6492984164111666e-34
translation_g.2936.peg.1058,0.0,5.72089044894e-34
transcription_TU_g.2936.peg.1058,0.0,-0.020101014626707398
translation_g.2936.peg.1059,0.0,-1.8782003418556602e-33
transcription_TU_g.2936.peg.1059,0.0,-0.04412586655230332
translation_g.2936.peg.1061,0.0,-1.2874289542127448e-33
transcription_TU_g.2936.peg.1061,0.0,-0.050876703926176166
translation_g.2936.peg.1063,0.0,-2.6758169123964835e-34
transcription_TU_g.2936.peg.1063,0.0,-0.027758138291893216
translation_g.2936.peg.1064,0.0,1.1734529409414119e-33
transcription_TU_g.2936.peg.1064,0.0,-0.032850438478179055
translation_g.2936.peg.1072,-2.648228236837888e-29,-2.93912468630006e-34
transcription_TU_g.2936.peg.1072,0.0,-0.04679676696535498
translation_g.2936.peg.1078,3.0540994299545547e-30,-4.363372964772619e-34
transcription_TU_g.2936.peg.1078,3.332754354788192e-31,-4.161819258009182e-34
translation_679192.3.peg.1080,3.377819484994154e-11,2.5669834684609356e-34
transcription_TU_679192.3.peg.1080,3.686010510296381e-12,-1.34198168696329e-33
translation_g.2936.peg.1085,5.084973888379141e-10,3.0485296528675276e-34
transcription_TU_g.2936.peg.1085,5.548925062577941e-11,1.4244459704389186e-33
translation_g.2936.peg.1088,6.306717753252428e-09,7.365482612357002e-35
transcription_TU_g.2936.peg.1088,6.882140394782363e-10,4.554445186363711e-34
translation_g.2936.peg.1090,0.0,3.223451695927159e-36
transcription_TU_g.2936.peg.1090,0.0,-0.022254692197579907
translation_g.2936.peg.1091,4.260023005095019e-10,5.449396902336763e-34
transcription_TU_g.2936.peg.1091,4.648705959759656e-11,-5.386006488466221e-34
translation_g.2936.peg.1092,0.0,-2.802708882230043e-34
transcription_TU_g.2936.peg.1092,0.0,-2.6252526746951853e-33
translation_g.2936.peg.1100,2.9673884568184004e-12,-7.175616649484873e-34
transcription_TU_g.2936.peg.1100,3.2381319038970825e-13,-1.548373000471924e-33
translation_g.2936.peg.1107,3.36807059695938e-08,-1.189302587667947e-33
transcription_TU_g.2936.peg.1107,3.675372137251428e-09,3.237691666660582e-34
translation_g.2936.peg.1113,0.0,-3.898524267446651e-35
transcription_TU_g.2936.peg.1113,0.0,-0.027784683082419992
translation_g.2936.peg.1116,9.214754330495385e-13,-1.749440538748188e-33
transcription_TU_g.2936.peg.1116,1.0055505175127458e-13,1.6866436502817305e-33
translation_g.2936.peg.1117,2.0852344126366365e-07,9.29137655053126e-35
transcription_TU_g.2936.peg.1117,2.2754904445178322e-08,-1.668518111464101e-33
translation_g.2936.peg.1118,1.335486306237872e-13,-5.6258442200082744e-36
transcription_TU_g.2936.peg.1118,1.4573355926858262e-14,-5.292380608964413e-34
translation_g.2936.peg.1120,4.287054514225404e-11,-5.178638783078504e-34
transcription_TU_g.2936.peg.1120,4.678203813983782e-12,1.975822094013381e-34
translation_g.2936.peg.1122,3.882266948285836e-11,-3.765119750116108e-34
transcription_TU_g.2936.peg.1122,4.236483577269262e-12,2.357606891744863e-34
translation_g.2936.peg.1127,0.0,-1.8697642547046754e-33
transcription_TU_g.2936.peg.1127,0.0,-1.93964019782399e-33
translation_g.2936.peg.1128,5.5957583567091854e-12,-4.105526546034151e-34
transcription_TU_g.2936.peg.1128,6.106313320631627e-13,1.9924256410218967e-35
translation_g.2936.peg.1130,1.4948560342699404e-10,2.0395744424034984e-34
transcription_TU_g.2936.peg.1130,1.6312461569296984e-11,4.5247916941124555e-34
translation_g.2936.peg.1132,6.67743153118936e-14,2.29412584006258e-34
transcription_TU_g.2936.peg.1132,7.286677963429131e-15,3.869779477081996e-34
translation_g.2936.peg.1133,3.9641461406077585e-30,-8.281430383945349e-34
transcription_TU_g.2936.peg.1133,4.325833397416239e-31,-2.6710956249949802e-33
translation_679192.3.peg.1143,0.0,-4.176934197128778e-35
transcription_TU_679192.3.peg.1143,0.0,2.293826140190371e-34
translation_g.2936.peg.1147,6.869208891691875e-07,7.990349448952057e-35
transcription_TU_g.2936.peg.1147,7.495953020781816e-08,-6.389678226466047e-35
translation_g.2936.peg.1152,0.0,-2.089475620028279e-34
transcription_TU_g.2936.peg.1152,0.0,-0.022408577726342235
translation_g.2936.peg.1157,0.0,2.1279135207908267e-33
transcription_TU_g.2936.peg.1157,0.0,-1.0621108781653445e-34
translation_g.2936.peg.1162,2.3889461307896515e-09,4.49089599792309e-34
transcription_TU_g.2936.peg.1162,2.606912709735218e-10,3.351080056439571e-33
translation_g.2936.peg.1166,1.3620974118971362e-13,4.030406394908874e-35
transcription_TU_g.2936.peg.1166,1.4863746859785294e-14,-6.433874465799875e-35
translation_g.2936.peg.1169,0.0,-3.8105071411081993e-34
transcription_TU_g.2936.peg.1169,0.0,7.196715208913351e-34
translation_g.2936.peg.1170,0.0,9.708401790785192e-34
transcription_TU_g.2936.peg.1170,0.0,-0.039271275095221554
translation_679192.3.peg.1170,0.0,-9.43961219131954e-34
transcription_TU_679192.3.peg.1170,0.0,-0.0325316068126629
translation_g.2936.peg.1182,0.0,3.6163903736074046e-34
transcription_TU_g.2936.peg.1182,0.0,-0.021584991565112538
translation_679192.3.peg.1183,3.7264932970899694e-10,-4.233718447414002e-34
transcription_TU_679192.3.peg.1183,4.066497194608496e-11,1.736454291307278e-35
translation_g.2936.peg.1188,8.754049341778435e-10,-3.4729106820723525e-33
transcription_TU_g.2936.peg.1188,9.552765630252225e-11,4.913266285603302e-34
translation_g.2936.peg.1190,0.0,-9.083252134449551e-35
transcription_TU_g.2936.peg.1190,0.0,-0.007310502519025981
translation_679192.3.peg.1192,3.03932974076052e-11,-2.5055425789996305e-34
transcription_TU_679192.3.peg.1192,3.31663708450632e-12,3.5655194781509446e-33
translation_679192.3.peg.1197,0.0,6.14805084692198e-34
transcription_TU_679192.3.peg.1197,0.0,-0.03593563931022458
translation_g.2936.peg.1199,1.111111066257821e-43,-2.943622192890423e-34
transcription_TU_g.2936.peg.1199,-4.915267784351195e-44,-1.3494994040810347e-34
translation_g.2936.peg.1202,0.0,-1.381847456034e-33
transcription_TU_g.2936.peg.1202,0.0,-0.041935268739772665
translation_g.2936.peg.1210,6.869208891691875e-07,1.3792242488354304e-34
transcription_TU_g.2936.peg.1210,7.495953020781816e-08,3.9838674432604795e-34
translation_g.2936.peg.1212,1.4836942284092002e-12,-9.512518286581419e-36
transcription_TU_g.2936.peg.1212,1.6190659519485412e-13,-1.9274456379998205e-36
translation_g.2936.peg.1219,0.0,-9.951373430002889e-34
transcription_TU_g.2936.peg.1219,0.0,-0.04846725072108601
translation_g.2936.peg.1221,1.335486306237872e-13,-2.3257059162337015e-34
transcription_TU_g.2936.peg.1221,1.4573355926858262e-14,-3.1878810256350347e-34
translation_g.2936.peg.1229,1.1752284058261356e-08,-9.32510155049455e-34
transcription_TU_g.2936.peg.1229,1.2824558195363402e-09,-2.1695301424460653e-33
translation_g.2936.peg.1246,8.692410156183944e-11,1.7361291885521282e-34
transcription_TU_g.2936.peg.1246,9.485502507709195e-12,-7.504803247849144e-34
translation_g.2936.peg.1248,0.0,1.056700751646502e-33
transcription_TU_g.2936.peg.1248,0.0,-0.03527757948315085
translation_g.2936.peg.1250,0.0,-1.3966106777712045e-34
transcription_TU_g.2936.peg.1250,0.0,-0.035649105117372556
translation_g.2936.peg.1255,0.0,-4.34898460712319e-35
transcription_TU_g.2936.peg.1255,0.0,-2.6147866307857295e-34
translation_g.2936.peg.1261,6.869208891691875e-07,-5.858335382828502e-34
transcription_TU_g.2936.peg.1261,7.495953020781816e-08,3.5580017610332e-34
translation_g.2936.peg.1264,1.1204727246086804e-08,2.8765197042662254e-34
transcription_TU_g.2936.peg.1264,1.2227042498143344e-09,-6.257692383653957e-34
translation_g.2936.peg.1266,1.4836942284092002e-12,3.0212722941678287e-34
transcription_TU_g.2936.peg.1266,1.6190659519485412e-13,1.1057962307671528e-33
translation_g.2936.peg.1268,0.0,-1.866647003093829e-33
transcription_TU_g.2936.peg.1268,0.0,1.9969916164492385e-33
translation_g.2936.peg.1270,0.0,-7.986167001836033e-34
transcription_TU_g.2936.peg.1270,0.0,-5.35438739971947e-33
translation_g.2936.peg.1274,2.5070595764388087e-10,1.3063322408071094e-34
transcription_TU_g.2936.peg.1274,2.7358027833475646e-11,1.0653942663797642e-34
translation_g.2936.peg.1279,1.034172805758644e-09,-7.339393423002821e-34
transcription_TU_g.2936.peg.1279,1.1285303576533953e-10,2.921117370364881e-33
translation_g.2936.peg.1281,7.536070452789453e-10,1.572512130043101e-33
transcription_TU_g.2936.peg.1281,8.223658788966932e-11,2.4547652437631933e-33
translation_g.2936.peg.1293,0.0,-1.1983650999742346e-33
transcription_TU_g.2936.peg.1293,0.0,-1.1411248891241613e-33
translation_g.2936.peg.1296,0.0,1.134895351976781e-33
transcription_TU_g.2936.peg.1296,0.0,-0.04134558450389068
translation_g.2936.peg.1297,3.418639192757208e-08,-4.996486187787626e-34
transcription_TU_g.2936.peg.1297,3.730554593397999e-09,2.6412784218255205e-33
translation_g.2936.peg.1303,0.0,-5.48715486215672e-35
transcription_TU_g.2936.peg.1303,0.0,-3.094016371585154e-34
translation_g.2936.peg.1304,0.0,-3.1711893029246662e-34
transcription_TU_g.2936.peg.1304,0.0,-9.89986490382755e-35
translation_g.2936.peg.1313,0.0,1.726780790634215e-34
transcription_TU_g.2936.peg.1313,0.0,-0.007307057880860638
translation_g.2936.peg.1316,0.0,1.65908754296658e-33
transcription_TU_g.2936.peg.1316,0.0,5.811241452980532e-35
translation_g.2936.peg.1318,2.270089007078073e-11,-4.885013977864083e-34
transcription_TU_g.2936.peg.1318,2.477211105143629e-12,-7.122229852194593e-34
translation_g.2936.peg.1319,8.426349945007484e-10,-1.7896451270710125e-34
transcription_TU_g.2936.peg.1319,9.195167059315686e-11,1.2877571018544143e-33
translation_g.2936.peg.1321,0.0,-8.292533411418116e-34
transcription_TU_g.2936.peg.1321,0.0,-0.0632022283741718
translation_g.2936.peg.1326,0.0,7.5346303973279565e-34
transcription_TU_g.2936.peg.1326,-1.3559825045337728e-37,-1.419142059588976e-34
translation_g.2936.peg.1331,6.869216310163017e-07,4.070769544370839e-34
transcription_TU_g.2936.peg.1331,7.495961116111576e-08,2.541495716400732e-34
translation_679192.3.peg.1336,0.0,-3.906630203671703e-34
transcription_TU_679192.3.peg.1336,0.0,-0.023483691090089277
translation_g.2936.peg.1337,1.1086256104283336e-09,4.633997342844251e-34
transcription_TU_g.2936.peg.1337,1.2097762092309239e-10,-7.435652015572135e-34
translation_g.2936.peg.1343,2.9673884568184004e-12,-3.481446792551971e-34
transcription_TU_g.2936.peg.1343,3.2381319038970825e-13,3.685987435890509e-34
translation_g.2936.peg.1344,0.0,-3.610491505509508e-35
transcription_TU_g.2936.peg.1344,0.0,-6.44415429475793e-34
translation_g.2936.peg.1348,3.890217034992131e-11,-7.2183950063227825e-34
transcription_TU_g.2936.peg.1348,4.2451590270046176e-12,5.403070922354519e-34
translation_g.2936.peg.1357,6.869208891691875e-07,1.9060168185090734e-35
transcription_TU_g.2936.peg.1357,7.495953020781816e-08,3.0819959306854375e-34
translation_g.2936.peg.1366,0.0,-1.9042279325862772e-34
transcription_TU_g.2936.peg.1366,0.0,2.7842303494724505e-33
translation_g.2936.peg.1370,2.43411294626927e-08,1.0409195714482157e-34
transcription_TU_g.2936.peg.1370,2.65620052908557e-09,6.217337729198891e-34
translation_g.2936.peg.1374,2.1636644296973028e-10,3.5550372327557935e-34
transcription_TU_g.2936.peg.1374,2.361076387903093e-11,1.769615264360397e-33
translation_g.2936.peg.1376,0.0,-7.16919030639627e-34
transcription_TU_g.2936.peg.1376,0.0,-3.831729681854148e-34
translation_g.2936.peg.1377,2.9673884568184004e-12,-9.810112144818427e-35
transcription_TU_g.2936.peg.1377,3.2381319038970825e-13,-1.5262468920474258e-34
translation_g.2936.peg.1383,4.978330691473862e-12,1.4721478321623673e-34
transcription_TU_g.2936.peg.1383,5.432551779046732e-13,-5.050245548423558e-34
transcription_TU_HMPREF9013_RS06250,0.0,7.223704528400545e-35
transcription_TU_HMPREF9013_RS05605,4.3736251022617224e-07,4.785893005686411e-35
transcription_TU_HMPREF9013_RS05630,2.339700060474641e-07,1.152595018180564e-34
transcription_TU_HMPREF9013_RS05250,6.869179217807307e-07,-8.994325774508652e-35
transcription_TU_HMPREF9013_RS05255,6.869179217807307e-07,-1.1271808600387584e-33
transcription_TU_HMPREF9013_RS05260,6.869179217807307e-07,4.76721716238863e-34
transcription_TU_HMPREF9013_RS04950,0.0,5.928711830373864e-35
transcription_TU_HMPREF9013_RS05185,0.0,1.4209421763002928e-34
transcription_TU_HMPREF9013_RS03710,0.0,1.1287191884233674e-34
transcription_TU_HMPREF9013_RS03725,2.500909826869903e-07,2.6167772219176773e-35
transcription_TU_HMPREF9013_RS03730,0.0,1.2612108548770788e-34
transcription_TU_HMPREF9013_RS03735,0.0,2.3066126429881721e-35
transcription_TU_HMPREF9013_RS03740,0.0,-6.934859593019862e-35
transcription_TU_HMPREF9013_RS03745,1.8093644906212962e-07,4.274756863370296e-35
transcription_TU_HMPREF9013_RS03750,1.4777349595429835e-07,-6.957537207387542e-35
transcription_TU_HMPREF9013_RS03755,0.0,8.740481053344793e-35
transcription_TU_HMPREF9013_RS04085,0.0,9.870559168889704e-35
transcription_TU_HMPREF9013_RS03500,2.918144480655879e-07,-5.495568419162227e-35
transcription_TU_HMPREF9013_RS02465,1.266224765751221e-07,1.2901388934451784e-34
transcription_TU_HMPREF9013_RS02525,0.0,6.996221528603748e-35
transcription_TU_HMPREF9013_RS02640,2.7619975696066e-07,-1.068679639418255e-35
transcription_TU_HMPREF9013_RS02695,0.0,-7.858060903630161e-35
transcription_TU_HMPREF9013_RS02700,3.066274728789095e-07,1.2259216583958354e-35
transcription_TU_HMPREF9013_RS02705,0.0,2.1169511171491637e-34
transcription_TU_HMPREF9013_RS02725,0.0,8.740481053344793e-35
transcription_TU_HMPREF9013_RS02855,5.3314201810110184e-08,1.0826621520684225e-34
transcription_TU_HMPREF9013_RS02860,0.0,-1.6633018988941336e-34
transcription_TU_HMPREF9013_RS02895,3.6839403445679407e-07,8.297886790713886e-35
transcription_TU_HMPREF9013_RS03095,1.919374394030807e-07,1.4209421763002928e-34
transcription_TU_HMPREF9013_RS00680,0.0,8.5451571691726e-35
transcription_TU_HMPREF9013_RS00685,3.674129256781637e-08,1.7377206070338994e-35
transcription_TU_HMPREF9013_RS00955,0.0,1.6878969711232386e-34
transcription_TU_HMPREF9013_RS00960,4.81280341951792e-07,-1.6756821867389555e-35
transcription_TU_HMPREF9013_RS00965,0.0,-1.3326249125163704e-35
transcription_TU_HMPREF9013_RS00970,2.3329757936535213e-07,5.411999357435555e-35
transcription_TU_HMPREF9013_RS00975,0.0,-1.2052074926393872e-34
transcription_TU_HMPREF9013_RS00980,0.0,-1.4305884880524573e-34
transcription_TU_HMPREF9013_RS01560,5.407903009082362e-07,2.1191674170829055e-35
transcription_TU_HMPREF9013_RS01575,3.718950379550912e-07,-1.6280178068563277e-35
transcription_TU_HMPREF9013_RS01595,0.0,9.68292591158569e-35
transcription_TU_HMPREF9013_RS01610,0.0,-8.753758023398192e-35
transcription_TU_HMPREF9013_RS00015,4.32238280019691e-07,7.79179150060655e-36
transcription_TU_HMPREF9013_RS00020,3.540095713795542e-07,8.833024436359121e-35
transcription_TU_HMPREF9013_RS00135,2.5544891901297e-07,2.0326267845810393e-34
charging_tRNA_HMPREF9013_RS06250_CGU,0.0,-3.421573753524958e-07
charging_tRNA_HMPREF9013_RS06250_CGC,0.0,-3.421573753524958e-07
charging_tRNA_HMPREF9013_RS06250_CGA,0.0,-3.421573753524958e-07
charging_tRNA_HMPREF9013_RS06250_CGG,0.0,-3.421573753524958e-07
charging_tRNA_HMPREF9013_RS06250_AGA,0.0,-3.421573753524958e-07
charging_tRNA_HMPREF9013_RS06250_AGG,0.0,-3.421573753524958e-07
charging_tRNA_HMPREF9013_RS05605_GAA,0.007583595639218089,-1.3902174955451571e-34
charging_tRNA_HMPREF9013_RS05605_GAG,0.0014972681579537258,-2.5517617994307852e-39
charging_tRNA_HMPREF9013_RS05630_CAA,0.004118758428981358,-3.476709162182374e-39
charging_tRNA_HMPREF9013_RS05630_CAG,0.0007391105192322686,2.1613490734489677e-39
charging_tRNA_HMPREF9013_RS04950_UUA,0.0,-1.0929545042068303e-07
charging_tRNA_HMPREF9013_RS04950_UUG,0.0,-1.0929545042068303e-07
charging_tRNA_HMPREF9013_RS04950_CUU,0.0,-1.0929545042068303e-07
charging_tRNA_HMPREF9013_RS04950_CUC,0.0,-1.0929545042068303e-07
charging_tRNA_HMPREF9013_RS04950_CUA,0.0,-1.0929545042068303e-07
charging_tRNA_HMPREF9013_RS04950_CUG,0.0,-1.0929545042068303e-07
charging_tRNA_HMPREF9013_RS05185_CGU,0.0,-6.617279648588378e-08
charging_tRNA_HMPREF9013_RS05185_CGC,0.0,-6.617279648588378e-08
charging_tRNA_HMPREF9013_RS05185_CGA,0.0,-6.617279648588378e-08
charging_tRNA_HMPREF9013_RS05185_CGG,0.0,-6.617279648588378e-08
charging_tRNA_HMPREF9013_RS05185_AGA,0.0,-6.617279648588378e-08
charging_tRNA_HMPREF9013_RS05185_AGG,0.0,-6.617279648588378e-08
charging_tRNA_HMPREF9013_RS03710_UUA,0.0,-1.647928295832573e-07
charging_tRNA_HMPREF9013_RS03710_UUG,0.0,-1.647928295832573e-07
charging_tRNA_HMPREF9013_RS03710_CUU,0.0,-1.647928295832573e-07
charging_tRNA_HMPREF9013_RS03710_CUC,0.0,-1.647928295832573e-07
charging_tRNA_HMPREF9013_RS03710_CUA,0.0,-1.647928295832573e-07
charging_tRNA_HMPREF9013_RS03710_CUG,0.0,-1.647928295832573e-07
charging_tRNA_HMPREF9013_RS03725_UUU,0.004060497976022799,-9.608242091605722e-35
charging_tRNA_HMPREF9013_RS03725_UUC,0.0011320873452636431,6.262664539907624e-35
charging_tRNA_HMPREF9013_RS03730_AUG,0.0,-3.121380390355114e-07
charging_tRNA_HMPREF9013_RS03730_START,0.0,-3.121380390355114e-07
charging_tRNA_HMPREF9013_RS03735_UCU,0.0,-1.2701068811160446e-06
charging_tRNA_HMPREF9013_RS03735_UCC,0.0,-1.2701068811160446e-06
charging_tRNA_HMPREF9013_RS03735_UCA,0.0,-1.2701068811160446e-06
charging_tRNA_HMPREF9013_RS03735_UCG,0.0,-1.2701068811160446e-06
charging_tRNA_HMPREF9013_RS03735_AGU,0.0,-1.2701068811160446e-06
charging_tRNA_HMPREF9013_RS03735_AGC,0.0,-1.2701068811160446e-06
charging_tRNA_HMPREF9013_RS03740_AUU,0.0,-6.526783413851608e-08
charging_tRNA_HMPREF9013_RS03740_AUC,0.0,-6.526783413851608e-08
charging_tRNA_HMPREF9013_RS03740_AUA,0.0,-6.526783413851608e-08
charging_tRNA_HMPREF9013_RS03745_AUG,0.0033573696740330774,-3.986019938416537e-39
charging_tRNA_HMPREF9013_RS03745_START,0.0003993749290364533,-4.206342920131882e-40
charging_tRNA_HMPREF9013_RS03750_CCU,0.0011652988172762098,-2.652290248027186e-39
charging_tRNA_HMPREF9013_RS03750_CCC,2.7680685389690597e-06,5.591419926741459e-40
charging_tRNA_HMPREF9013_RS03750_CCA,0.0011435673389329185,2.1154099872316392e-39
charging_tRNA_HMPREF9013_RS03750_CCG,0.0007565551106820566,-2.7369713904655657e-39
charging_tRNA_HMPREF9013_RS03755_CGU,0.0,-4.751674552536986e-08
charging_tRNA_HMPREF9013_RS03755_CGC,0.0,-4.751674552536986e-08
charging_tRNA_HMPREF9013_RS03755_CGA,0.0,-4.751674552536986e-08
charging_tRNA_HMPREF9013_RS03755_CGG,0.0,-4.751674552536986e-08
charging_tRNA_HMPREF9013_RS03755_AGA,0.0,-4.751674552536986e-08
charging_tRNA_HMPREF9013_RS03755_AGG,0.0,-4.751674552536986e-08
charging_tRNA_HMPREF9013_RS04085_UCU,0.0,-4.798793317096287e-07
charging_tRNA_HMPREF9013_RS04085_UCC,0.0,-4.798793317096287e-07
charging_tRNA_HMPREF9013_RS04085_UCA,0.0,-4.798793317096287e-07
charging_tRNA_HMPREF9013_RS04085_UCG,0.0,-4.798793317096287e-07
charging_tRNA_HMPREF9013_RS04085_AGU,0.0,-4.798793317096287e-07
charging_tRNA_HMPREF9013_RS04085_AGC,0.0,-4.798793317096287e-07
charging_tRNA_HMPREF9013_RS03500_UCU,0.001901829400714384,3.4533239849073324e-39
charging_tRNA_HMPREF9013_RS03500_UCC,0.0007594660288956194,2.982931328932465e-39
charging_tRNA_HMPREF9013_RS03500_UCA,0.001119219519016153,4.565717298226182e-39
charging_tRNA_HMPREF9013_RS03500_UCG,0.00039184870758645664,-2.1065197975981466e-40
charging_tRNA_HMPREF9013_RS03500_AGU,0.0014990394565598797,1.3195129352653396e-39
charging_tRNA_HMPREF9013_RS03500_AGC,0.0003874775525138873,-6.588223275545687e-39
charging_tRNA_HMPREF9013_RS02465_CAU,0.002237310873571726,-1.7895449177719545e-38
charging_tRNA_HMPREF9013_RS02465_CAC,0.00039172439249314007,1.2563323250339494e-38
charging_tRNA_HMPREF9013_RS02525_UUA,0.0,-9.36364328029162e-07
charging_tRNA_HMPREF9013_RS02525_UUG,0.0,-9.36364328029162e-07
charging_tRNA_HMPREF9013_RS02525_CUU,0.0,-9.36364328029162e-07
charging_tRNA_HMPREF9013_RS02525_CUC,0.0,-9.36364328029162e-07
charging_tRNA_HMPREF9013_RS02525_CUA,0.0,-9.36364328029162e-07
charging_tRNA_HMPREF9013_RS02525_CUG,0.0,-9.36364328029162e-07
charging_tRNA_HMPREF9013_RS02640_ACU,0.0015323050172847896,2.1182621923562716e-39
charging_tRNA_HMPREF9013_RS02640_ACC,0.0011290922651434568,3.752391352997965e-39
charging_tRNA_HMPREF9013_RS02640_ACA,0.0019416371549910993,2.6696112292693983e-39
charging_tRNA_HMPREF9013_RS02640_ACG,0.0011316417525327523,8.549712841529427e-40
charging_tRNA_HMPREF9013_RS02695_UCU,0.0,-1.2662534556778272e-06
charging_tRNA_HMPREF9013_RS02695_UCC,0.0,-1.2662534556778272e-06
charging_tRNA_HMPREF9013_RS02695_UCA,0.0,-1.2662534556778272e-06
charging_tRNA_HMPREF9013_RS02695_UCG,0.0,-1.2662534556778272e-06
charging_tRNA_HMPREF9013_RS02695_AGU,0.0,-1.2662534556778272e-06
charging_tRNA_HMPREF9013_RS02695_AGC,0.0,-1.2662534556778272e-06
charging_tRNA_HMPREF9013_RS02700_GAU,0.005598577901351586,2.9280933667106816e-39
charging_tRNA_HMPREF9013_RS02700_GAC,0.0007678624143591957,-7.18453072710507e-41
charging_tRNA_HMPREF9013_RS02705_GGU,0.0,-1.8185277241549096e-08
charging_tRNA_HMPREF9013_RS02705_GGC,0.0,-1.8185277241549096e-08
charging_tRNA_HMPREF9013_RS02705_GGA,0.0,-1.8185277241549096e-08
charging_tRNA_HMPREF9013_RS02705_GGG,0.0,-1.8185277241549096e-08
charging_tRNA_HMPREF9013_RS02725_CGU,0.0,-4.751674552536986e-08
charging_tRNA_HMPREF9013_RS02725_CGC,0.0,-4.751674552536986e-08
charging_tRNA_HMPREF9013_RS02725_CGA,0.0,-4.751674552536986e-08
charging_tRNA_HMPREF9013_RS02725_CGG,0.0,-4.751674552536986e-08
charging_tRNA_HMPREF9013_RS02725_AGA,0.0,-4.751674552536986e-08
charging_tRNA_HMPREF9013_RS02725_AGG,0.0,-4.751674552536986e-08
charging_tRNA_HMPREF9013_RS02855_UGG,0.001106951313321711,-1.582958644313252e-34
charging_tRNA_HMPREF9013_RS02860_GAA,0.0,-1.1209671163071701e-07
charging_tRNA_HMPREF9013_RS02860_GAG,0.0,-1.1209671163071701e-07
charging_tRNA_HMPREF9013_RS02895_GGU,0.0031037137253348873,5.808476834728898e-40
charging_tRNA_HMPREF9013_RS02895_GGC,0.0007919902112746806,6.490827341162003e-40
charging_tRNA_HMPREF9013_RS02895_GGA,0.002628344785638111,2.4203101765043896e-39
charging_tRNA_HMPREF9013_RS02895_GGG,0.001124837435971053,-1.712395936414526e-39
charging_tRNA_HMPREF9013_RS03095_CGU,0.0016654555194113001,2.5561841238188322e-39
charging_tRNA_HMPREF9013_RS03095_CGC,0.0004015590324638605,1.8274169277495867e-40
charging_tRNA_HMPREF9013_RS03095_CGA,0.0007335071681931183,-4.447486964190363e-39
charging_tRNA_HMPREF9013_RS03095_CGG,9.135285912347342e-06,-1.7141227557746457e-39
charging_tRNA_HMPREF9013_RS03095_AGA,0.0011650518996566925,-4.447486964190363e-39
charging_tRNA_HMPREF9013_RS03095_AGG,1.0446895430227956e-05,-1.9153550304279903e-39
charging_tRNA_HMPREF9013_RS00680_UUA,0.0,-6.128630036371829e-07
charging_tRNA_HMPREF9013_RS00680_UUG,0.0,-6.128630036371829e-07
charging_tRNA_HMPREF9013_RS00680_CUU,0.0,-6.128630036371829e-07
charging_tRNA_HMPREF9013_RS00680_CUC,0.0,-6.128630036371829e-07
charging_tRNA_HMPREF9013_RS00680_CUA,0.0,-6.128630036371829e-07
charging_tRNA_HMPREF9013_RS00680_CUG,0.0,-6.128630036371829e-07
charging_tRNA_HMPREF9013_RS00685_UGU,0.0007496856623743777,5.956732792620749e-36
charging_tRNA_HMPREF9013_RS00685_UGC,1.3165898377470106e-05,2.4340733273544086e-40
charging_tRNA_HMPREF9013_RS00955_GGU,0.0,-2.4102306779265393e-08
charging_tRNA_HMPREF9013_RS00955_GGC,0.0,-2.4102306779265393e-08
charging_tRNA_HMPREF9013_RS00955_GGA,0.0,-2.4102306779265393e-08
charging_tRNA_HMPREF9013_RS00955_GGG,0.0,-2.4102306779265393e-08
charging_tRNA_HMPREF9013_RS00960_AAA,0.00676615305908587,2.5040159597206367e-36
charging_tRNA_HMPREF9013_RS00960_AAG,0.003226567238912288,4.910826209355748e-35
charging_tRNA_HMPREF9013_RS00965_CAA,0.0,-1.0675417323301508e-08
charging_tRNA_HMPREF9013_RS00965_CAG,0.0,-1.0675417323301508e-08
charging_tRNA_HMPREF9013_RS00970_UAU,0.004077302717546465,2.712475364514905e-38
charging_tRNA_HMPREF9013_RS00970_UAC,0.0007666047799916461,2.0318487070672545e-38
charging_tRNA_HMPREF9013_RS00975_ACU,0.0,-1.2546730760071585e-06
charging_tRNA_HMPREF9013_RS00975_ACC,0.0,-1.2546730760071585e-06
charging_tRNA_HMPREF9013_RS00975_ACA,0.0,-1.2546730760071585e-06
charging_tRNA_HMPREF9013_RS00975_ACG,0.0,-1.2546730760071585e-06
charging_tRNA_HMPREF9013_RS00980_GUU,0.0,-7.556669196180478e-07
charging_tRNA_HMPREF9013_RS00980_GUC,0.0,-7.556669196180478e-07
charging_tRNA_HMPREF9013_RS00980_GUA,0.0,-7.556669196180478e-07
charging_tRNA_HMPREF9013_RS00980_GUG,0.0,-7.556669196180478e-07
charging_tRNA_HMPREF9013_RS01560_UUA,0.0052635422447129925,-2.542965948005553e-40
charging_tRNA_HMPREF9013_RS01560_UUG,0.0033525242517772284,-1.9964663266179604e-39
charging_tRNA_HMPREF9013_RS01560_CUU,0.001487110470415779,2.1892487928616995e-39
charging_tRNA_HMPREF9013_RS01560_CUC,3.934221094911391e-06,2.2469099182697688e-39
charging_tRNA_HMPREF9013_RS01560_CUA,0.000743162018296752,6.498980873215528e-39
charging_tRNA_HMPREF9013_RS01560_CUG,0.00037803957899278356,-4.42505116169782e-39
charging_tRNA_HMPREF9013_RS01575_GUU,0.0031335981926728057,-2.5213921686261045e-39
charging_tRNA_HMPREF9013_RS01575_GUC,0.0007831010899256423,2.690140983118677e-39
charging_tRNA_HMPREF9013_RS01575_GUA,0.0015375801144942955,-2.8280799264761907e-39
charging_tRNA_HMPREF9013_RS01575_GUG,0.002267297344287809,-3.0847205325854226e-40
charging_tRNA_HMPREF9013_RS01595_AAA,0.0,-4.207048970661572e-08
charging_tRNA_HMPREF9013_RS01595_AAG,0.0,-4.207048970661572e-08
charging_tRNA_HMPREF9013_RS01610_ACU,0.0,-5.29242587020291e-07
charging_tRNA_HMPREF9013_RS01610_ACC,0.0,-5.29242587020291e-07
charging_tRNA_HMPREF9013_RS01610_ACA,0.0,-5.29242587020291e-07
charging_tRNA_HMPREF9013_RS01610_ACG,0.0,-5.29242587020291e-07
charging_tRNA_HMPREF9013_RS00015_AUU,0.005991641531588502,7.498378172490646e-39
charging_tRNA_HMPREF9013_RS00015_AUC,0.0018925470662297227,3.968864200529976e-39
charging_tRNA_HMPREF9013_RS00015_AUA,0.001090281908931083,-1.951260736547221e-39
charging_tRNA_HMPREF9013_RS00020_GCU,0.0031586182414399025,1.902268213446894e-39
charging_tRNA_HMPREF9013_RS00020_GCC,0.001128073106699365,-3.433327343170717e-40
charging_tRNA_HMPREF9013_RS00020_GCA,0.001535038063549728,-1.8377429844914386e-39
charging_tRNA_HMPREF9013_RS00020_GCG,0.0015284952313205028,-2.446495543221914e-39
charging_tRNA_HMPREF9013_RS00135_AAU,0.0041412889090988005,-4.101923793403268e-35
charging_tRNA_HMPREF9013_RS00135_AAC,0.0011625420925386613,-3.7898313588045163e-34
DM_RNA_g.2936.peg.2,0.0,-0.015539247835528265
DM_RNA_g.2936.peg.22,0.0,-0.011313353014952756
DM_RNA_g.2936.peg.24,0.0,-0.004439133661577908
DM_RNA_g.2936.peg.30,0.0,-0.0036522707263298365
DM_RNA_g.2936.peg.33,0.0,-0.022816954745842378
DM_RNA_g.2936.peg.39,0.0,-0.014525015092234441
DM_RNA_g.2936.peg.43,0.0,-0.0027225133959563946
DM_RNA_679192.3.peg.50,0.0,-0.015898137319258737
DM_RNA_g.2936.peg.53,0.0,-0.015323538790686828
DM_RNA_g.2936.peg.57,0.0,-1.3808203741506822e-33
DM_RNA_679192.3.peg.59,0.0,-0.020710882468578887
DM_RNA_g.2936.peg.64,0.0,1.4387087540089942e-33
DM_RNA_g.2936.peg.66,0.0,-0.02154962012205477
DM_RNA_g.2936.peg.67,0.0,0.0
DM_RNA_g.2936.peg.75,0.0,0.0
DM_RNA_g.2936.peg.79,0.0,-0.018574548451560507
DM_RNA_g.2936.peg.82,0.0,-0.008020480325504242
DM_RNA_g.2936.peg.87,0.0,-0.007748029653591272
DM_RNA_g.2936.peg.88,0.0,0.0
DM_RNA_g.2936.peg.91,0.0,-0.03692355009279842
DM_RNA_g.2936.peg.92,0.0,-0.012894698936899223
DM_RNA_g.2936.peg.103,0.0,-6.528103913594097e-34
DM_RNA_g.2936.peg.104,0.0,-9.722820721421691e-34
DM_RNA_g.2936.peg.106,0.0,-0.015725223275720485
DM_RNA_g.2936.peg.111,0.0,-0.024951381716750383
DM_RNA_g.2936.peg.117,0.0,-0.03301478687017632
DM_RNA_g.2936.peg.119,0.0,6.0338367975945625e-34
DM_RNA_679192.3.peg.138,0.0,0.0
DM_RNA_g.2936.peg.139,0.0,-0.059624356932190765
DM_RNA_679192.3.peg.140,0.0,0.0
DM_RNA_679192.3.peg.141,0.0,7.045713428276402e-34
DM_RNA_g.2936.peg.143,0.0,-0.021065362924835712
DM_RNA_679192.3.peg.143,0.0,0.0
DM_RNA_g.2936.peg.145,0.0,-0.0391687679250704
DM_RNA_g.2936.peg.146,0.0,-0.005230797398578378
DM_RNA_g.2936.peg.147,0.0,0.0
DM_RNA_g.2936.peg.160,0.0,-0.023699817275949452
DM_RNA_g.2936.peg.162,0.0,0.0
DM_RNA_g.2936.peg.163,0.0,-0.009524488462600823
DM_RNA_g.2936.peg.168,0.0,-0.015041982691246424
DM_RNA_g.2936.peg.176,0.0,-0.0067200786033771
DM_RNA_g.2936.peg.177,0.0,-0.012520311194069808
DM_RNA_g.2936.peg.178,0.0,-0.020665519060184986
DM_RNA_g.2936.peg.180,0.0,-0.02174943778631662
DM_RNA_g.2936.peg.184,0.0,-0.02832174605410665
DM_RNA_g.2936.peg.192,0.0,-0.010384028646599899
DM_RNA_g.2936.peg.194,0.0,0.0
DM_RNA_679192.3.peg.194,0.0,-0.025968627299751412
DM_RNA_g.2936.peg.203,0.0,-0.019792162551388905
DM_RNA_679192.3.peg.214,0.0,-0.03223893521504578
DM_RNA_679192.3.peg.215,0.0,-0.017991117975116877
DM_RNA_679192.3.peg.216,0.0,-0.02818234011075289
DM_RNA_g.2936.peg.217,0.0,-0.020056853732439775
DM_RNA_g.2936.peg.218,0.0,-0.010049484344404057
DM_RNA_g.2936.peg.219,0.0,-0.02668426632308557
DM_RNA_g.2936.peg.220,0.0,-0.01619777497612152
DM_RNA_g.2936.peg.223,0.0,0.0
DM_RNA_g.2936.peg.224,0.0,-0.02736090041276825
DM_RNA_g.2936.peg.227,0.0,1.5659135989637674e-33
DM_RNA_g.2936.peg.228,0.0,-0.0228538920806228
DM_RNA_g.2936.peg.230,0.0,-0.019085530678985028
DM_RNA_g.2936.peg.232,0.0,-0.04084085407756979
DM_RNA_g.2936.peg.238,0.0,-0.013710923079452823
DM_RNA_g.2936.peg.242,0.0,-0.02134145434574862
DM_RNA_g.2936.peg.244,0.0,-1.7360789704412893e-33
DM_RNA_679192.3.peg.244,0.0,-0.015539247835528265
DM_RNA_g.2936.peg.245,0.0,-0.0494895015386343
DM_RNA_g.2936.peg.249,0.0,-0.024177486619243498
DM_RNA_g.2936.peg.252,0.0,-0.03025069897698125
DM_RNA_g.2936.peg.253,0.0,-0.04421603723453936
DM_RNA_g.2936.peg.258,0.0,-0.031931558527706606
DM_RNA_g.2936.peg.259,0.0,-0.04185585506937941
DM_RNA_g.2936.peg.261,0.0,-0.004239564990146634
DM_RNA_g.2936.peg.264,0.0,-0.014119442481353627
DM_RNA_g.2936.peg.266,0.0,2.7893846858087652e-33
DM_RNA_g.2936.peg.268,0.0,-0.09882670102586694
DM_RNA_g.2936.peg.273,0.0,2.6301099330601196e-34
DM_RNA_g.2936.peg.277,0.0,-0.01704177886513478
DM_RNA_g.2936.peg.283,0.0,-0.019962523799972258
DM_RNA_679192.3.peg.286,0.0,-0.01782367473520744
DM_RNA_g.2936.peg.287,0.0,-0.007844599482981393
DM_RNA_g.2936.peg.290,0.0,-0.011310140191353263
DM_RNA_g.2936.peg.292,0.0,-0.027150932733149592
DM_RNA_g.2936.peg.294,0.0,-0.04343312937363705
DM_RNA_g.2936.peg.295,0.0,-0.01378251995150089
DM_RNA_679192.3.peg.299,0.0,-0.028125905256612353
DM_RNA_g.2936.peg.300,0.0,-0.025895782991293553
DM_RNA_g.2936.peg.306,0.0,-0.05254935126823235
DM_RNA_g.2936.peg.316,0.0,-0.05712833473293109
DM_RNA_g.2936.peg.317,0.0,-0.03488309917563864
DM_RNA_g.2936.peg.318,0.0,-0.026614768127310704
DM_RNA_g.2936.peg.325,0.0,-0.009695013961387434
DM_RNA_g.2936.peg.327,0.0,-0.01275136474351053
DM_RNA_g.2936.peg.328,0.0,-0.014155866517076615
DM_RNA_g.2936.peg.330,0.0,-0.00622138840887104
DM_RNA_679192.3.peg.332,0.0,-0.019485468663527575
DM_RNA_679192.3.peg.333,0.0,-0.022151636739000887
DM_RNA_g.2936.peg.335,0.0,-0.008027508435144225
DM_RNA_g.2936.peg.339,0.0,-0.004791458292490937
DM_RNA_g.2936.peg.341,0.0,-0.020406491030609524
DM_RNA_g.2936.peg.348,0.0,-0.007458813667191081
DM_RNA_g.2936.peg.349,0.0,-0.010679325262814931
DM_RNA_g.2936.peg.350,0.0,-0.0052999807364745855
DM_RNA_679192.3.peg.350,0.0,-0.006355994291571789
DM_RNA_g.2936.peg.352,0.0,-0.016878445756149215
DM_RNA_g.2936.peg.357,0.0,-0.015884453175167474
DM_RNA_g.2936.peg.358,0.0,-0.015664038641985595
DM_RNA_g.2936.peg.361,0.0,0.0
DM_RNA_g.2936.peg.368,0.0,0.0
DM_RNA_g.2936.peg.370,0.0,-0.0402099664679368
DM_RNA_g.2936.peg.374,0.0,-0.031775267653267464
DM_RNA_g.2936.peg.375,0.0,0.0
DM_RNA_g.2936.peg.378,0.0,-0.03975997040099964
DM_RNA_g.2936.peg.379,0.0,-0.021878270925541895
DM_RNA_g.2936.peg.385,0.0,-0.016278265338829843
DM_RNA_g.2936.peg.387,0.0,-0.007302943881909715
DM_RNA_g.2936.peg.396,0.0,0.0
DM_RNA_g.2936.peg.399,0.0,-0.023292063129121923
DM_RNA_g.2936.peg.401,0.0,-0.02319629309678518
DM_RNA_g.2936.peg.402,0.0,0.0
DM_RNA_g.2936.peg.406,0.0,-0.015523138392980277
DM_RNA_g.2936.peg.410,0.0,-0.03163079597922841
DM_RNA_g.2936.peg.413,0.0,0.0
DM_RNA_g.2936.peg.419,0.0,-0.015418555654410365
DM_RNA_g.2936.peg.421,0.0,-0.012092252949770699
DM_RNA_g.2936.peg.429,0.0,-0.0033003643999979858
DM_RNA_g.2936.peg.433,0.0,-0.02892878147133902
DM_RNA_g.2936.peg.434,0.0,-0.020710882468578887
DM_RNA_g.2936.peg.437,0.0,-0.01297749222684778
DM_RNA_g.2936.peg.441,0.0,-0.02298064591366809
DM_RNA_g.2936.peg.443,0.0,1.2368308586135402e-33
DM_RNA_g.2936.peg.444,0.0,0.0
DM_RNA_g.2936.peg.448,0.0,-0.057189506061458895
DM_RNA_g.2936.peg.452,0.0,-0.024345186668149554
DM_RNA_g.2936.peg.460,0.0,0.0
DM_RNA_g.2936.peg.461,0.0,0.0
DM_RNA_g.2936.peg.463,0.0,-0.056072621506727836
DM_RNA_679192.3.peg.464,0.0,-0.03219867341464628
DM_RNA_679192.3.peg.468,0.0,-0.022065038236252096
DM_RNA_g.2936.peg.471,0.0,-0.008378839545509493
DM_RNA_g.2936.peg.472,0.0,-0.020416882222630862
DM_RNA_g.2936.peg.474,0.0,0.0
DM_RNA_g.2936.peg.475,0.0,-0.02444857203425235
DM_RNA_g.2936.peg.476,0.0,-0.024848524173659257
DM_RNA_g.2936.peg.488,0.0,0.0
DM_RNA_g.2936.peg.489,0.0,-0.04225768661118599
DM_RNA_g.2936.peg.490,0.0,-0.025537251194094116
DM_RNA_g.2936.peg.498,0.0,-0.010047253352128652
DM_RNA_g.2936.peg.507,0.0,-0.016594161136223747
DM_RNA_g.2936.peg.510,0.0,0.0
DM_RNA_g.2936.peg.519,0.0,0.0
DM_RNA_g.2936.peg.520,3.0626590725080635e-59,7.513528301319771e-34
DM_RNA_g.2936.peg.521,0.0,-0.01504709686334866
DM_RNA_679192.3.peg.523,0.0,-0.03193947972775029
DM_RNA_g.2936.peg.528,0.0,0.0
DM_RNA_g.2936.peg.532,0.0,-0.015097625943650606
DM_RNA_g.2936.peg.533,0.0,-6.513288681699334e-34
DM_RNA_679192.3.peg.534,0.0,0.0
DM_RNA_g.2936.peg.535,0.0,-0.016484751249238358
DM_RNA_g.2936.peg.536,0.0,-0.014448854717010415
DM_RNA_g.2936.peg.541,0.0,-0.01567945804976527
DM_RNA_g.2936.peg.543,0.0,-6.509103948890416e-34
DM_RNA_g.2936.peg.545,0.0,-0.006805050644695824
DM_RNA_g.2936.peg.546,0.0,-0.018652832045067524
DM_RNA_g.2936.peg.549,0.0,-0.04631827844988396
DM_RNA_g.2936.peg.555,0.0,7.976710823896649e-34
DM_RNA_g.2936.peg.561,0.0,-0.022906077653405764
DM_RNA_g.2936.peg.573,0.0,-0.013066575298901638
DM_RNA_g.2936.peg.575,0.0,-0.00853683287304017
DM_RNA_g.2936.peg.580,0.0,0.0
DM_RNA_679192.3.peg.581,0.0,-0.021914070949957003
DM_RNA_679192.3.peg.582,0.0,-0.0067200786033771
DM_RNA_679192.3.peg.583,0.0,-0.018978804495539858
DM_RNA_g.2936.peg.586,0.0,-0.014832523140579902
DM_RNA_g.2936.peg.594,0.0,-0.029329360351445597
DM_RNA_679192.3.peg.594,0.0,-0.017469772463132933
DM_RNA_g.2936.peg.596,0.0,-0.008821568080641363
DM_RNA_g.2936.peg.599,0.0,-0.008672413934461463
DM_RNA_g.2936.peg.603,0.0,-0.023551194820808287
DM_RNA_g.2936.peg.605,0.0,-0.012484894351380211
DM_RNA_g.2936.peg.607,0.0,-1.4081721436352452e-33
DM_RNA_g.2936.peg.609,0.0,-0.052465015007557
DM_RNA_g.2936.peg.614,0.0,-0.011255101733545535
DM_RNA_g.2936.peg.616,0.0,-0.023966241547245287
DM_RNA_g.2936.peg.617,0.0,-0.019622981288141748
DM_RNA_g.2936.peg.619,0.0,-0.008452974843751288
DM_RNA_g.2936.peg.624,0.0,-0.029612743532268525
DM_RNA_g.2936.peg.626,0.0,-0.04119461494062465
DM_RNA_g.2936.peg.628,0.0,3.3619838293037397e-34
DM_RNA_g.2936.peg.642,0.0,-0.022711813700788924
DM_RNA_g.2936.peg.643,0.0,-0.01653153355782782
DM_RNA_679192.3.peg.644,0.0,-0.012030244376020384
DM_RNA_g.2936.peg.647,0.0,-0.016480246908352755
DM_RNA_g.2936.peg.652,0.0,-0.006455842624158893
DM_RNA_g.2936.peg.653,0.0,-0.01803209382479226
DM_RNA_g.2936.peg.659,0.0,-0.02111432236881209
DM_RNA_679192.3.peg.660,0.0,-0.01445040789627403
DM_RNA_679192.3.peg.661,0.0,-0.04603403295432645
DM_RNA_g.2936.peg.663,0.0,-0.06387421467731391
DM_RNA_g.2936.peg.664,0.0,-0.031339054962014654
DM_RNA_679192.3.peg.669,0.0,-0.021204211119166073
DM_RNA_g.2936.peg.672,0.0,-0.014796501106057465
DM_RNA_g.2936.peg.678,0.0,-0.014466522375442145
DM_RNA_g.2936.peg.686,0.0,-0.017469355774535174
DM_RNA_679192.3.peg.687,0.0,-0.039721376493626434
DM_RNA_g.2936.peg.690,0.0,-0.013116468017684743
DM_RNA_g.2936.peg.692,0.0,-0.01814140609113725
DM_RNA_g.2936.peg.694,0.0,-0.06273864189586006
DM_RNA_g.2936.peg.700,0.0,-0.008740424630570226
DM_RNA_679192.3.peg.702,0.0,-0.0305535731046726
DM_RNA_g.2936.peg.703,0.0,-0.019824941811372822
DM_RNA_g.2936.peg.705,0.0,-0.058170856623757164
DM_RNA_g.2936.peg.709,0.0,-0.012591296699029633
DM_RNA_g.2936.peg.710,0.0,-1.4058430756809362e-33
DM_RNA_g.2936.peg.711,0.0,-0.021758670993989905
DM_RNA_g.2936.peg.717,0.0,-0.008964367162354672
DM_RNA_g.2936.peg.722,0.0,-7.029497920254543e-34
DM_RNA_g.2936.peg.728,0.0,-0.01706187057834892
DM_RNA_g.2936.peg.734,0.0,-0.03534599743067738
DM_RNA_g.2936.peg.737,0.0,-0.020042837984729445
DM_RNA_g.2936.peg.739,0.0,-0.02574291968682476
DM_RNA_g.2936.peg.741,0.0,-0.022504354680064263
DM_RNA_g.2936.peg.744,0.0,-0.006224775769511075
DM_RNA_g.2936.peg.746,0.0,-0.0036486169358739048
DM_RNA_g.2936.peg.749,0.0,-0.010538131784909649
DM_RNA_g.2936.peg.760,0.0,-0.03464156153303195
DM_RNA_g.2936.peg.763,0.0,-0.013168998080349527
DM_RNA_g.2936.peg.771,0.0,-0.039589271001232725
DM_RNA_g.2936.peg.773,0.0,-0.005511478852969672
DM_RNA_g.2936.peg.776,0.0,0.0
DM_RNA_g.2936.peg.777,0.0,-0.010185769834281953
DM_RNA_679192.3.peg.777,0.0,-0.02480312532528522
DM_RNA_g.2936.peg.779,0.0,2.2453296162277168e-33
DM_RNA_g.2936.peg.782,0.0,-0.013090947598456087
DM_RNA_g.2936.peg.792,0.0,-0.04171774268678886
DM_RNA_g.2936.peg.794,0.0,-0.030689056600638188
DM_RNA_g.2936.peg.795,0.0,-0.02889368070849445
DM_RNA_679192.3.peg.797,0.0,-0.02301654188755548
DM_RNA_679192.3.peg.800,0.0,-0.014733172152563267
DM_RNA_g.2936.peg.810,0.0,-0.004381336652234219
DM_RNA_679192.3.peg.818,0.0,-0.017057135775129777
DM_RNA_g.2936.peg.819,0.0,0.0
DM_RNA_g.2936.peg.821,0.0,-0.020127605990489635
DM_RNA_g.2936.peg.826,0.0,-0.02210460162473832
DM_RNA_g.2936.peg.829,0.0,-0.00975123675020629
DM_RNA_g.2936.peg.830,0.0,-0.046386483565762596
DM_RNA_g.2936.peg.831,0.0,-0.01893669653083135
DM_RNA_679192.3.peg.832,0.0,-0.02561452613729644
DM_RNA_g.2936.peg.836,0.0,-0.04852269449720357
DM_RNA_g.2936.peg.842,0.0,-0.06146836438406804
DM_RNA_g.2936.peg.843,0.0,0.0
DM_RNA_g.2936.peg.849,0.0,-0.016479056640910168
DM_RNA_g.2936.peg.851,0.0,0.0
DM_RNA_g.2936.peg.853,0.0,0.0
DM_RNA_g.2936.peg.855,0.0,-0.012936821797871076
DM_RNA_g.2936.peg.857,0.0,-0.004876042960090709
DM_RNA_g.2936.peg.859,0.0,-0.03239331360951803
DM_RNA_g.2936.peg.863,0.0,-0.006365526664576487
DM_RNA_g.2936.peg.869,0.0,-0.022187596698201712
DM_RNA_g.2936.peg.872,0.0,-0.01620380039681544
DM_RNA_g.2936.peg.876,0.0,-1.0713948246181871e-33
DM_RNA_g.2936.peg.877,0.0,1.9535505263564754e-33
DM_RNA_g.2936.peg.884,0.0,-0.011395540610493419
DM_RNA_g.2936.peg.886,0.0,-0.030367457473908153
DM_RNA_g.2936.peg.887,0.0,-0.028530994672756476
DM_RNA_g.2936.peg.892,0.0,-0.02964292430395686
DM_RNA_g.2936.peg.898,0.0,0.0
DM_RNA_g.2936.peg.913,0.0,0.0
DM_RNA_g.2936.peg.914,0.0,-0.08172831995169205
DM_RNA_g.2936.peg.920,0.0,0.0
DM_RNA_g.2936.peg.923,0.0,-0.006938688453700568
DM_RNA_g.2936.peg.925,0.0,-0.01387044549162779
DM_RNA_g.2936.peg.926,0.0,-0.023555253163247948
DM_RNA_g.2936.peg.933,0.0,-0.005086355845763346
DM_RNA_g.2936.peg.935,0.0,0.0
DM_RNA_g.2936.peg.937,0.0,-0.0264646118247176
DM_RNA_g.2936.peg.938,0.0,-0.025709321071024513
DM_RNA_g.2936.peg.942,0.0,-0.01846771592646699
DM_RNA_g.2936.peg.943,0.0,-0.017041060231659747
DM_RNA_g.2936.peg.947,0.0,-4.067188965290729e-34
DM_RNA_g.2936.peg.948,0.0,-0.007930869694189773
DM_RNA_g.2936.peg.961,0.0,-0.03663315301238457
DM_RNA_g.2936.peg.964,0.0,-0.028959509948768423
DM_RNA_g.2936.peg.965,0.0,-0.02381831308004199
DM_RNA_679192.3.peg.965,0.0,-0.022254692197579907
DM_RNA_g.2936.peg.966,0.0,-0.028678021916265665
DM_RNA_g.2936.peg.967,0.0,-0.059930001861620716
DM_RNA_g.2936.peg.976,0.0,-0.017897479937255656
DM_RNA_g.2936.peg.990,3.1440746256583367e-59,0.0
DM_RNA_g.2936.peg.995,0.0,-0.09154637304509385
DM_RNA_g.2936.peg.998,0.0,0.0
DM_RNA_g.2936.peg.1001,0.0,-0.017465285747902463
DM_RNA_g.2936.peg.1014,0.0,-0.03572541293684415
DM_RNA_g.2936.peg.1019,0.0,-0.01445040789627403
DM_RNA_g.2936.peg.1022,0.0,-0.03782996943467067
DM_RNA_g.2936.peg.1026,0.0,7.776744997780447e-34
DM_RNA_g.2936.peg.1029,0.0,-0.02301654188755548
DM_RNA_679192.3.peg.1031,0.0,-0.02436588794379859
DM_RNA_g.2936.peg.1034,0.0,-0.013674503547817221
DM_RNA_g.2936.peg.1035,0.0,0.0
DM_RNA_g.2936.peg.1038,0.0,-0.010292538429246614
DM_RNA_g.2936.peg.1040,0.0,-0.012600532158746559
DM_RNA_g.2936.peg.1042,0.0,4.372867613705232e-34
DM_RNA_g.2936.peg.1045,0.0,-0.017203423014905666
DM_RNA_g.2936.peg.1046,0.0,-0.031702738142473
DM_RNA_g.2936.peg.1049,0.0,-0.014733172152563267
DM_RNA_g.2936.peg.1053,0.0,-0.0067969268648532255
DM_RNA_g.2936.peg.1058,0.0,0.0
DM_RNA_g.2936.peg.1059,0.0,0.0
DM_RNA_g.2936.peg.1061,0.0,-1.3887902195445201e-33
DM_RNA_g.2936.peg.1063,0.0,-8.147493430213411e-34
DM_RNA_g.2936.peg.1064,0.0,0.0
DM_RNA_g.2936.peg.1072,2.8898516211457648e-30,0.0
DM_RNA_g.2936.peg.1078,0.0,-0.012371232403491335
DM_RNA_679192.3.peg.1080,0.0,-0.021878270925541895
DM_RNA_g.2936.peg.1085,0.0,-0.024748214016593793
DM_RNA_g.2936.peg.1088,0.0,-0.021569168907427487
DM_RNA_g.2936.peg.1090,0.0,0.0
DM_RNA_g.2936.peg.1091,0.0,-0.007377611323611218
DM_RNA_g.2936.peg.1092,0.0,-0.041449375645754856
DM_RNA_g.2936.peg.1100,0.0,-0.034148933631544066
DM_RNA_g.2936.peg.1107,0.0,-0.02768497861976237
DM_RNA_g.2936.peg.1113,0.0,0.0
DM_RNA_g.2936.peg.1116,0.0,-0.03845315678930161
DM_RNA_g.2936.peg.1117,0.0,-0.023945129808108347
DM_RNA_g.2936.peg.1118,0.0,-0.020694426920165546
DM_RNA_g.2936.peg.1120,0.0,-0.0274630647692361
DM_RNA_g.2936.peg.1122,0.0,-0.013106497198648983
DM_RNA_g.2936.peg.1127,0.0,-0.06284290687838613
DM_RNA_g.2936.peg.1128,0.0,-0.01669537615302846
DM_RNA_g.2936.peg.1130,0.0,-0.00909150100034327
DM_RNA_g.2936.peg.1132,0.0,-0.017399687050073907
DM_RNA_g.2936.peg.1133,0.0,-0.05381290351688426
DM_RNA_679192.3.peg.1143,0.0,-0.0368454067631336
DM_RNA_g.2936.peg.1147,0.0,-0.007458255177068297
DM_RNA_g.2936.peg.1152,0.0,0.0
DM_RNA_g.2936.peg.1157,0.0,-0.054458243205219116
DM_RNA_g.2936.peg.1162,0.0,-0.030898417973204178
DM_RNA_g.2936.peg.1166,0.0,-0.027262247597840954
DM_RNA_g.2936.peg.1169,0.0,-0.0305535731046726
DM_RNA_g.2936.peg.1170,0.0,0.0
DM_RNA_679192.3.peg.1170,0.0,-9.037477016287151e-34
DM_RNA_g.2936.peg.1182,0.0,5.860391542820665e-34
DM_RNA_679192.3.peg.1183,0.0,-0.040795641877923144
DM_RNA_g.2936.peg.1188,0.0,-0.06507819429314149
DM_RNA_g.2936.peg.1190,0.0,-2.089840561505167e-34
DM_RNA_679192.3.peg.1192,0.0,-0.04434465854223621
DM_RNA_679192.3.peg.1197,0.0,0.0
DM_RNA_g.2936.peg.1199,0.0,-0.020133139366984378
DM_RNA_g.2936.peg.1202,0.0,0.0
DM_RNA_g.2936.peg.1210,0.0,-0.007037634442343175
DM_RNA_g.2936.peg.1212,0.0,-0.00572742178078141
DM_RNA_g.2936.peg.1219,0.0,-1.2956877538061866e-33
DM_RNA_g.2936.peg.1221,0.0,-0.01844285874292259
DM_RNA_g.2936.peg.1229,0.0,-0.040625108716352394
DM_RNA_g.2936.peg.1246,0.0,-0.01833095485448261
DM_RNA_g.2936.peg.1248,0.0,0.0
DM_RNA_g.2936.peg.1250,0.0,0.0
DM_RNA_g.2936.peg.1255,0.0,-0.005716987968674169
DM_RNA_g.2936.peg.1261,0.0,-0.023210371078529076
DM_RNA_g.2936.peg.1264,0.0,-0.021280156136886427
DM_RNA_g.2936.peg.1266,0.0,-0.052323876475021514
DM_RNA_g.2936.peg.1268,0.0,-0.04603403295432645
DM_RNA_g.2936.peg.1270,0.0,-0.04076611059435224
DM_RNA_g.2936.peg.1274,0.0,-0.01894937734488571
DM_RNA_g.2936.peg.1279,0.0,-0.03315453830826251
DM_RNA_g.2936.peg.1281,0.0,-0.06244442358794362
DM_RNA_g.2936.peg.1293,0.0,-0.02643249601401498
DM_RNA_g.2936.peg.1296,0.0,0.0
DM_RNA_g.2936.peg.1297,0.0,-0.034225032059901246
DM_RNA_g.2936.peg.1303,0.0,-0.01666074076556495
DM_RNA_g.2936.peg.1304,0.0,-0.021884663940752738
DM_RNA_g.2936.peg.1313,0.0,0.0
DM_RNA_g.2936.peg.1316,0.0,-0.030797738093002073
DM_RNA_g.2936.peg.1318,0.0,-0.026220055265645057
DM_RNA_g.2936.peg.1319,0.0,-0.03161015522313278
DM_RNA_g.2936.peg.1321,0.0,1.830761544461577e-33
DM_RNA_g.2936.peg.1326,0.0,-0.02480312532528522
DM_RNA_g.2936.peg.1331,0.0,-0.014387168234617831
DM_RNA_679192.3.peg.1336,0.0,-6.528103913594097e-34
DM_RNA_g.2936.peg.1337,0.0,-0.013398366086181704
DM_RNA_g.2936.peg.1343,0.0,-0.03325507892766163
DM_RNA_g.2936.peg.1344,0.0,-0.010350058035722821
DM_RNA_g.2936.peg.1348,0.0,-0.0342839694279378
DM_RNA_g.2936.peg.1357,0.0,-0.008385537295204722
DM_RNA_g.2936.peg.1366,0.0,-0.0362930515028256
DM_RNA_g.2936.peg.1370,0.0,-0.011175072031753124
DM_RNA_g.2936.peg.1374,0.0,-0.021703340212124233
DM_RNA_g.2936.peg.1376,0.0,-0.021204211119166073
DM_RNA_g.2936.peg.1377,0.0,-0.0070822059051377974
DM_RNA_g.2936.peg.1383,0.0,-0.016255353212355286
DM_RNA_HMPREF9013_RS06250,0.0,-0.0018305698159988434
DM_RNA_HMPREF9013_RS05605,0.0,-0.0018062816910566556
DM_RNA_HMPREF9013_RS05630,0.0,-0.0017582492738556716
DM_RNA_HMPREF9013_RS05250,0.0,-0.00260143043451981
DM_RNA_HMPREF9013_RS05255,0.0,-0.06955748652917892
DM_RNA_HMPREF9013_RS05260,0.0,-0.03663168504470586
DM_RNA_HMPREF9013_RS04950,0.0,-0.001975287871870026
DM_RNA_HMPREF9013_RS05185,0.0,-0.0018051743316303656
DM_RNA_HMPREF9013_RS03710,0.0,-0.0019750494047006285
DM_RNA_HMPREF9013_RS03725,0.0,-0.0017839191928759024
DM_RNA_HMPREF9013_RS03730,0.0,-0.0019059086868903233
DM_RNA_HMPREF9013_RS03735,0.0,-0.0022178754450015593
DM_RNA_HMPREF9013_RS03740,0.0,-0.0018060578813266625
DM_RNA_HMPREF9013_RS03745,0.0,-0.0018774948737735372
DM_RNA_HMPREF9013_RS03750,0.0,-0.00187877541800806
DM_RNA_HMPREF9013_RS03755,0.0,-0.0018073743930435416
DM_RNA_HMPREF9013_RS04085,0.0,-0.0021435933086146088
DM_RNA_HMPREF9013_RS03500,0.0,-0.002093534014808681
DM_RNA_HMPREF9013_RS02465,0.0,-0.0018070786483488364
DM_RNA_HMPREF9013_RS02525,0.0,-0.002051531602500755
DM_RNA_HMPREF9013_RS02640,0.0,-0.0017309787876475314
DM_RNA_HMPREF9013_RS02695,0.0,-0.002216854677979385
DM_RNA_HMPREF9013_RS02700,0.0,-0.0018784650158739505
DM_RNA_HMPREF9013_RS02705,0.0,-0.0017356629659449137
DM_RNA_HMPREF9013_RS02725,0.0,-0.0018073743930435416
DM_RNA_HMPREF9013_RS02855,0.0,-0.0017345196390362674
DM_RNA_HMPREF9013_RS02860,0.0,-0.0018110524617581543
DM_RNA_HMPREF9013_RS02895,0.0,-0.0017315013102879588
DM_RNA_HMPREF9013_RS03095,0.0,-0.0018022932202079334
DM_RNA_HMPREF9013_RS00680,0.0,-0.0020210549452966695
DM_RNA_HMPREF9013_RS00685,0.0,-0.0017399618389277451
DM_RNA_HMPREF9013_RS00955,0.0,-0.0017335135294534979
DM_RNA_HMPREF9013_RS00960,0.0,-0.0017818563487886029
DM_RNA_HMPREF9013_RS00965,0.0,-0.0017613688524475007
DM_RNA_HMPREF9013_RS00970,0.0,-0.0020755452927911896
DM_RNA_HMPREF9013_RS00975,0.0,-0.0018469316241653466
DM_RNA_HMPREF9013_RS00980,0.0,-0.0018563622949055465
DM_RNA_HMPREF9013_RS01560,0.0,-0.0019501764429725786
DM_RNA_HMPREF9013_RS01575,0.0,-0.0017819069737103632
DM_RNA_HMPREF9013_RS01595,0.0,-0.0017827252410454958
DM_RNA_HMPREF9013_RS01610,0.0,-0.001777644068209888
DM_RNA_HMPREF9013_RS00015,0.0,-0.0018074250179653019
DM_RNA_HMPREF9013_RS00020,0.0,-0.0017849759273804323
DM_RNA_HMPREF9013_RS00135,0.0,-0.001784925302458672
formation_679192.3.peg.1031-MONOMER,2.3216992991161962e-08,0.0
formation_679192.3.peg.1080-MONOMER,3.377819484994154e-11,0.0
formation_679192.3.peg.1170-MONOMER,0.0,-2.7337279548648067e-34
formation_679192.3.peg.1183-MONOMER,3.7264932970899694e-10,1.8971894551390946e-34
formation_679192.3.peg.1197-MONOMER,0.0,0.0
formation_679192.3.peg.1336-MONOMER,0.0,-4.917536612807659e-34
formation_679192.3.peg.138-MONOMER,0.0,1.6883256852620925e-34
formation_679192.3.peg.140-MONOMER,0.0,-4.458598924775376e-34
formation_679192.3.peg.141-MONOMER,0.0,0.0
formation_679192.3.peg.143-MONOMER,0.0,0.0
formation_679192.3.peg.194-MONOMER,2.4467387362065714e-10,-1.166330216704032e-34
formation_679192.3.peg.215-MONOMER,4.8229606565856644e-08,0.0
formation_679192.3.peg.216-MONOMER,5.8985830842982424e-08,0.0
formation_679192.3.peg.286-MONOMER,8.002545070182203e-08,0.0
formation_679192.3.peg.299-MONOMER,0.0,1.295634161649449e-34
formation_679192.3.peg.333-MONOMER,0.0,-1.389828493225252e-34
formation_679192.3.peg.350-MONOMER,0.0,-3.845327720451783e-35
formation_679192.3.peg.464-MONOMER,3.236208608523784e-10,0.0
formation_679192.3.peg.50-MONOMER,7.288854788239563e-10,0.0
formation_679192.3.peg.523-MONOMER,2.1432838082571218e-10,-1.5522125843473402e-34
formation_679192.3.peg.534-MONOMER,0.0,0.0
formation_679192.3.peg.582-MONOMER,8.383066457410198e-11,4.1557772523145897e-35
formation_679192.3.peg.583-MONOMER,1.924047476121905e-11,0.0
formation_679192.3.peg.59-MONOMER,2.9549803650249846e-08,-1.3437449229826495e-34
formation_679192.3.peg.594-MONOMER,1.2028845281396413e-43,0.0
formation_679192.3.peg.660-MONOMER,0.0,1.136236353600448e-34
formation_679192.3.peg.661-MONOMER,0.0,0.0
formation_679192.3.peg.669-MONOMER,0.0,-1.3818016483753088e-34
formation_679192.3.peg.687-MONOMER,1.188386854423071e-08,0.0
formation_679192.3.peg.702-MONOMER,2.063875401742109e-08,0.0
formation_679192.3.peg.777-MONOMER,5.512018649181961e-10,0.0
formation_679192.3.peg.797-MONOMER,8.744247429836171e-09,0.0
formation_679192.3.peg.800-MONOMER,2.263982787523389e-11,1.1753675345657543e-34
formation_679192.3.peg.818-MONOMER,1.7552448681815166e-09,0.0
formation_679192.3.peg.832-MONOMER,3.5711165333636076e-44,-1.2091692436259008e-34
formation_679192.3.peg.965-MONOMER,0.0,0.0
formation_CPLX_ACGApts-0,4.276429369656686e-43,-3.231169860116365e-34
formation_CPLX_CYTBD-0,0.0,4.457537078212904e-34
formation_CPLX_CYTBD-1,0.0,0.0
formation_CPLX_CYTBD-10,0.0,-5.4674107642315125e-34
formation_CPLX_CYTBD-11,0.0,5.483329664254102e-34
formation_CPLX_CYTBD-2,0.0,0.0
formation_CPLX_CYTBD-3,0.0,-5.3086338665295565e-34
formation_CPLX_CYTBD-4,0.0,5.301054355478766e-34
formation_CPLX_CYTBD-5,0.0,5.316661858145381e-34
formation_CPLX_CYTBD-6,0.0,0.0
formation_CPLX_CYTBD-7,0.0,-5.67237221316282e-34
formation_CPLX_CYTBD-8,0.0,5.731061486587444e-34
formation_CPLX_CYTBD-9,0.0,0.0
formation_CPLX_GLCpts-0,0.0,-2.414628377114925e-34
formation_CPLX_GLGC-0,0.0,0.0
formation_CPLX_MALTpts-0,2.4775017743990975e-09,0.0
formation_CPLX_METDabc-0,-1.457054308571634e-30,2.1021399950538788e-34
formation_CPLX_MNabc-0,3.033760221949271e-16,1.3146258613015431e-33
formation_CPLX_UPPRT-0,0.0,0.0
formation_CPLX_YUMPS-0,0.0,0.0
formation_CPLX_YUMPS-1,6.67743153118936e-14,-1.6127926024626315e-33
formation_CPLX_ZNabc-0,0.0,2.1412746821311662e-34
formation_CPLX_ZNabc-1,3.8076526109459395e-15,0.0
formation_CPLX_ZNabc-2,0.0,0.0
formation_CPLX_ZNabc-3,0.0,-3.117897172458509e-34
formation_CPLX_ZNabc-4,0.0,-1.0231990361900396e-34
formation_CPLX_ZNabc-5,0.0,4.655934697697613e-34
formation_CPLX_ZNabc-6,0.0,0.0
formation_CPLX_ZNabc-7,0.0,0.0
formation_CPLX_dreplication-0,0.0,5.2694363561242834e-33
formation_CPLX_dreplication-1,0.0,-5.2913615823462215e-33
formation_CPLX_pbiosynthesis-0,7.418471142046001e-13,9.645645477149855e-32
formation_CPLX_pbiosynthesis-1,7.418471142046001e-13,5.875360600088023e-32
formation_CPLX_pbiosynthesis-2,7.418471142046001e-13,3.8645419989883787e-32
formation_CPLX_pbiosynthesis-3,7.418471142046001e-13,3.8645419989883787e-32
formation_CPLX_r0060-0,7.696211804481932e-08,1.7653584962217784e-34
formation_CPLX_rtranscription-0,4.978330691473862e-12,-1.3317419628259982e-32
formation_g.2936.peg.1001-MONOMER,-1.767696614133859e-41,0.0
formation_g.2936.peg.1019-MONOMER,2.282377668543891e-11,-8.345062560427095e-35
formation_g.2936.peg.1022-MONOMER,0.0,0.0
formation_g.2936.peg.103-MONOMER,0.0,0.0
formation_g.2936.peg.1035-MONOMER,0.0,-2.965277157471609e-34
formation_g.2936.peg.1038-MONOMER,6.869179217807307e-07,0.0
formation_g.2936.peg.104-MONOMER,0.0,-3.526400318021404e-34
formation_g.2936.peg.1040-MONOMER,3.0300280021454e-09,8.507242004396261e-35
formation_g.2936.peg.1042-MONOMER,0.0,0.0
formation_g.2936.peg.1045-MONOMER,0.0,1.2949343222713097e-34
formation_g.2936.peg.1049-MONOMER,3.0997824102114036e-44,0.0
formation_g.2936.peg.1053-MONOMER,6.581967378925275e-14,0.0
formation_g.2936.peg.1058-MONOMER,0.0,0.0
formation_g.2936.peg.1059-MONOMER,0.0,-2.9570536069719686e-34
formation_g.2936.peg.106-MONOMER,2.6034766040569432e-09,0.0
formation_g.2936.peg.1063-MONOMER,0.0,0.0
formation_g.2936.peg.1072-MONOMER,-2.648228236837888e-29,0.0
formation_g.2936.peg.1078-MONOMER,3.0540994299545547e-30,0.0
formation_g.2936.peg.1085-MONOMER,5.055300003810958e-10,0.0
formation_g.2936.peg.1088-MONOMER,6.306717753252428e-09,1.0736515985029759e-29
formation_g.2936.peg.1091-MONOMER,4.260023005095019e-10,0.0
formation_g.2936.peg.1107-MONOMER,3.36807059695938e-08,-2.259625163911292e-34
formation_g.2936.peg.1113-MONOMER,0.0,0.0
formation_g.2936.peg.1116-MONOMER,6.581967378925275e-14,3.204211539398425e-33
formation_g.2936.peg.1117-MONOMER,3.4753906877277276e-08,-9.23559209857429e-34
formation_g.2936.peg.1118-MONOMER,6.67743153118936e-14,0.0
formation_g.2936.peg.1122-MONOMER,3.882266948285836e-11,-8.47563871160838e-35
formation_g.2936.peg.1130-MONOMER,1.4948560342699404e-10,5.288588314436469e-35
formation_g.2936.peg.1133-MONOMER,3.9641461406077585e-30,0.0
formation_g.2936.peg.1147-MONOMER,6.869179217807307e-07,0.0
formation_g.2936.peg.1152-MONOMER,0.0,0.0
formation_g.2936.peg.1157-MONOMER,0.0,-3.0854682109399565e-34
formation_g.2936.peg.1162-MONOMER,2.3889461307896515e-09,-1.8373662095329273e-34
formation_g.2936.peg.1169-MONOMER,0.0,-1.6167333922417423e-34
formation_g.2936.peg.117-MONOMER,7.435731681726813e-10,-2.780769107948198e-34
formation_g.2936.peg.1170-MONOMER,0.0,0.0
formation_g.2936.peg.1188-MONOMER,8.724375457210251e-10,-6.492528265511888e-34
formation_g.2936.peg.119-MONOMER,0.0,0.0
formation_g.2936.peg.1190-MONOMER,0.0,0.0
formation_g.2936.peg.1199-MONOMER,3.2780743216628572e-43,0.0
formation_g.2936.peg.1210-MONOMER,6.869179217807307e-07,0.0
formation_g.2936.peg.1229-MONOMER,9.274782283862258e-09,2.555695741172976e-34
formation_g.2936.peg.1246-MONOMER,8.692410156183944e-11,0.0
formation_g.2936.peg.1248-MONOMER,0.0,0.0
formation_g.2936.peg.1255-MONOMER,0.0,0.0
formation_g.2936.peg.1261-MONOMER,6.869179217807307e-07,-1.5666632762023766e-34
formation_g.2936.peg.1264-MONOMER,1.1204727246086804e-08,0.0
formation_g.2936.peg.1266-MONOMER,0.0,0.0
formation_g.2936.peg.1268-MONOMER,0.0,0.0
formation_g.2936.peg.1279-MONOMER,5.156027086509129e-10,0.0
formation_g.2936.peg.1281-MONOMER,7.506396568221269e-10,3.43968768857156e-34
formation_g.2936.peg.1293-MONOMER,0.0,-1.942785096544507e-34
formation_g.2936.peg.1303-MONOMER,0.0,1.2386657011105898e-34
formation_g.2936.peg.1304-MONOMER,0.0,0.0
formation_g.2936.peg.1313-MONOMER,0.0,0.0
formation_g.2936.peg.1316-MONOMER,0.0,0.0
formation_g.2936.peg.1319-MONOMER,8.426349945007484e-10,0.0
formation_g.2936.peg.1321-MONOMER,0.0,0.0
formation_g.2936.peg.1331-MONOMER,6.869186636278449e-07,0.0
formation_g.2936.peg.1344-MONOMER,0.0,0.0
formation_g.2936.peg.1348-MONOMER,3.890217034992131e-11,0.0
formation_g.2936.peg.1357-MONOMER,6.869179217807307e-07,0.0
formation_g.2936.peg.1366-MONOMER,0.0,-1.797362991537003e-34
formation_g.2936.peg.1370-MONOMER,2.43411294626927e-08,0.0
formation_g.2936.peg.1374-MONOMER,2.1636644296973028e-10,-1.7995660298784838e-34
formation_g.2936.peg.1376-MONOMER,0.0,0.0
formation_g.2936.peg.139-MONOMER,0.0,0.0
formation_g.2936.peg.146-MONOMER,3.882266948285836e-11,0.0
formation_g.2936.peg.147-MONOMER,0.0,0.0
formation_g.2936.peg.160-MONOMER,1.3106519340832006e-08,0.0
formation_g.2936.peg.163-MONOMER,6.869179217807307e-07,-5.936614806993709e-35
formation_g.2936.peg.176-MONOMER,0.0,0.0
formation_g.2936.peg.177-MONOMER,0.0,-1.0511311489807333e-34
formation_g.2936.peg.184-MONOMER,0.0,-2.078492037371528e-34
formation_g.2936.peg.192-MONOMER,6.869186636278449e-07,0.0
formation_g.2936.peg.194-MONOMER,0.0,-3.800027629841441e-34
formation_g.2936.peg.2-MONOMER,0.0,0.0
formation_g.2936.peg.218-MONOMER,6.869179217807307e-07,0.0
formation_g.2936.peg.22-MONOMER,4.978330691473862e-12,-6.145395479542956e-35
formation_g.2936.peg.228-MONOMER,1.5631682562030235e-08,2.8571277057975988e-34
formation_g.2936.peg.230-MONOMER,6.869179217807307e-07,-8.309448728616742e-35
formation_g.2936.peg.232-MONOMER,4.978330691473862e-12,2.6811244496124386e-34
formation_g.2936.peg.238-MONOMER,0.0,0.0
formation_g.2936.peg.24-MONOMER,6.869179217807307e-07,2.844453423383035e-35
formation_g.2936.peg.242-MONOMER,6.67743153118936e-14,2.283230343146017e-34
formation_g.2936.peg.245-MONOMER,1.1204727246086804e-08,0.0
formation_g.2936.peg.249-MONOMER,-1.4330402680558035e-30,0.0
formation_g.2936.peg.252-MONOMER,0.0,-2.3130900671544256e-34
formation_g.2936.peg.253-MONOMER,7.764533896571683e-11,0.0
formation_g.2936.peg.258-MONOMER,6.869179217807307e-07,0.0
formation_g.2936.peg.259-MONOMER,5.574865744897105e-10,0.0
formation_g.2936.peg.261-MONOMER,6.869179217807307e-07,0.0
formation_g.2936.peg.264-MONOMER,4.978330691473862e-12,-7.825834166804011e-35
formation_g.2936.peg.273-MONOMER,0.0,5.829132976289718e-35
formation_g.2936.peg.277-MONOMER,6.950908377002254e-10,0.0
formation_g.2936.peg.283-MONOMER,6.869179217807307e-07,0.0
formation_g.2936.peg.290-MONOMER,1.2520133309977887e-10,0.0
formation_g.2936.peg.294-MONOMER,6.810487059485681e-14,0.0
formation_g.2936.peg.295-MONOMER,1.3346752211216706e-12,0.0
formation_g.2936.peg.30-MONOMER,6.869179217807307e-07,-2.588413015856806e-35
formation_g.2936.peg.306-MONOMER,5.712162459581005e-12,0.0
formation_g.2936.peg.316-MONOMER,1.091540903902872e-09,0.0
formation_g.2936.peg.317-MONOMER,1.027246359658253e-08,1.6759402204244088e-34
formation_g.2936.peg.318-MONOMER,-2.8092490933162675e-30,0.0
formation_g.2936.peg.325-MONOMER,6.869179217807307e-07,0.0
formation_g.2936.peg.330-MONOMER,6.869179217807307e-07,0.0
formation_g.2936.peg.335-MONOMER,6.869179217807307e-07,-5.999113196659543e-35
formation_g.2936.peg.339-MONOMER,6.869179217807307e-07,-2.5371651990914036e-35
formation_g.2936.peg.341-MONOMER,6.67743153118936e-14,1.0230631744343235e-34
formation_g.2936.peg.348-MONOMER,6.869186636278449e-07,-3.6162860545964634e-35
formation_g.2936.peg.349-MONOMER,6.869179217807307e-07,6.042118686976882e-35
formation_g.2936.peg.350-MONOMER,6.869179217807307e-07,0.0
formation_g.2936.peg.352-MONOMER,6.67743153118936e-14,0.0
formation_g.2936.peg.358-MONOMER,1.0824012464017516e-15,0.0
formation_g.2936.peg.361-MONOMER,0.0,0.0
formation_g.2936.peg.370-MONOMER,2.9826869135031414e-10,0.0
formation_g.2936.peg.374-MONOMER,7.415928805061777e-11,-1.5760705256191865e-34
formation_g.2936.peg.375-MONOMER,0.0,0.0
formation_g.2936.peg.378-MONOMER,5.894992228322952e-11,0.0
formation_g.2936.peg.379-MONOMER,1.9622480924789498e-09,0.0
formation_g.2936.peg.387-MONOMER,6.869179217807307e-07,0.0
formation_g.2936.peg.39-MONOMER,2.329400321303654e-11,-8.752282000372573e-35
formation_g.2936.peg.401-MONOMER,1.5812206024864681e-12,0.0
formation_g.2936.peg.402-MONOMER,0.0,-0.8242053780552966
formation_g.2936.peg.410-MONOMER,0.0,0.0
formation_g.2936.peg.421-MONOMER,0.0,0.0
formation_g.2936.peg.429-MONOMER,6.869179217807307e-07,0.0
formation_g.2936.peg.43-MONOMER,6.869179217807307e-07,0.0
formation_g.2936.peg.434-MONOMER,1.6125119659468468e-08,-1.324093121891153e-34
formation_g.2936.peg.437-MONOMER,6.869179217807307e-07,0.0
formation_g.2936.peg.441-MONOMER,0.0,2.0171679246817695e-34
formation_g.2936.peg.444-MONOMER,0.0,-1.4518534717456033e-34
formation_g.2936.peg.463-MONOMER,8.927218581071795e-10,0.0
formation_g.2936.peg.471-MONOMER,6.869179217807307e-07,0.0
formation_g.2936.peg.474-MONOMER,0.0,0.0
formation_g.2936.peg.475-MONOMER,0.0,0.0
formation_g.2936.peg.476-MONOMER,3.8236088114054906e-11,0.0
formation_g.2936.peg.489-MONOMER,0.0,0.0
formation_g.2936.peg.498-MONOMER,6.869179217807307e-07,0.0
formation_g.2936.peg.507-MONOMER,6.67743153118936e-14,8.130338676007131e-35
formation_g.2936.peg.510-MONOMER,0.0,0.0
formation_g.2936.peg.519-MONOMER,0.0,0.0
formation_g.2936.peg.521-MONOMER,6.869186636278449e-07,8.085445623074099e-35
formation_g.2936.peg.528-MONOMER,0.0,0.0
formation_g.2936.peg.53-MONOMER,3.554320645812154e-08,0.0
formation_g.2936.peg.533-MONOMER,0.0,0.0
formation_g.2936.peg.535-MONOMER,0.0,-2.299314262446942e-34
formation_g.2936.peg.536-MONOMER,3.541968759193649e-10,0.0
formation_g.2936.peg.545-MONOMER,6.869179217807307e-07,0.0
formation_g.2936.peg.546-MONOMER,-2.7414791439304168e-30,-7.987802323882202e-34
formation_g.2936.peg.549-MONOMER,9.721667757833375e-10,-6.773572504823142e-34
formation_g.2936.peg.573-MONOMER,6.869179217807307e-07,0.0
formation_g.2936.peg.575-MONOMER,6.869179217807307e-07,0.0
formation_g.2936.peg.594-MONOMER,1.1088619621414732e-08,0.0
formation_g.2936.peg.596-MONOMER,6.869179217807307e-07,0.0
formation_g.2936.peg.599-MONOMER,6.869179217807307e-07,6.398513903286312e-35
formation_g.2936.peg.603-MONOMER,5.286916297753509e-31,4.220033954915648e-34
formation_g.2936.peg.605-MONOMER,6.869179217807307e-07,0.0
formation_g.2936.peg.609-MONOMER,-1.7983576220571538e-31,0.0
formation_g.2936.peg.614-MONOMER,6.869179217807307e-07,6.457602926113044e-35
formation_g.2936.peg.616-MONOMER,0.0,0.0
formation_g.2936.peg.617-MONOMER,-9.94583037906262e-30,0.0
formation_g.2936.peg.619-MONOMER,6.67743153118936e-14,0.0
formation_g.2936.peg.624-MONOMER,0.0,0.0
formation_g.2936.peg.626-MONOMER,0.0,0.0
formation_g.2936.peg.64-MONOMER,0.0,0.0
formation_g.2936.peg.642-MONOMER,0.0,-1.3537729150973007e-34
formation_g.2936.peg.643-MONOMER,0.0,2.2559256702841954e-34
formation_g.2936.peg.652-MONOMER,6.869179217807307e-07,0.0
formation_g.2936.peg.653-MONOMER,2.5160681002150047e-09,0.0
formation_g.2936.peg.663-MONOMER,0.0,0.0
formation_g.2936.peg.664-MONOMER,4.708920449037775e-10,3.70813872404624e-34
formation_g.2936.peg.67-MONOMER,0.0,1.982785970045655e-34
formation_g.2936.peg.672-MONOMER,4.732719924914334e-11,7.925086978099086e-35
formation_g.2936.peg.678-MONOMER,0.0,1.1507200743816914e-34
formation_g.2936.peg.686-MONOMER,1.5968787872981434e-07,1.1782625640811086e-34
formation_g.2936.peg.690-MONOMER,3.882266948285836e-11,-6.920908236855696e-35
formation_g.2936.peg.692-MONOMER,6.869186636278449e-07,8.90959256778683e-35
formation_g.2936.peg.694-MONOMER,7.145393082770465e-10,0.0
formation_g.2936.peg.700-MONOMER,6.869179217807307e-07,0.0
formation_g.2936.peg.705-MONOMER,1.9017697964670943e-19,0.0
formation_g.2936.peg.709-MONOMER,6.810487059485681e-14,-2.190122617554561e-34
formation_g.2936.peg.711-MONOMER,1.483694228409202e-12,0.0
formation_g.2936.peg.717-MONOMER,6.869179217807307e-07,0.0
formation_g.2936.peg.722-MONOMER,0.0,0.0
formation_g.2936.peg.728-MONOMER,6.67743153118936e-14,-2.197158228417001e-34
formation_g.2936.peg.734-MONOMER,0.0,-3.154453510785625e-34
formation_g.2936.peg.737-MONOMER,0.0,1.013633829914267e-34
formation_g.2936.peg.739-MONOMER,5.865813688034609e-13,1.8218278485965072e-34
formation_g.2936.peg.741-MONOMER,1.4289528997967033e-08,9.318526296772518e-35
formation_g.2936.peg.744-MONOMER,6.869179217807307e-07,0.0
formation_g.2936.peg.746-MONOMER,6.869179217807307e-07,0.0
formation_g.2936.peg.749-MONOMER,6.869179217807307e-07,0.0
formation_g.2936.peg.760-MONOMER,8.827803844553648e-10,0.0
formation_g.2936.peg.763-MONOMER,6.67743153118936e-14,-7.007561190838859e-35
formation_g.2936.peg.771-MONOMER,3.87409991908105e-10,0.0
formation_g.2936.peg.773-MONOMER,6.869179217807307e-07,2.9474186328964064e-35
formation_g.2936.peg.777-MONOMER,6.869179217807307e-07,0.0
formation_g.2936.peg.782-MONOMER,7.702627553978826e-11,4.847451667335042e-34
formation_g.2936.peg.79-MONOMER,0.0,1.257621167530657e-34
formation_g.2936.peg.792-MONOMER,6.189024254791343e-10,4.286273692244509e-34
formation_g.2936.peg.794-MONOMER,5.890035488404197e-10,0.0
formation_g.2936.peg.795-MONOMER,1.6087573888491346e-09,0.0
formation_g.2936.peg.810-MONOMER,6.869179217807307e-07,0.0
formation_g.2936.peg.829-MONOMER,6.869179217807307e-07,-6.403546225719678e-35
formation_g.2936.peg.830-MONOMER,3.6520539445060347e-10,0.0
formation_g.2936.peg.836-MONOMER,6.869179217807307e-07,-3.077438233816936e-34
formation_g.2936.peg.842-MONOMER,0.0,3.4716676103094253e-34
formation_g.2936.peg.843-MONOMER,0.0,0.0
formation_g.2936.peg.849-MONOMER,6.67743153118936e-14,-7.879996199749687e-35
formation_g.2936.peg.851-MONOMER,0.0,0.0
formation_g.2936.peg.853-MONOMER,0.0,4.618269347251156e-35
formation_g.2936.peg.855-MONOMER,0.0,0.0
formation_g.2936.peg.857-MONOMER,6.869179217807307e-07,0.0
formation_g.2936.peg.863-MONOMER,6.869179217807307e-07,0.0
formation_g.2936.peg.87-MONOMER,6.869179217807307e-07,0.0
formation_g.2936.peg.872-MONOMER,6.869179217807307e-07,0.0
formation_g.2936.peg.88-MONOMER,0.0,0.0
formation_g.2936.peg.886-MONOMER,2.5557709208745916e-10,4.270909704298857e-34
formation_g.2936.peg.887-MONOMER,1.1204727246086804e-08,-1.7826519600699077e-34
formation_g.2936.peg.892-MONOMER,8.220773563705099e-08,0.0
formation_g.2936.peg.898-MONOMER,0.0,0.0
formation_g.2936.peg.91-MONOMER,0.0,0.0
formation_g.2936.peg.92-MONOMER,6.869179217807307e-07,0.0
formation_g.2936.peg.920-MONOMER,0.0,0.0
formation_g.2936.peg.923-MONOMER,6.869179217807307e-07,0.0
formation_g.2936.peg.925-MONOMER,6.869179217807307e-07,-1.0124497194589765e-34
formation_g.2936.peg.926-MONOMER,8.862993598326902e-10,0.0
formation_g.2936.peg.933-MONOMER,6.869179217807307e-07,0.0
formation_g.2936.peg.935-MONOMER,0.0,0.0
formation_g.2936.peg.937-MONOMER,1.47559862290771e-11,1.2627602369810275e-34
formation_g.2936.peg.961-MONOMER,8.806218905215543e-11,0.0
formation_g.2936.peg.964-MONOMER,6.67743153118936e-14,0.0
formation_g.2936.peg.965-MONOMER,1.0761034718435629e-10,0.0
formation_g.2936.peg.967-MONOMER,0.0,2.8460125681578564e-34
formation_g.2936.peg.976-MONOMER,1.3354863062378736e-13,0.0
formation_g.2936.peg.1127-MONOMER_mod_fe2(1),0.0,1.579747683740422e-32
formation_g.2936.peg.292-MONOMER_mod_mg2(1),1.1768796344347236e-07,-1.241445110652097e-34
formation_679192.3.peg.244-MONOMER_mod_mg2(1),1.726771772904811e-08,1.2156471913623601e-34
formation_g.2936.peg.327-MONOMER_mod_mg2(1),-1.8711514336416317e-42,0.0
formation_g.2936.peg.327-MONOMER_mod_mn2(1),0.0,0.0
formation_g.2936.peg.224-MONOMER_mod_zn2(1),0.0,-8.876286296773038e-34
formation_g.2936.peg.472-MONOMER_mod_fe2(2),2.05883914245129e-12,-6.790476624530536e-34
formation_g.2936.peg.710-MONOMER_mod_mn2(1),0.0,0.0
formation_g.2936.peg.821-MONOMER_mod_mg2(1),2.7174089260324654e-11,0.0
formation_g.2936.peg.532-MONOMER_mod_mg2(1),2.5673516626534625e-10,-1.2161295130459804e-34
formation_g.2936.peg.419-MONOMER_mod_mg2(1),2.919018444644176e-09,0.0
formation_g.2936.peg.1274-MONOMER_mod_mg2(1)_mod_k(1),2.5070595764388087e-10,1.216017197203693e-34
formation_g.2936.peg.1337-MONOMER_mod_mg2(1),5.543128052141668e-10,0.0
formation_g.2936.peg.368-MONOMER_mod_cobalt2(1)_mod_nad(1),0.0,3.2461043543048895e-34
formation_g.2936.peg.703-MONOMER_mod_mg2(1),0.0,2.569292855909318e-34
formation_g.2936.peg.703-MONOMER_mod_mn2(1),8.366712825316966e-12,0.0
formation_g.2936.peg.66-MONOMER_mod_nadph(1)_mod_nadh(1)_mod_fad(1)_mod_cobalt2(1),2.544134576428095e-11,1.0607708559530642e-33
formation_g.2936.peg.162-MONOMER_mod_mg2(1),0.0,-2.588512844835106e-34
formation_g.2936.peg.659-MONOMER_mod_k(1)_mod_mg2(1),-1.969201705215913e-30,5.235684781307874e-34
formation_g.2936.peg.220-MONOMER_mod_mg2(1),1.6506075345270562e-10,-1.1812831003001538e-34
formation_g.2936.peg.1034-MONOMER_mod_mg2(1),2.955945824303735e-10,1.1709682929755823e-34
formation_g.2936.peg.913-MONOMER_mod_zn2(1),0.0,1.999096839006258e-34
formation_g.2936.peg.1120-MONOMER_mod_mn2(1),0.0,2.6957918689321537e-34
formation_g.2936.peg.1120-MONOMER_mod_cobalt2(1),2.143527257112702e-11,3.131491818434855e-34
formation_g.2936.peg.1120-MONOMER_mod_mg2(1),0.0,-3.5821685966017725e-34
formation_679192.3.peg.1192-MONOMER_mod_thmpp(1),1.51966487038026e-11,0.0
formation_g.2936.peg.1326-MONOMER_mod_pydx5p(1),0.0,-3.0277728006483956e-34
formation_679192.3.peg.214-MONOMER_mod_mg2(4),3.1501619214575615e-08,-1.954534532615821e-33
formation_g.2936.peg.1090-MONOMER_mod_mg2(1),0.0,-2.6122124066557187e-34
formation_g.2936.peg.1128-MONOMER_mod_mg2(1),2.7978791783545927e-12,0.0
formation_g.2936.peg.1029-MONOMER_mod_mg2(1),3.558120236257337e-10,5.655186736647797e-34
formation_679192.3.peg.468-MONOMER_mod_mg2(1),0.0,0.0
formation_g.2936.peg.452-MONOMER_mod_mg2(1),3.489810944652291e-10,1.3075178972619751e-34
formation_g.2936.peg.448-MONOMER_mod_pydx5p(1),-2.2443935283037895e-30,-7.441735851283203e-34
formation_g.2936.peg.869-MONOMER_mod_mg2(1)_mod_k(1),3.882266948285836e-11,1.7958850399573038e-28
formation_g.2936.peg.760-MONOMER_mod_mg2(1)_mod_zn2(1),0.0,0.0
formation_679192.3.peg.1143-MONOMER_mod_mg2(1),0.0,4.404219733962383e-34
formation_g.2936.peg.57-MONOMER_mod_mn2(1),0.0,-4.008762056753732e-34
formation_g.2936.peg.1250-MONOMER_mod_mg2(1),0.0,8.808439467924766e-34
formation_g.2936.peg.938-MONOMER_mod_mn2(1),3.894181481395623e-11,0.0
formation_g.2936.peg.884-MONOMER_mod_mn2(1),3.119194560143743e-11,-1.902248160025673e-34
formation_g.2936.peg.1318-MONOMER_mod_k(4)_mod_mg2(1),0.0,8.910845108123128e-34
formation_g.2936.peg.1318-MONOMER_mod_k(4)_mod_mn2(1),0.0,-8.72943963037274e-34
formation_g.2936.peg.1318-MONOMER_mod_k(4)_mod_cobalt2(1),0.0,-5.038975291002112e-34
formation_g.2936.peg.1318-MONOMER_mod_k(4)_mod_zn2(1),5.6752225176951825e-12,0.0
formation_g.2936.peg.1318-MONOMER_mod_k(4)_mod_cd2(1),0.0,0.0
formation_g.2936.peg.1318-MONOMER_mod_k(4)_mod_ni2(1),0.0,3.753425318027181e-34
formation_g.2936.peg.1318-MONOMER_mod_k(4)_mod_ca2(1),0.0,-4.854542371398528e-34
formation_g.2936.peg.1318-MONOMER_mod_nh4(4)_mod_mg2(1),0.0,0.0
formation_g.2936.peg.1318-MONOMER_mod_nh4(4)_mod_mn2(1),0.0,0.0
formation_g.2936.peg.1318-MONOMER_mod_nh4(4)_mod_cobalt2(1),0.0,-4.735872900499593e-34
formation_g.2936.peg.1318-MONOMER_mod_nh4(4)_mod_zn2(1),0.0,8.126481435430569e-34
formation_g.2936.peg.1318-MONOMER_mod_nh4(4)_mod_cd2(1),0.0,4.683854998022826e-34
formation_g.2936.peg.1318-MONOMER_mod_nh4(4)_mod_ni2(1),0.0,7.214474245220378e-34
formation_g.2936.peg.1318-MONOMER_mod_nh4(4)_mod_ca2(1),0.0,-9.052748182026192e-34
formation_g.2936.peg.1318-MONOMER_mod_tl(4)_mod_mg2(1),0.0,4.791309359017671e-34
formation_g.2936.peg.1318-MONOMER_mod_tl(4)_mod_mn2(1),0.0,1.6127970578703508e-34
formation_g.2936.peg.1318-MONOMER_mod_tl(4)_mod_cobalt2(1),0.0,1.3078265112003927e-35
formation_g.2936.peg.1318-MONOMER_mod_tl(4)_mod_zn2(1),0.0,1.970657473004943e-34
formation_g.2936.peg.1318-MONOMER_mod_tl(4)_mod_cd2(1),0.0,1.6358392575335224e-34
formation_g.2936.peg.1318-MONOMER_mod_tl(4)_mod_ni2(1),0.0,2.3596223252342574e-35
formation_g.2936.peg.1318-MONOMER_mod_tl(4)_mod_ca2(1),0.0,4.024752737889503e-34
formation_g.2936.peg.1318-MONOMER_mod_cs(4)_mod_mg2(1),0.0,8.808439467924766e-34
formation_g.2936.peg.1318-MONOMER_mod_cs(4)_mod_mn2(1),0.0,7.340018610041063e-34
formation_g.2936.peg.1318-MONOMER_mod_cs(4)_mod_cobalt2(1),0.0,0.0
formation_g.2936.peg.1318-MONOMER_mod_cs(4)_mod_zn2(1),0.0,0.0
formation_g.2936.peg.1318-MONOMER_mod_cs(4)_mod_cd2(1),0.0,0.0
formation_g.2936.peg.1318-MONOMER_mod_cs(4)_mod_ni2(1),0.0,5.693174858549476e-34
formation_g.2936.peg.1318-MONOMER_mod_cs(4)_mod_ca2(1),0.0,0.0
formation_g.2936.peg.1318-MONOMER_mod_na1(4)_mod_mg2(1),0.0,0.0
formation_g.2936.peg.1318-MONOMER_mod_na1(4)_mod_mn2(1),0.0,0.0
formation_g.2936.peg.1318-MONOMER_mod_na1(4)_mod_cobalt2(1),0.0,0.0
formation_g.2936.peg.1318-MONOMER_mod_na1(4)_mod_zn2(1),0.0,0.0
formation_g.2936.peg.1318-MONOMER_mod_na1(4)_mod_cd2(1),0.0,4.743915939105765e-34
formation_g.2936.peg.1318-MONOMER_mod_na1(4)_mod_ni2(1),0.0,1.1858411370234022e-34
formation_g.2936.peg.1318-MONOMER_mod_na1(4)_mod_ca2(1),0.0,-9.238530957135736e-34
formation_g.2936.peg.942-MONOMER_mod_mg2(1),7.114345450731999e-19,0.0
formation_g.2936.peg.607-MONOMER_mod_glycyl(1),0.0,5.45418429977416e-34
formation_g.2936.peg.328-MONOMER_mod_mg2(1),2.361312927856923e-10,0.0
formation_g.2936.peg.779-MONOMER_mod_thmpp(1),0.0,0.0
formation_679192.3.peg.581-MONOMER_mod_fmn(1),0.0,0.0
formation_679192.3.peg.581-MONOMER_mod_mg2(1),0.0,-1.761687893584953e-33
formation_g.2936.peg.399-MONOMER_mod_mg2(1)_mod_pi(1),0.0,-1.2315487703084621e-34
formation_g.2936.peg.399-MONOMER_mod_mn2(1)_mod_pi(1),1.4438712039899974e-10,1.2316476360107847e-34
formation_679192.3.peg.644-MONOMER_mod_mg2(1),6.977647537933243e-12,0.0
formation_g.2936.peg.1297-MONOMER_mod_mg2(1)_mod_k(1),0.0,0.0
formation_g.2936.peg.1297-MONOMER_mod_mn2(1)_mod_k(1),8.54659798189302e-09,0.0
formation_g.2936.peg.647-MONOMER_mod_zn2(1),0.0,0.0
formation_g.2936.peg.168-MONOMER_mod_cobalt2(1),1.699457611074513e-09,4.155160999014604e-34
formation_g.2936.peg.1026-MONOMER_mod_pydx5p(2),0.0,0.0
formation_679192.3.peg.332-MONOMER_mod_thmpp(1),1.397913880796267e-09,4.251738856183498e-34
formation_g.2936.peg.461-MONOMER_mod_k(1)_mod_mg2(1),0.0,1.3604534823356381e-34
formation_g.2936.peg.1064-MONOMER_mod_mg2(1),0.0,0.0
formation_g.2936.peg.396-MONOMER_mod_fad(1),0.0,-5.149285714862009e-34
formation_g.2936.peg.1046-MONOMER_mod_4fe4s(1),6.67743153118936e-14,-2.2958874039497803e-41
formation_g.2936.peg.111-MONOMER_mod_4fe4s(1),6.67743153118936e-14,1.9259297147984955e-34
formation_g.2936.peg.1166-MONOMER_mod_zn2(4),6.810487059485681e-14,-3.113559001938766e-34
formation_g.2936.peg.1221-MONOMER_mod_zn2(2),6.67743153118936e-14,0.0
formation_g.2936.peg.180-MONOMER_mod_mg2(1),2.0032294593568069e-13,0.0
formation_RNAP-CPLX_mod_zn2(1)_mod_mg2(2),8.220773563705099e-08,-1.5500307838995614e-33
formation_g.2936.peg.385-MONOMER_mod_mg2(2),4.006458918713621e-13,-2.5730873643091477e-34
formation_g.2936.peg.711-MONOMER_mod_zn2(2),0.0,2.612365685706948e-34
formation_g.2936.peg.914-MONOMER_mod_mg2(1),4.978330691473862e-12,0.0
g.2936.peg.341-MONOMER_to_generic_16Sm4Cm1402,6.67743153118936e-14,0.0
g.2936.peg.361-MONOMER_to_generic_16Sm4Cm1402,0.0,-0.1282046955627925
RNA_HMPREF9013_RS05260_to_generic_16s_rRNAs,6.869179217807307e-07,0.0
RNA_HMPREF9013_RS05255_to_generic_23s_rRNAs,6.869179217807307e-07,0.0
RNA_HMPREF9013_RS05250_to_generic_5s_rRNAs,6.869179217807307e-07,0.0
g.2936.peg.678-MONOMER_to_generic_Dus,0.0,0.0
CPLX_pbiosynthesis-0_to_generic_LYSINEaaRS,0.0,-59.99435298431527
CPLX_pbiosynthesis-1_to_generic_LYSINEaaRS,0.0,-56.71107717618596
CPLX_pbiosynthesis-2_to_generic_LYSINEaaRS,0.0,-54.620043826685375
CPLX_pbiosynthesis-3_to_generic_LYSINEaaRS,0.0,-56.706268918181905
g.2936.peg.549-MONOMER_to_generic_LYSINEaaRS,7.418471142046001e-13,0.0
g.2936.peg.476-MONOMER_to_generic_RF,3.802319260623855e-11,-1.530850549355004e-34
g.2936.peg.739-MONOMER_to_generic_RF,0.0,-0.02452301072145351
g.2936.peg.711-MONOMER_to_generic_RNase,1.483694228409202e-12,0.0
g.2936.peg.711-MONOMER_mod_zn2(2)_to_generic_RNase,0.0,-0.0020397684820581104
g.2936.peg.887-MONOMER_to_generic_Tuf,1.1204727246086804e-08,1.2888553061109693e-34
CPLX_pbiosynthesis-0_to_generic_phe_ligase,0.0,-63.10337950559593
CPLX_pbiosynthesis-1_to_generic_phe_ligase,0.0,-59.82010369746662
CPLX_pbiosynthesis-2_to_generic_phe_ligase,0.0,-57.729070347966044
CPLX_pbiosynthesis-3_to_generic_phe_ligase,0.0,-59.81529543946257
g.2936.peg.1085-MONOMER_to_generic_phe_ligase,5.055300003810958e-10,0.0
g.2936.peg.1266-MONOMER_to_generic_phe_ligase,0.0,-1.2264374518297962
transcription_RNA_dummy,3.911041199678966e-05,1.568112773026493e-33
DM_RNA_dummy,0.0,-0.021877945865968383
translation_dummy,0.0003584035133374669,5.1155430766776405e-34
formation_CPLX_dummy,0.00022194841963995643,0.0
dummy_protein_to_mass,0.00013645509369751048,4.5265664733684983e-35
formation_CPLX_dummy_mod_2fe2s(1),0.0,0.0
formation_CPLX_dummy_mod_4fe4s(1),1.298207265815223e-20,0.0
12DGR180ti_REV_CPLX_dummy,0.0,-1.9441715871611355e-07
12DGR180ti_FWD_CPLX_dummy,0.00016433203660715697,0.0
23PDE2_REV_g.2936.peg.375-MONOMER,0.0,-2.1381745483483993e-07
23PDE2_FWD_g.2936.peg.375-MONOMER,0.0,0.0
23PDE4_REV_g.2936.peg.375-MONOMER,0.0,-2.1381745483483993e-07
23PDE4_FWD_g.2936.peg.375-MONOMER,0.0,0.0
23PDE7_REV_g.2936.peg.375-MONOMER,0.0,-2.1381745483483993e-07
23PDE7_FWD_g.2936.peg.375-MONOMER,0.0,0.0
23PDE9_REV_g.2936.peg.375-MONOMER,0.0,2.0164675284660372e-07
23PDE9_FWD_g.2936.peg.375-MONOMER,0.0,-4.154642076814437e-07
26DAPLLAT_REV_CPLX_dummy,0.0,-1.623826631802698e-40
26DAPLLAT_FWD_CPLX_dummy,0.0,-1.9441715871611355e-07
2DMMQ8abc_REV_CPLX_dummy,0.0,-1.9441715871611355e-07
2DMMQ8abc_FWD_CPLX_dummy,0.00018060282806182438,8.574616562673794e-41
2HBO_REV_g.2936.peg.228-MONOMER,0.0,1.3251412285286969e-40
2HBO_FWD_g.2936.peg.228-MONOMER,0.0,-2.253818062566141e-07
2MBCOATA_REV_CPLX_dummy,0.0,-1.9441715871611355e-07
2MBCOATA_FWD_CPLX_dummy,0.0018912969634743413,1.6782909079953742e-40
2OBUTt2r_REV_CPLX_dummy,0.0,-1.9441715871611355e-07
2OBUTt2r_FWD_CPLX_dummy,2.0514187083794138e-22,-1.3234649604460017e-41
34DHOXPEGOX_REV_g.2936.peg.1107-MONOMER,0.0,-3.1337704836024233e-40
34DHOXPEGOX_FWD_g.2936.peg.1107-MONOMER,0.0,-2.0015593296835255e-07
34DHOXPEGOX_REV_g.2936.peg.1127-MONOMER_mod_fe2(1),0.0,-2.0768088908930982e-07
34DHOXPEGOX_FWD_g.2936.peg.1127-MONOMER_mod_fe2(1),0.0,-4.0783682205766234e-07
3HAD100_REV_CPLX_dummy,0.0,-1.9441715871611355e-07
3HAD100_FWD_CPLX_dummy,0.0,6.378756969510104e-40
3HAD10M12_REV_CPLX_dummy,0.0,-1.9441715871611355e-07
3HAD10M12_FWD_CPLX_dummy,0.0018912969634743413,-9.520532790313588e-42
3HAD11M12_REV_CPLX_dummy,0.0,-1.9441715871611355e-07
3HAD11M12_FWD_CPLX_dummy,0.0018912969634743413,1.2091076643698258e-39
3HAD120_REV_CPLX_dummy,0.0,-1.9441715871611355e-07
3HAD120_FWD_CPLX_dummy,0.0,2.8561598370940764e-41
3HAD121_REV_CPLX_dummy,0.0,-1.9441715871611355e-07
3HAD121_FWD_CPLX_dummy,0.0,-9.520532790313588e-42
3HAD12M14_REV_CPLX_dummy,0.0,-1.9441715871611355e-07
3HAD12M14_FWD_CPLX_dummy,0.0018912969634743413,-9.520532790313588e-42
3HAD13M14_REV_CPLX_dummy,0.0,-1.9441715871611355e-07
3HAD13M14_FWD_CPLX_dummy,0.0018912969634743413,1.2091076643698258e-39
3HAD140_REV_CPLX_dummy,0.0,-1.9441715871611355e-07
3HAD140_FWD_CPLX_dummy,0.0,2.8561598370940764e-41
3HAD141_REV_CPLX_dummy,0.0,-1.9441715871611355e-07
3HAD141_FWD_CPLX_dummy,0.0,-9.520532790313588e-42
3HAD14M16_REV_CPLX_dummy,0.0,-1.9441715871611355e-07
3HAD14M16_FWD_CPLX_dummy,0.0018912969634743413,-9.520532790313588e-42
3HAD15M16_REV_CPLX_dummy,0.0,-1.9441715871611355e-07
3HAD15M16_FWD_CPLX_dummy,0.0018912969634743413,1.2091076643698258e-39
3HAD160_REV_CPLX_dummy,0.0,-1.9441715871611355e-07
3HAD160_FWD_CPLX_dummy,0.0,2.8561598370940764e-41
3HAD161_REV_CPLX_dummy,0.0,-1.9441715871611355e-07
3HAD161_FWD_CPLX_dummy,0.0,2.8561598370940764e-41
3HAD180_REV_CPLX_dummy,0.0,-1.9441715871611355e-07
3HAD180_FWD_CPLX_dummy,0.0,2.8561598370940764e-41
3HAD181_REV_CPLX_dummy,0.0,-1.9441715871611355e-07
3HAD181_FWD_CPLX_dummy,0.0,2.8561598370940764e-41
3HAD40_REV_CPLX_dummy,0.0,-1.9441715871611355e-07
3HAD40_FWD_CPLX_dummy,0.0,5.997935657897561e-40
3HAD4M6_REV_CPLX_dummy,0.0,-1.9441715871611355e-07
3HAD4M6_FWD_CPLX_dummy,0.0018912969634743413,1.2091076643698258e-39
3HAD5M6_REV_CPLX_dummy,0.0,-1.9441715871611355e-07
3HAD5M6_FWD_CPLX_dummy,0.0018912969634743413,-9.520532790313588e-42
3HAD60_REV_CPLX_dummy,0.0,-1.9441715871611355e-07
3HAD60_FWD_CPLX_dummy,0.0,2.8561598370940764e-41
3HAD6M8_REV_CPLX_dummy,0.0,-1.9441715871611355e-07
3HAD6M8_FWD_CPLX_dummy,0.0018912969634743413,-9.520532790313588e-42
3HAD7M8_REV_CPLX_dummy,0.0,-1.9441715871611355e-07
3HAD7M8_FWD_CPLX_dummy,0.0018912969634743413,1.2091076643698258e-39
3HAD80_REV_CPLX_dummy,0.0,-1.9441715871611355e-07
3HAD80_FWD_CPLX_dummy,0.0,2.8561598370940764e-41
3HAD8M10_REV_CPLX_dummy,0.0,-1.9441715871611355e-07
3HAD8M10_FWD_CPLX_dummy,0.0018912969634743413,1.2091076643698258e-39
3HAD9M10_REV_CPLX_dummy,0.0,-1.9441715871611355e-07
3HAD9M10_FWD_CPLX_dummy,0.0018912969634743413,1.2091076643698258e-39
3OAR100_REV_g.2936.peg.653-MONOMER,0.0,-1.7921192290905943e-07
3OAR100_FWD_g.2936.peg.653-MONOMER,0.0,6.551504436478905e-40
3OAR10M11_REV_g.2936.peg.653-MONOMER,0.0,-1.7921192290905943e-07
3OAR10M11_FWD_g.2936.peg.653-MONOMER,0.0,-1.2711874279735189e-40
3OAR10M12_REV_g.2936.peg.653-MONOMER,0.0,-1.7921192290905943e-07
3OAR10M12_FWD_g.2936.peg.653-MONOMER,0.0018912969634743413,2.933509449169659e-41
3OAR11M12_REV_g.2936.peg.653-MONOMER,0.0,-1.7921192290905943e-07
3OAR11M12_FWD_g.2936.peg.653-MONOMER,0.0018912969634743413,-1.2222956038206913e-39
3OAR120_REV_g.2936.peg.653-MONOMER,0.0,-1.7921192290905943e-07
3OAR120_FWD_g.2936.peg.653-MONOMER,0.0,2.933509449169659e-41
3OAR12M13_REV_g.2936.peg.653-MONOMER,0.0,-1.7921192290905943e-07
3OAR12M13_FWD_g.2936.peg.653-MONOMER,0.0,-1.2711874279735189e-40
3OAR12M14_REV_g.2936.peg.653-MONOMER,0.0,-1.7921192290905943e-07
3OAR12M14_FWD_g.2936.peg.653-MONOMER,0.0018912969634743413,1.2809657928040844e-39
3OAR13M14_REV_g.2936.peg.653-MONOMER,0.0,-1.7921192290905943e-07
3OAR13M14_FWD_g.2936.peg.653-MONOMER,0.0018912969634743413,1.2809657928040844e-39
3OAR140_REV_g.2936.peg.653-MONOMER,0.0,-1.7921192290905943e-07
3OAR140_FWD_g.2936.peg.653-MONOMER,0.0,1.2809657928040844e-39
3OAR14M15_REV_g.2936.peg.653-MONOMER,0.0,-1.7921192290905943e-07
3OAR14M15_FWD_g.2936.peg.653-MONOMER,0.0,-1.2711874279735189e-40
3OAR14M16_REV_g.2936.peg.653-MONOMER,0.0,-1.7921192290905943e-07
3OAR14M16_FWD_g.2936.peg.653-MONOMER,0.0018912969634743413,2.5325964911164723e-39
3OAR15M16_REV_g.2936.peg.653-MONOMER,0.0,-1.7921192290905943e-07
3OAR15M16_FWD_g.2936.peg.653-MONOMER,0.0018912969634743413,-1.2222956038206913e-39
3OAR160_REV_g.2936.peg.653-MONOMER,0.0,-1.7921192290905943e-07
3OAR160_FWD_g.2936.peg.653-MONOMER,0.0,2.933509449169659e-41
3OAR180_REV_g.2936.peg.653-MONOMER,0.0,-1.7921192290905943e-07
3OAR180_FWD_g.2936.peg.653-MONOMER,0.0,2.933509449169659e-41
3OAR40_REV_g.2936.peg.653-MONOMER,0.0,-1.7921192290905943e-07
3OAR40_FWD_g.2936.peg.653-MONOMER,0.0,6.551504436478905e-40
3OAR4M5_REV_g.2936.peg.653-MONOMER,0.0,-1.7921192290905943e-07
3OAR4M5_FWD_g.2936.peg.653-MONOMER,0.0,-1.2711874279735189e-40
3OAR4M6_REV_g.2936.peg.653-MONOMER,0.0,-1.7921192290905943e-07
3OAR4M6_FWD_g.2936.peg.653-MONOMER,0.0018912969634743413,2.933509449169659e-41
3OAR5M6_REV_g.2936.peg.653-MONOMER,0.0,-1.7921192290905943e-07
3OAR5M6_FWD_g.2936.peg.653-MONOMER,0.0018912969634743413,3.7842271894288605e-39
3OAR60_REV_g.2936.peg.653-MONOMER,0.0,-1.7921192290905943e-07
3OAR60_FWD_g.2936.peg.653-MONOMER,0.0,2.933509449169659e-41
3OAR6M7_REV_g.2936.peg.653-MONOMER,0.0,-1.7921192290905943e-07
3OAR6M7_FWD_g.2936.peg.653-MONOMER,0.0,-1.2711874279735189e-40
3OAR6M8_REV_g.2936.peg.653-MONOMER,0.0,-1.7921192290905943e-07
3OAR6M8_FWD_g.2936.peg.653-MONOMER,0.0018912969634743413,2.933509449169659e-41
3OAR7M8_REV_g.2936.peg.653-MONOMER,0.0,-1.7921192290905943e-07
3OAR7M8_FWD_g.2936.peg.653-MONOMER,0.0018912969634743413,2.933509449169659e-41
3OAR80_REV_g.2936.peg.653-MONOMER,0.0,-1.7921192290905943e-07
3OAR80_FWD_g.2936.peg.653-MONOMER,0.0,6.551504436478905e-40
3OAR8M10_REV_g.2936.peg.653-MONOMER,0.0,-1.7921192290905943e-07
3OAR8M10_FWD_g.2936.peg.653-MONOMER,0.0018912969634743413,2.933509449169659e-41
3OAR8M9_REV_g.2936.peg.653-MONOMER,0.0,-1.7921192290905943e-07
3OAR8M9_FWD_g.2936.peg.653-MONOMER,0.0,-1.2711874279735189e-40
3OAR9M10_REV_g.2936.peg.653-MONOMER,0.0,-1.7921192290905943e-07
3OAR9M10_FWD_g.2936.peg.653-MONOMER,0.0018912969634743413,2.933509449169659e-41
3OAS100_REV_CPLX_dummy,0.0,-1.9441715871611355e-07
3OAS100_FWD_CPLX_dummy,0.0,7.432009589914935e-41
3OAS10M12_REV_CPLX_dummy,0.0,-1.9441715871611355e-07
3OAS10M12_FWD_CPLX_dummy,0.0018912969634743413,6.6888086309234415e-40
3OAS11M12_REV_CPLX_dummy,0.0,-1.9441715871611355e-07
3OAS11M12_FWD_CPLX_dummy,0.0018912969634743413,6.6888086309234415e-40
3OAS120_REV_CPLX_dummy,0.0,-1.9441715871611355e-07
3OAS120_FWD_CPLX_dummy,0.0,6.6888086309234415e-40
3OAS121_REV_CPLX_dummy,0.0,-1.9441715871611355e-07
3OAS121_FWD_CPLX_dummy,0.0,6.6888086309234415e-40
3OAS12M14_REV_CPLX_dummy,0.0,-1.9441715871611355e-07
3OAS12M14_FWD_CPLX_dummy,0.0018912969634743413,-5.202406712940454e-40
3OAS13M14_REV_CPLX_dummy,0.0,-1.9441715871611355e-07
3OAS13M14_FWD_CPLX_dummy,0.0018912969634743413,-5.202406712940454e-40
3OAS140_REV_CPLX_dummy,0.0,-1.9441715871611355e-07
3OAS140_FWD_CPLX_dummy,0.0,1.858002397478734e-39
3OAS141_REV_CPLX_dummy,0.0,-1.9441715871611355e-07
3OAS141_FWD_CPLX_dummy,0.0,6.6888086309234415e-40
3OAS160_REV_CPLX_dummy,0.0,-1.9441715871611355e-07
3OAS160_FWD_CPLX_dummy,0.0,1.858002397478734e-39
3OAS161_REV_CPLX_dummy,0.0,-1.9441715871611355e-07
3OAS161_FWD_CPLX_dummy,0.0,2.2296028769744804e-40
3OAS180_REV_CPLX_dummy,0.0,-1.9441715871611355e-07
3OAS180_FWD_CPLX_dummy,0.0,2.4525631646719284e-39
3OAS181_REV_CPLX_dummy,0.0,-1.9441715871611355e-07
3OAS181_FWD_CPLX_dummy,0.0,6.6888086309234415e-40
3OAS3M4_REV_CPLX_dummy,0.0,-1.9441715871611355e-07
3OAS3M4_FWD_CPLX_dummy,0.0018912969634743413,1.263441630285539e-39
3OAS4M3O6_REV_CPLX_dummy,0.0,-1.9441715871611355e-07
3OAS4M3O6_FWD_CPLX_dummy,0.0018912969634743413,1.858002397478734e-39
3OAS4M6_REV_CPLX_dummy,0.0,-1.9441715871611355e-07
3OAS4M6_FWD_CPLX_dummy,0.0018912969634743413,6.6888086309234415e-40
3OAS5M6_REV_CPLX_dummy,0.0,-1.9441715871611355e-07
3OAS5M6_FWD_CPLX_dummy,0.0018912969634743413,6.6888086309234415e-40
3OAS60_REV_CPLX_dummy,0.0,-1.9441715871611355e-07
3OAS60_FWD_CPLX_dummy,0.0,6.6888086309234415e-40
3OAS6M8_REV_CPLX_dummy,0.0,-1.9441715871611355e-07
3OAS6M8_FWD_CPLX_dummy,0.0018912969634743413,-5.202406712940454e-40
3OAS7M8_REV_CPLX_dummy,0.0,-1.9441715871611355e-07
3OAS7M8_FWD_CPLX_dummy,0.0018912969634743413,6.6888086309234415e-40
3OAS80_REV_CPLX_dummy,0.0,-1.9441715871611355e-07
3OAS80_FWD_CPLX_dummy,0.0,6.6888086309234415e-40
3OAS8M10_REV_CPLX_dummy,0.0,-1.9441715871611355e-07
3OAS8M10_FWD_CPLX_dummy,0.0018912969634743413,-5.202406712940454e-40
3OAS9M10_REV_CPLX_dummy,0.0,-1.9441715871611355e-07
3OAS9M10_FWD_CPLX_dummy,0.0018912969634743413,6.6888086309234415e-40
4ABZt2_REV_CPLX_dummy,0.0,-1.9441715871611355e-07
4ABZt2_FWD_CPLX_dummy,0.0,3.970394881338005e-41
4HBZt2_REV_CPLX_dummy,0.0,-2.6469299208920035e-41
4HBZt2_FWD_CPLX_dummy,0.0,-1.9441715871611355e-07
AACOAT_REV_g.2936.peg.734-MONOMER,0.0,-2.1350857571369083e-07
AACOAT_FWD_g.2936.peg.734-MONOMER,0.0,-1.0022820661735342e-40
AACPS6_REV_CPLX_dummy,0.0,-1.9441715871611355e-07
AACPS6_FWD_CPLX_dummy,0.004399578335471539,1.9708019152893213e-40
ACALD_REV_g.2936.peg.1127-MONOMER_mod_fe2(1),0.0,-1.9857821709152192e-07
ACALD_FWD_g.2936.peg.1127-MONOMER_mod_fe2(1),0.0,-4.1693949405545026e-07
ACALDt_REV_CPLX_dummy,0.0,1.3234649604460017e-41
ACALDt_FWD_CPLX_dummy,0.0,-1.9441715871611355e-07
ACBIPGT_REV_CPLX_dummy,0.0,-1.9441715871611355e-07
ACBIPGT_FWD_CPLX_dummy,0.0,6.6888086309234415e-40
ACGAMT_REV_CPLX_dummy,0.0,-1.9441715871611355e-07
ACGAMT_FWD_CPLX_dummy,0.0,8.556872430463681e-40
ACGApts_REV_CPLX_ACGApts-0,0.0,-1.1436804389175202e-07
ACGApts_FWD_CPLX_ACGApts-0,0.0,-1.417704103083137e-07
ACKr_REV_g.2936.peg.292-MONOMER_mod_mg2(1),1.4323168190486133,-1.9078156022651227e-41
ACKr_FWD_g.2936.peg.292-MONOMER_mod_mg2(1),0.0,-1.9843872962320792e-07
ACOAAGPATAI17_REV_CPLX_dummy,0.0,-1.9441715871611355e-07
ACOAAGPATAI17_FWD_CPLX_dummy,0.0009456484817371707,1.86949459128717e-39
ACOAAGPATI17_REV_CPLX_dummy,0.0,-1.9441715871611355e-07
ACOAAGPATI17_FWD_CPLX_dummy,0.0009456484817371707,9.491280232688709e-40
ACOATA_REV_CPLX_dummy,0.0,2.4575801989531577e-40
ACOATA_FWD_CPLX_dummy,0.0,-1.9441715871611355e-07
ACOCT_REV_679192.3.peg.534-MONOMER,0.0,-2.5209559694380487e-07
ACOCT_FWD_679192.3.peg.534-MONOMER,0.0,-7.197699942933736e-41
ACPS1_REV_g.2936.peg.1321-MONOMER,0.0,-2.4448520567012065e-07
ACPS1_FWD_g.2936.peg.1321-MONOMER,0.0,1.6235993093931529e-40
ACYP_REV_g.2936.peg.1255-MONOMER,0.0,7.754887831573027e-07
ACYP_FWD_g.2936.peg.1255-MONOMER,0.0,-9.106949187205087e-07
ACYP_2_REV_g.2936.peg.1255-MONOMER,0.0,7.757737503887175e-07
ACYP_2_FWD_g.2936.peg.1255-MONOMER,0.0,-9.109798859519235e-07
ACt2r_REV_CPLX_dummy,1.4323168190486133,0.0
ACt2r_FWD_CPLX_dummy,0.0,-1.9441715871611355e-07
ADA_REV_g.2936.peg.475-MONOMER,0.0,8.76973568848437e-09
ADA_FWD_g.2936.peg.475-MONOMER,0.0,-2.028576171779655e-07
ADA_REV_g.2936.peg.249-MONOMER,0.0,8.906523990161276e-09
ADA_FWD_g.2936.peg.249-MONOMER,0.0,-2.027208288762886e-07
ADAD_REV_CPLX_dummy,0.0,-1.9441715871611355e-07
ADAD_FWD_CPLX_dummy,1.2782256663789668e-36,3.7160047949574674e-41
ADEt2r_REV_CPLX_dummy,0.0008089691553017573,1.279711208853657e-36
ADEt2r_FWD_CPLX_dummy,0.0,-1.9441715871611355e-07
ADK1_REV_679192.3.peg.244-MONOMER_mod_mg2(1),0.0,-1.7253543030720175e-07
ADK1_FWD_679192.3.peg.244-MONOMER_mod_mg2(1),0.1391411556735412,-1.8522508790066972e-36
ADK10_REV_679192.3.peg.244-MONOMER_mod_mg2(1),0.0,-7.532685094914497e-08
ADK10_FWD_679192.3.peg.244-MONOMER_mod_mg2(1),0.0,-9.720857935805678e-08
ADK11_REV_679192.3.peg.244-MONOMER_mod_mg2(1),0.0,-1.7253543030720175e-07
ADK11_FWD_679192.3.peg.244-MONOMER_mod_mg2(1),0.0,9.615376344589172e-38
ADK2_REV_g.2936.peg.2-MONOMER,0.0,-1.2296579750097674e-40
ADK2_FWD_g.2936.peg.2-MONOMER,0.0,-1.7257169067536357e-07
ADK3_REV_679192.3.peg.244-MONOMER_mod_mg2(1),0.0,-7.532685094914497e-08
ADK3_FWD_679192.3.peg.244-MONOMER_mod_mg2(1),0.0,-9.720857935805678e-08
ADK5_REV_679192.3.peg.244-MONOMER_mod_mg2(1),0.0,-7.532685094914497e-08
ADK5_FWD_679192.3.peg.244-MONOMER_mod_mg2(1),0.0,-9.720857935805678e-08
ADK7_REV_679192.3.peg.244-MONOMER_mod_mg2(1),0.0,-7.532685094914497e-08
ADK7_FWD_679192.3.peg.244-MONOMER_mod_mg2(1),0.0,-9.720857935805678e-08
ADK8_REV_679192.3.peg.244-MONOMER_mod_mg2(1),0.0,-7.532685094914497e-08
ADK8_FWD_679192.3.peg.244-MONOMER_mod_mg2(1),0.0,-9.720857935805678e-08
ADK9_REV_679192.3.peg.244-MONOMER_mod_mg2(1),0.0,-7.532685094914497e-08
ADK9_FWD_679192.3.peg.244-MONOMER_mod_mg2(1),0.0,-9.720857935805678e-08
ADNK1_REV_g.2936.peg.1049-MONOMER,0.0,2.893565798693881e-07
ADNK1_FWD_g.2936.peg.1049-MONOMER,0.0,-4.607205064394152e-07
ADNUC_REV_g.2936.peg.920-MONOMER,0.0,7.340907051315066e-07
ADNUC_FWD_g.2936.peg.920-MONOMER,0.0,-9.226129964963026e-07
ADNUC_REV_g.2936.peg.642-MONOMER,0.0,7.338824545562892e-07
ADNUC_FWD_g.2936.peg.642-MONOMER,0.0,-9.228212470715202e-07
ADNUC_REV_g.2936.peg.295-MONOMER,0.0,7.437800698960197e-07
ADNUC_FWD_g.2936.peg.295-MONOMER,0.0,-9.129236317317896e-07
ADOCBIK_REV_CPLX_dummy,0.0,-1.9441715871611355e-07
ADOCBIK_FWD_CPLX_dummy,0.0,2.972803835965974e-40
ADOCBLS_REV_CPLX_dummy,0.0,-1.9441715871611355e-07
ADOCBLS_FWD_CPLX_dummy,0.0,-2.5145834248474034e-40
ADPRDP_REV_CPLX_dummy,0.0,-1.9441715871611355e-07
ADPRDP_FWD_CPLX_dummy,0.0,0.0
ADPT_REV_g.2936.peg.327-MONOMER_mod_mn2(1),0.0,6.985267723502693e-07
ADPT_FWD_g.2936.peg.327-MONOMER_mod_mn2(1),0.0,-8.931666053516308e-07
ADPT_REV_g.2936.peg.327-MONOMER_mod_mg2(1),0.0,6.985105649185076e-07
ADPT_FWD_g.2936.peg.327-MONOMER_mod_mg2(1),0.0,-8.931828127833925e-07
AGDC_REV_g.2936.peg.224-MONOMER_mod_zn2(1),0.0,-2.802959931901715e-07
AGDC_FWD_g.2936.peg.224-MONOMER_mod_zn2(1),9.09340938825789e-36,-1.5195477403660948e-41
AGPAT180_REV_CPLX_dummy,0.0,-1.9441715871611355e-07
AGPAT180_FWD_CPLX_dummy,0.0007813164451300137,4.22314696133426e-40
AHC_REV_g.2936.peg.295-MONOMER,0.0,-1.6914356183576986e-07
AHC_FWD_g.2936.peg.295-MONOMER,1.0303768826710962e-05,3.4985342092405874e-41
AHCYSNS_r_REV_g.2936.peg.535-MONOMER,0.0,-2.080577869965606e-07
AHCYSNS_r_FWD_g.2936.peg.535-MONOMER,0.0,3.594808066166164e-41
AIHDUDPMG_REV_CPLX_dummy,0.0,-1.9441715871611355e-07
AIHDUDPMG_FWD_CPLX_dummy,0.00016433203660715697,2.2296028769744804e-40
AIHDUPDG_REV_CPLX_dummy,0.0,-1.9441715871611355e-07
AIHDUPDG_FWD_CPLX_dummy,0.00016433203660715697,-2.1552827810753313e-39
AIHPDCOATA_REV_CPLX_dummy,0.0,-1.9441715871611355e-07
AIHPDCOATA_FWD_CPLX_dummy,0.0018912969634743413,-1.5224214654765737e-39
ALAALA_REV_CPLX_dummy,0.0,-1.9441715871611355e-07
ALAALA_FWD_CPLX_dummy,0.0,1.037528604083529e-38
ALAASP1c_REV_g.2936.peg.472-MONOMER_mod_fe2(2),3.792120679222297e-23,0.0
ALAASP1c_FWD_g.2936.peg.472-MONOMER_mod_fe2(2),0.0,-1.847082848205204e-07
ALAASPabc_REV_g.2936.peg.1293-MONOMER,0.0,3.3657078330076127e-07
ALAASPabc_FWD_g.2936.peg.1293-MONOMER,0.0,-5.337218275768762e-07
ALAASPabc_REV_g.2936.peg.1152-MONOMER,0.0,3.406000390402551e-07
ALAASPabc_FWD_g.2936.peg.1152-MONOMER,0.0,-5.296925718373824e-07
ALAASPabc_REV_g.2936.peg.1072-MONOMER,0.0,3.2148376594171354e-07
ALAASPabc_FWD_g.2936.peg.1072-MONOMER,0.0,-5.488088449359239e-07
ALAASPabc_REV_g.2936.peg.1304-MONOMER,0.0,3.4095071986036483e-07
ALAASPabc_FWD_g.2936.peg.1304-MONOMER,0.0,-5.293418910172726e-07
ALAGLN1c_REV_g.2936.peg.472-MONOMER_mod_fe2(2),3.470375590944553e-23,-9.177783881232252e-41
ALAGLN1c_FWD_g.2936.peg.472-MONOMER_mod_fe2(2),0.0,-1.847082848205204e-07
ALAGLNabc_REV_g.2936.peg.1293-MONOMER,0.0,2.317641372636162e-07
ALAGLNabc_FWD_g.2936.peg.1293-MONOMER,0.0,-4.289151815397311e-07
ALAGLNabc_REV_g.2936.peg.1152-MONOMER,0.0,2.3579339300310998e-07
ALAGLNabc_FWD_g.2936.peg.1152-MONOMER,0.0,-4.248859258002373e-07
ALAGLNabc_REV_g.2936.peg.1072-MONOMER,0.0,2.1667711990456846e-07
ALAGLNabc_FWD_g.2936.peg.1072-MONOMER,0.0,-4.440021988987788e-07
ALAGLNabc_REV_g.2936.peg.1304-MONOMER,0.0,2.3614407382321975e-07
ALAGLNabc_FWD_g.2936.peg.1304-MONOMER,0.0,-4.245352449801275e-07
ALAGLU1c_REV_g.2936.peg.472-MONOMER_mod_fe2(2),3.470375590944553e-23,5.028592460015628e-41
ALAGLU1c_FWD_g.2936.peg.472-MONOMER_mod_fe2(2),0.0,-1.847082848205204e-07
ALAGLUabc_REV_g.2936.peg.1293-MONOMER,0.0,2.317641372636162e-07
ALAGLUabc_FWD_g.2936.peg.1293-MONOMER,0.0,-4.289151815397311e-07
ALAGLUabc_REV_g.2936.peg.1152-MONOMER,0.0,2.3579339300310998e-07
ALAGLUabc_FWD_g.2936.peg.1152-MONOMER,0.0,-4.248859258002373e-07
ALAGLUabc_REV_g.2936.peg.1072-MONOMER,0.0,2.1667711990456846e-07
ALAGLUabc_FWD_g.2936.peg.1072-MONOMER,0.0,-4.440021988987788e-07
ALAGLUabc_REV_g.2936.peg.1304-MONOMER,0.0,2.3614407382321975e-07
ALAGLUabc_FWD_g.2936.peg.1304-MONOMER,0.0,-4.245352449801275e-07
ALAGLY1c_REV_g.2936.peg.472-MONOMER_mod_fe2(2),3.470375590944553e-23,3.3152765728607846e-41
ALAGLY1c_FWD_g.2936.peg.472-MONOMER_mod_fe2(2),0.0,-1.847082848205204e-07
ALAGLYabc_REV_g.2936.peg.1293-MONOMER,0.0,2.317641372636162e-07
ALAGLYabc_FWD_g.2936.peg.1293-MONOMER,0.0,-4.289151815397311e-07
ALAGLYabc_REV_g.2936.peg.1152-MONOMER,0.0,2.3579339300310998e-07
ALAGLYabc_FWD_g.2936.peg.1152-MONOMER,0.0,-4.248859258002373e-07
ALAGLYabc_REV_g.2936.peg.1072-MONOMER,0.0,2.1667711990456846e-07
ALAGLYabc_FWD_g.2936.peg.1072-MONOMER,0.0,-4.440021988987788e-07
ALAGLYabc_REV_g.2936.peg.1304-MONOMER,0.0,2.3614407382321975e-07
ALAGLYabc_FWD_g.2936.peg.1304-MONOMER,0.0,-4.245352449801275e-07
ALAHIS1c_REV_g.2936.peg.472-MONOMER_mod_fe2(2),3.470375590944553e-23,-9.659841680063744e-41
ALAHIS1c_FWD_g.2936.peg.472-MONOMER_mod_fe2(2),0.0,-1.847082848205204e-07
ALAHISabc_REV_g.2936.peg.1293-MONOMER,0.0,2.317641372636162e-07
ALAHISabc_FWD_g.2936.peg.1293-MONOMER,0.0,-4.289151815397311e-07
ALAHISabc_REV_g.2936.peg.1152-MONOMER,0.0,2.3579339300310998e-07
ALAHISabc_FWD_g.2936.peg.1152-MONOMER,0.0,-4.248859258002373e-07
ALAHISabc_REV_g.2936.peg.1072-MONOMER,0.0,2.1667711990456846e-07
ALAHISabc_FWD_g.2936.peg.1072-MONOMER,0.0,-4.440021988987788e-07
ALAHISabc_REV_g.2936.peg.1304-MONOMER,0.0,2.3614407382321975e-07
ALAHISabc_FWD_g.2936.peg.1304-MONOMER,0.0,-4.245352449801275e-07
ALALEU1c_REV_g.2936.peg.472-MONOMER_mod_fe2(2),3.470375590944553e-23,-1.499683931933095e-40
ALALEU1c_FWD_g.2936.peg.472-MONOMER_mod_fe2(2),0.0,-1.847082848205204e-07
ALALEUabc_REV_g.2936.peg.1293-MONOMER,0.0,2.2677736566785419e-07
ALALEUabc_FWD_g.2936.peg.1293-MONOMER,0.0,-4.239284099439691e-07
ALALEUabc_REV_g.2936.peg.1152-MONOMER,0.0,2.3080662140734798e-07
ALALEUabc_FWD_g.2936.peg.1152-MONOMER,0.0,-4.198991542044753e-07
ALALEUabc_REV_g.2936.peg.1072-MONOMER,0.0,2.1169034830880646e-07
ALALEUabc_FWD_g.2936.peg.1072-MONOMER,0.0,-4.3901542730301683e-07
ALALEUabc_REV_g.2936.peg.1304-MONOMER,0.0,2.3115730222745777e-07
ALALEUabc_FWD_g.2936.peg.1304-MONOMER,0.0,-4.195484733843655e-07
ALAPGPL_REV_CPLX_dummy,0.0,-1.9441715871611355e-07
ALAPGPL_FWD_CPLX_dummy,0.0,6.138736796555862e-35
ALAR_REV_679192.3.peg.194-MONOMER,0.0,-1.9710870842552378e-07
ALAR_FWD_679192.3.peg.194-MONOMER,0.0029579766589288253,-7.760307991585551e-41
ALATA_D_REV_CPLX_dummy,0.0,-1.9441715871611355e-07
ALATA_D_FWD_CPLX_dummy,0.0,5.671423541822913e-41
ALATHR1c_REV_g.2936.peg.472-MONOMER_mod_fe2(2),3.470375590944553e-23,-1.1385791309477989e-41
ALATHR1c_FWD_g.2936.peg.472-MONOMER_mod_fe2(2),0.0,-1.847082848205204e-07
ALATHRabc_REV_g.2936.peg.1293-MONOMER,0.0,2.317641372636162e-07
ALATHRabc_FWD_g.2936.peg.1293-MONOMER,0.0,-4.289151815397311e-07
ALATHRabc_REV_g.2936.peg.1152-MONOMER,0.0,2.3579339300310998e-07
ALATHRabc_FWD_g.2936.peg.1152-MONOMER,0.0,-4.248859258002373e-07
ALATHRabc_REV_g.2936.peg.1072-MONOMER,0.0,2.1667711990456846e-07
ALATHRabc_FWD_g.2936.peg.1072-MONOMER,0.0,-4.440021988987788e-07
ALATHRabc_REV_g.2936.peg.1304-MONOMER,0.0,2.3614407382321975e-07
ALATHRabc_FWD_g.2936.peg.1304-MONOMER,0.0,-4.245352449801275e-07
ALAt2r_REV_CPLX_dummy,0.0,-1.9441715871611355e-07
ALAt2r_FWD_CPLX_dummy,0.010308555311509704,5.963897128513643e-41
ALCD19_REV_g.2936.peg.1107-MONOMER,0.0,-2.0015593296835255e-07
ALCD19_FWD_g.2936.peg.1107-MONOMER,0.14898579,8.261758547679116e-40
ALCD19_REV_g.2936.peg.1127-MONOMER_mod_fe2(1),0.0,-4.0783682205766234e-07
ALCD19_FWD_g.2936.peg.1127-MONOMER_mod_fe2(1),0.0,-2.0768088908930982e-07
ALCD2x_REV_g.2936.peg.1107-MONOMER,0.27676979924643413,-4.273323386730577e-40
ALCD2x_FWD_g.2936.peg.1107-MONOMER,0.0,-2.0015593296835255e-07
ALCD2x_REV_g.2936.peg.1127-MONOMER_mod_fe2(1),0.0,-2.0768088908930982e-07
ALCD2x_FWD_g.2936.peg.1127-MONOMER_mod_fe2(1),0.0,-4.0783682205766234e-07
ALCD4_REV_g.2936.peg.1113-MONOMER,0.0,2.6022622808712114e-40
ALCD4_FWD_g.2936.peg.1113-MONOMER,0.0,-1.9884007707926708e-07
AMALT1_REV_g.2936.peg.1248-MONOMER,0.0,-2.1294757260701803e-07
AMALT1_FWD_g.2936.peg.1248-MONOMER,0.0,-1.4068852456527992e-41
AMALT2_REV_g.2936.peg.1248-MONOMER,0.0,-2.1294757260701803e-07
AMALT2_FWD_g.2936.peg.1248-MONOMER,0.0,0.0
AMALT3_REV_g.2936.peg.1248-MONOMER,0.0,-2.1294757260701803e-07
AMALT3_FWD_g.2936.peg.1248-MONOMER,0.0,-1.4068852456527992e-41
AMALT4_REV_g.2936.peg.1248-MONOMER,0.0,-2.1294757260701803e-07
AMALT4_FWD_g.2936.peg.1248-MONOMER,0.0,0.0
AMANAPEr_REV_g.2936.peg.643-MONOMER,0.0,-2.522465330074367e-41
AMANAPEr_FWD_g.2936.peg.643-MONOMER,0.0,-1.749608866245078e-07
AMPTASECG_REV_g.2936.peg.472-MONOMER_mod_fe2(2),0.0,4.245352449801275e-07
AMPTASECG_FWD_g.2936.peg.472-MONOMER_mod_fe2(2),0.0,-6.092435298006479e-07
AMPTASEGC_REV_g.2936.peg.472-MONOMER_mod_fe2(2),0.0,4.245352449801275e-07
AMPTASEGC_FWD_g.2936.peg.472-MONOMER_mod_fe2(2),0.0,-6.092435298006479e-07
AMPt2_REV_CPLX_dummy,0.0,-1.9441715871611355e-07
AMPt2_FWD_CPLX_dummy,0.0028873419783899917,-5.8914439753741905e-36
ARBTpts_REV_g.2936.peg.1229-MONOMER,0.0,-2.190341423939031e-07
ARBTpts_FWD_g.2936.peg.1229-MONOMER,0.0,2.7257792295103285e-41
ARBabc_REV_g.2936.peg.1063-MONOMER,0.0,-1.9161782126773465e-07
ARBabc_FWD_g.2936.peg.1063-MONOMER,0.0,-7.836896650845048e-09
ARBabc_REV_g.2936.peg.1058-MONOMER,0.0,-1.837809246168896e-07
ARBabc_FWD_g.2936.peg.1058-MONOMER,0.0,1.0132082900294639e-40
ARGDA_REV_g.2936.peg.594-MONOMER,0.0,-2.0296440340650323e-07
ARGDA_FWD_g.2936.peg.594-MONOMER,0.14601465226149304,-1.838660074246747e-40
ARGt2_REV_CPLX_dummy,0.0,-1.9441715871611355e-07
ARGt2_FWD_CPLX_dummy,0.004165950566568774,4.795286010873049e-41
ASCBPL_REV_g.2936.peg.710-MONOMER_mod_mn2(1),0.0,-3.0595163565784037e-07
ASCBPL_FWD_g.2936.peg.710-MONOMER_mod_mn2(1),0.0,-5.376795137766127e-41
ASNS2_REV_CPLX_dummy,0.0,6.46769481611775e-07
ASNS2_FWD_CPLX_dummy,0.0,-8.411866403278886e-07
ASNt2r_REV_CPLX_dummy,0.0,-1.9441715871611355e-07
ASNt2r_FWD_CPLX_dummy,0.005304086450556475,0.0
ASO3t_REV_g.2936.peg.252-MONOMER,0.0,-1.5281574832422483e-41
ASO3t_FWD_g.2936.peg.252-MONOMER,0.0,-2.028842419471696e-07
ASO4t_REV_g.2936.peg.252-MONOMER,0.0,-1.5281574832422483e-41
ASO4t_FWD_g.2936.peg.252-MONOMER,0.0,-2.028842419471696e-07
ASPTA_REV_679192.3.peg.299-MONOMER,0.0,-3.2610148335404587e-09
ASPTA_FWD_679192.3.peg.299-MONOMER,0.0,-1.9770476642712198e-07
ASPTA_REV_679192.3.peg.777-MONOMER,0.00636674694318366,2.7113131071307605e-36
ASPTA_FWD_679192.3.peg.777-MONOMER,0.0,-1.944437515935815e-07
ASPt2r_REV_CPLX_dummy,0.0,-8.961051267896847e-08
ASPt2r_FWD_CPLX_dummy,0.0,-1.0480664603714509e-07
ATPS4_REV_CPLX_dummy,0.0,-1.9441715871611355e-07
ATPS4_FWD_CPLX_dummy,0.054537764239587325,-2.8800599232806784e-36
BPNT_REV_CPLX_dummy,0.0,-1.9441715871611355e-07
BPNT_FWD_CPLX_dummy,0.0,-2.572384968802138e-40
C180SNrev_REV_CPLX_dummy,0.0,-1.9441715871611355e-07
C180SNrev_FWD_CPLX_dummy,0.0028369454452115118,8.447420565456957e-39
CAt4i_REV_CPLX_dummy,0.0,-1.9441715871611355e-07
CAt4i_FWD_CPLX_dummy,0.0,-2.619005081492974e-41
CBIAT_REV_CPLX_dummy,0.0,-2.2296028769744804e-40
CBIAT_FWD_CPLX_dummy,0.0,-1.9441715871611355e-07
CBMKr_REV_g.2936.peg.741-MONOMER,0.14601465226149304,-4.5656653384758774e-41
CBMKr_FWD_g.2936.peg.741-MONOMER,0.0,-1.878577569078526e-07
CD2abc1_REV_g.2936.peg.1157-MONOMER,0.0,-2.3570989732506529e-07
CD2abc1_FWD_g.2936.peg.1157-MONOMER,0.0,-4.2368284928768376e-10
CD2abc1_REV_g.2936.peg.194-MONOMER,0.0,-2.352862144757776e-07
CD2abc1_FWD_g.2936.peg.194-MONOMER,0.0,2.11883161961596e-37
CDPEAS_REV_g.2936.peg.616-MONOMER,0.0,-2.0900831374257415e-40
CDPEAS_FWD_g.2936.peg.616-MONOMER,0.0,-1.9232427125274817e-07
CDPGLYCGPT_REV_CPLX_dummy,0.0,-2.55509109281882e-39
CDPGLYCGPT_FWD_CPLX_dummy,0.0,-1.9441715871611355e-07
CDPMEK_REV_g.2936.peg.821-MONOMER_mod_mg2(1),0.0,-2.1942459794799434e-07
CDPMEK_FWD_g.2936.peg.821-MONOMER_mod_mg2(1),0.00045191310066968165,3.0458652050356664e-41
CELBpts_REV_g.2936.peg.1313-MONOMER,0.0,-1.420567258881211e-07
CELBpts_FWD_g.2936.peg.1313-MONOMER,0.0,-1.221097952791846e-10
CELBpts_REV_g.2936.peg.1190-MONOMER,0.0,-1.4193461609284192e-07
CELBpts_FWD_g.2936.peg.1190-MONOMER,0.0,-6.132705853362699e-41
CGLYabc_REV_g.2936.peg.1293-MONOMER,0.0,-1.9277110771651133e-07
CGLYabc_FWD_g.2936.peg.1293-MONOMER,0.0,-4.379936559603581e-09
CGLYabc_REV_g.2936.peg.1152-MONOMER,0.0,-1.8874185197701754e-07
CGLYabc_FWD_g.2936.peg.1152-MONOMER,0.0,-3.5068082010978786e-10
CGLYabc_REV_g.2936.peg.1072-MONOMER,0.0,-2.0785812507555903e-07
CGLYabc_FWD_g.2936.peg.1072-MONOMER,0.0,-1.94669539186513e-08
CGLYabc_REV_g.2936.peg.1304-MONOMER,0.0,-1.8839117115690774e-07
CGLYabc_FWD_g.2936.peg.1304-MONOMER,0.0,-3.1433173353568033e-40
CHOLD_REV_g.2936.peg.1107-MONOMER,0.0,-2.0015593296835255e-07
CHOLD_FWD_g.2936.peg.1107-MONOMER,0.0,-8.546646773461155e-41
CHOLD_REV_g.2936.peg.1127-MONOMER_mod_fe2(1),0.0,-4.0783682205766234e-07
CHOLD_FWD_g.2936.peg.1127-MONOMER_mod_fe2(1),0.0,-2.0768088908930982e-07
CHORM_REV_679192.3.peg.350-MONOMER,0.0,-1.3967766397873785e-07
CHORM_FWD_679192.3.peg.350-MONOMER,0.0,-3.78587219487766e-40
CHORS_REV_679192.3.peg.141-MONOMER,0.0,-1.9570155504278545e-07
CHORS_FWD_679192.3.peg.141-MONOMER,0.0,-1.241632755328676e-39
CLPNS140_REV_g.2936.peg.1348-MONOMER,0.0,-2.1180823250379996e-07
CLPNS140_FWD_g.2936.peg.1348-MONOMER,0.0,1.4425691531799714e-41
CLPNS160_REV_g.2936.peg.1348-MONOMER,0.0,0.0
CLPNS160_FWD_g.2936.peg.1348-MONOMER,0.0,-2.1180823250379996e-07
CLPNS180_REV_g.2936.peg.1348-MONOMER,0.0,-2.1180823250379996e-07
CLPNS180_FWD_g.2936.peg.1348-MONOMER,0.00019532911128250342,-8.655414919079828e-40
CLPNSAI15_REV_g.2936.peg.1348-MONOMER,0.0,0.0
CLPNSAI15_FWD_g.2936.peg.1348-MONOMER,0.0,-2.1180823250379996e-07
CLPNSAI17_REV_g.2936.peg.1348-MONOMER,0.0,-2.1180823250379996e-07
CLPNSAI17_FWD_g.2936.peg.1348-MONOMER,0.00019532911128250342,5.770276612719885e-41
CLPNSI14_REV_g.2936.peg.1348-MONOMER,0.0,0.0
CLPNSI14_FWD_g.2936.peg.1348-MONOMER,0.0,-2.1180823250379996e-07
CLPNSI15_REV_g.2936.peg.1348-MONOMER,0.0,0.0
CLPNSI15_FWD_g.2936.peg.1348-MONOMER,0.0,-2.1180823250379996e-07
CLPNSI16_REV_g.2936.peg.1348-MONOMER,0.0,0.0
CLPNSI16_FWD_g.2936.peg.1348-MONOMER,0.0,-2.1180823250379996e-07
CLPNSI17_REV_g.2936.peg.1348-MONOMER,0.0,-2.1180823250379996e-07
CLPNSI17_FWD_g.2936.peg.1348-MONOMER,0.00019532911128250342,5.770276612719885e-41
CO2t_REV_CPLX_dummy,0.14482960533589892,0.0
CO2t_FWD_CPLX_dummy,0.0,-1.9441715871611355e-07
CPPPGO_REV_g.2936.peg.528-MONOMER,0.0,-1.9610177836750812e-07
CPPPGO_FWD_g.2936.peg.528-MONOMER,0.0,-4.2381965427787195e-41
CSNt6_REV_CPLX_dummy,0.0,-2.6469299208920035e-41
CSNt6_FWD_CPLX_dummy,0.0,-1.9441715871611355e-07
CTPS1_REV_CPLX_dummy,0.0,-1.9441715871611355e-07
CTPS1_FWD_CPLX_dummy,0.0010690125557091105,-2.9032571347038734e-41
CTPS2_REV_CPLX_dummy,0.0,1.3775324423698682e-40
CTPS2_FWD_CPLX_dummy,0.0,-1.9441715871611355e-07
CYSTGL_REV_CPLX_dummy,0.0,-1.9361124627472488e-07
CYSTGL_FWD_CPLX_dummy,0.0,-8.059124413886672e-10
CYSTS_REV_CPLX_dummy,0.0,-1.9441715871611355e-07
CYSTS_FWD_CPLX_dummy,0.0,-1.829788782206156e-41
CYSt2r_REV_CPLX_dummy,0.0,-1.9441715871611355e-07
CYSt2r_FWD_CPLX_dummy,0.00094349113010624,0.0
CYTBD_REV_CPLX_CYTBD-11,0.0,-2.583169385256501e-07
CYTBD_FWD_CPLX_CYTBD-11,0.0,-7.215519720698365e-09
CYTBD_REV_CPLX_CYTBD-2,0.0,-2.5310123716212994e-07
CYTBD_FWD_CPLX_CYTBD-2,0.0,-1.999818357178187e-09
CYTBD_REV_CPLX_CYTBD-8,0.0,-2.5811346220199225e-07
CYTBD_FWD_CPLX_CYTBD-8,0.0,-7.012043397040493e-09
CYTBD_REV_CPLX_CYTBD-9,0.0,-2.568615016890324e-07
CYTBD_FWD_CPLX_CYTBD-9,0.0,-5.760082884080653e-09
CYTBD_REV_CPLX_CYTBD-1,0.0,-2.5110141880495174e-07
CYTBD_FWD_CPLX_CYTBD-1,0.0,-1.2001205993964998e-40
CYTBD_REV_CPLX_CYTBD-6,0.0,-2.566511664169532e-07
CYTBD_FWD_CPLX_CYTBD-6,0.0,-5.549747612001446e-09
CYTBD_REV_CPLX_CYTBD-0,0.0,-2.5145495251667147e-07
CYTBD_FWD_CPLX_CYTBD-0,0.0,-3.535337117197136e-10
CYTBD_REV_CPLX_CYTBD-3,0.0,-2.5693340533369273e-07
CYTBD_FWD_CPLX_CYTBD-3,0.0,-5.831986528740974e-09
CYTBD_REV_CPLX_CYTBD-7,0.0,-2.5633747622747343e-07
CYTBD_FWD_CPLX_CYTBD-7,0.0,-5.236057422521707e-09
CYTBD_REV_CPLX_CYTBD-4,0.0,-2.566229301699581e-07
CYTBD_FWD_CPLX_CYTBD-4,0.0,-5.521511365006355e-09
CYTBD_REV_CPLX_CYTBD-5,0.0,-2.5838664443373844e-07
CYTBD_FWD_CPLX_CYTBD-5,0.0,-7.285225628786711e-09
CYTBD_REV_CPLX_CYTBD-10,0.0,-2.5654934786419163e-07
CYTBD_FWD_CPLX_CYTBD-10,0.0,-5.44792905923992e-09
CYTD_REV_g.2936.peg.1199-MONOMER,0.0,9.325550433764525e-07
CYTD_FWD_g.2936.peg.1199-MONOMER,0.0,-1.1507086276304957e-06
CYTD_REV_g.2936.peg.273-MONOMER,0.0,9.65300984975236e-07
CYTD_FWD_g.2936.peg.273-MONOMER,0.0,-1.1179626860317122e-06
CYTDK1_REV_g.2936.peg.532-MONOMER_mod_mg2(1),0.0,-1.7216903834365018e-07
CYTDK1_FWD_g.2936.peg.532-MONOMER_mod_mg2(1),0.0,-1.9487854929484805e-36
CYTDK1_REV_g.2936.peg.1170-MONOMER,0.0,-1.9529518930275565e-07
CYTDK1_FWD_g.2936.peg.1170-MONOMER,0.0,-2.3126150959105478e-08
CYTDK2_REV_g.2936.peg.532-MONOMER_mod_mg2(1),0.0,-7.496045898559339e-08
CYTDK2_FWD_g.2936.peg.532-MONOMER_mod_mg2(1),0.0,-9.720857935805678e-08
CYTDK2_REV_g.2936.peg.1170-MONOMER,0.0,-9.808660994469887e-08
CYTDK2_FWD_g.2936.peg.1170-MONOMER,0.0,-1.2033473031716225e-07
CYTDK3_REV_g.2936.peg.419-MONOMER_mod_mg2(1),0.0,-1.72314455279116e-07
CYTDK3_FWD_g.2936.peg.419-MONOMER_mod_mg2(1),0.0,-1.4541693546583e-10
CYTDK4_REV_g.2936.peg.532-MONOMER_mod_mg2(1),0.0,-7.496045898559339e-08
CYTDK4_FWD_g.2936.peg.532-MONOMER_mod_mg2(1),0.0,-9.720857935805678e-08
CYTDK4_REV_g.2936.peg.1170-MONOMER,0.0,-9.808660994469887e-08
CYTDK4_FWD_g.2936.peg.1170-MONOMER,0.0,-1.2033473031716225e-07
CYTDt2r_REV_CPLX_dummy,0.0,-1.9441715871611355e-07
CYTDt2r_FWD_CPLX_dummy,0.0,-6.617324802230009e-41
CYTK1_REV_g.2936.peg.419-MONOMER_mod_mg2(1),0.0,-1.7245987221458183e-07
CYTK1_FWD_g.2936.peg.419-MONOMER_mod_mg2(1),0.022779670323702775,-2.6888463724078537e-37
CYTK2_REV_g.2936.peg.419-MONOMER_mod_mg2(1),0.0,-1.7245987221458183e-07
CYTK2_FWD_g.2936.peg.419-MONOMER_mod_mg2(1),0.0007986653864750464,0.0
Coabc_REV_CPLX_dummy,0.0,-1.9441715871611355e-07
Coabc_FWD_CPLX_dummy,0.00018060457439605379,-1.4633637663776545e-40
Cuabc_REV_g.2936.peg.1157-MONOMER,0.0,-2.3570989732506529e-07
Cuabc_FWD_g.2936.peg.1157-MONOMER,0.0,-4.2368284928768376e-10
Cuabc_REV_g.2936.peg.194-MONOMER,0.0,-2.352862144757776e-07
Cuabc_FWD_g.2936.peg.194-MONOMER,0.0,2.4359702445653536e-40
Cut1_REV_g.2936.peg.1157-MONOMER,0.0,1.8847686831145611e-06
Cut1_FWD_g.2936.peg.1157-MONOMER,0.0,-2.120902263288914e-06
Cut1_REV_g.2936.peg.194-MONOMER,0.0,1.8851923659638489e-06
Cut1_FWD_g.2936.peg.194-MONOMER,0.0,-2.1204785804396267e-06
DADA_REV_g.2936.peg.475-MONOMER,0.0,2.8458300542362565e-07
DADA_FWD_g.2936.peg.475-MONOMER,0.0,-4.786708869131068e-07
DADA_REV_g.2936.peg.249-MONOMER,0.0,2.847197937253026e-07
DADA_FWD_g.2936.peg.249-MONOMER,0.0,-4.785340986114299e-07
DADNt2r_REV_CPLX_dummy,0.0,-1.9441715871611355e-07
DADNt2r_FWD_CPLX_dummy,0.0007986653864750464,5.202540759513233e-38
DAPDC_REV_g.2936.peg.937-MONOMER,0.0,5.181217040130824e-07
DAPDC_FWD_g.2936.peg.937-MONOMER,0.0,-7.161002170430123e-07
DAPE_REV_CPLX_dummy,0.0,1.0446240297343645e-41
DAPE_FWD_CPLX_dummy,0.0,-1.9441715871611355e-07
DAPabc_REV_CPLX_dummy,0.0,-1.9441715871611355e-07
DAPabc_FWD_CPLX_dummy,-9.668912600688233e-36,8.574616562673794e-41
DASYN120_REV_g.2936.peg.1274-MONOMER_mod_mg2(1)_mod_k(1),0.0,-1.8129834310097134e-07
DASYN120_FWD_g.2936.peg.1274-MONOMER_mod_mg2(1)_mod_k(1),0.0,9.533197158860595e-41
DASYN140_REV_g.2936.peg.1274-MONOMER_mod_mg2(1)_mod_k(1),0.0,-1.8129834310097134e-07
DASYN140_FWD_g.2936.peg.1274-MONOMER_mod_mg2(1)_mod_k(1),0.0,9.533197158860595e-41
DASYN141_REV_g.2936.peg.1274-MONOMER_mod_mg2(1)_mod_k(1),0.0,-1.8129834310097134e-07
DASYN141_FWD_g.2936.peg.1274-MONOMER_mod_mg2(1)_mod_k(1),0.0,9.533197158860595e-41
DASYN160_REV_g.2936.peg.1274-MONOMER_mod_mg2(1)_mod_k(1),0.0,-1.8129834310097134e-07
DASYN160_FWD_g.2936.peg.1274-MONOMER_mod_mg2(1)_mod_k(1),0.0,9.533197158860595e-41
DASYN161_REV_g.2936.peg.1274-MONOMER_mod_mg2(1)_mod_k(1),0.0,-1.8129834310097134e-07
DASYN161_FWD_g.2936.peg.1274-MONOMER_mod_mg2(1)_mod_k(1),0.0,9.533197158860595e-41
DASYN180_REV_g.2936.peg.1274-MONOMER_mod_mg2(1)_mod_k(1),0.0,-1.8129834310097134e-07
DASYN180_FWD_g.2936.peg.1274-MONOMER_mod_mg2(1)_mod_k(1),0.0007813164451300137,9.533197158860595e-41
DASYN181_REV_g.2936.peg.1274-MONOMER_mod_mg2(1)_mod_k(1),0.0,-1.8129834310097134e-07
DASYN181_FWD_g.2936.peg.1274-MONOMER_mod_mg2(1)_mod_k(1),0.0,9.533197158860595e-41
DASYNAI15_REV_g.2936.peg.1274-MONOMER_mod_mg2(1)_mod_k(1),0.0,-1.8129834310097134e-07
DASYNAI15_FWD_g.2936.peg.1274-MONOMER_mod_mg2(1)_mod_k(1),0.0,9.533197158860595e-41
DASYNAI17_REV_g.2936.peg.1274-MONOMER_mod_mg2(1)_mod_k(1),0.0,-1.8129834310097134e-07
DASYNAI17_FWD_g.2936.peg.1274-MONOMER_mod_mg2(1)_mod_k(1),0.0007813164451300137,-2.0973033749493308e-40
DASYNI14_REV_g.2936.peg.1274-MONOMER_mod_mg2(1)_mod_k(1),0.0,-1.8129834310097134e-07
DASYNI14_FWD_g.2936.peg.1274-MONOMER_mod_mg2(1)_mod_k(1),0.0,9.533197158860595e-41
DASYNI15_REV_g.2936.peg.1274-MONOMER_mod_mg2(1)_mod_k(1),0.0,-1.8129834310097134e-07
DASYNI15_FWD_g.2936.peg.1274-MONOMER_mod_mg2(1)_mod_k(1),0.0,9.533197158860595e-41
DASYNI16_REV_g.2936.peg.1274-MONOMER_mod_mg2(1)_mod_k(1),0.0,-1.8129834310097134e-07
DASYNI16_FWD_g.2936.peg.1274-MONOMER_mod_mg2(1)_mod_k(1),0.0,9.533197158860595e-41
DASYNI17_REV_g.2936.peg.1274-MONOMER_mod_mg2(1)_mod_k(1),0.0,-1.8129834310097134e-07
DASYNI17_FWD_g.2936.peg.1274-MONOMER_mod_mg2(1)_mod_k(1),0.0007813164451300137,-2.0973033749493308e-40
DCMPDA_REV_g.2936.peg.290-MONOMER,0.0007986653864750464,1.0343859584853172e-36
DCMPDA_FWD_g.2936.peg.290-MONOMER,0.0,-1.5955605699592974e-07
DCTPAH_REV_g.2936.peg.273-MONOMER,0.0,1.143819844004564e-06
DCTPAH_FWD_g.2936.peg.273-MONOMER,0.0,-1.2964815450610402e-06
DCYTD_REV_g.2936.peg.1199-MONOMER,0.0,-4.275185507404633e-08
DCYTD_FWD_g.2936.peg.1199-MONOMER,0.0,-1.7540172917999677e-07
DCYTD_REV_g.2936.peg.273-MONOMER,0.0,-1.0005913475262958e-08
DCYTD_FWD_g.2936.peg.273-MONOMER,0.0,-1.4265578758121341e-07
DCYTt2r_REV_CPLX_dummy,0.0,-3.2129025018624164e-08
DCYTt2r_FWD_CPLX_dummy,0.0,-1.622881336974894e-07
DDPA_REV_g.2936.peg.533-MONOMER,0.0,-2.717313493846542e-07
DDPA_FWD_g.2936.peg.533-MONOMER,0.0,5.585615853958221e-40
DDPGA_REV_g.2936.peg.103-MONOMER,0.0,-4.688476072958082e-41
DDPGA_FWD_g.2936.peg.103-MONOMER,0.0,-1.905079006358523e-07
DGK1_REV_g.2936.peg.1337-MONOMER_mod_mg2(1),0.0,1.1784655484404135e-40
DGK1_FWD_g.2936.peg.1337-MONOMER_mod_mg2(1),0.0,-1.9801979798942575e-07
DGSNt2r_REV_CPLX_dummy,0.0,-1.9441715871611355e-07
DGSNt2r_FWD_CPLX_dummy,1.2116503900692993e-22,1.5082074342746593e-36
DHDPRyr_REV_CPLX_dummy,0.0,-1.9441715871611355e-07
DHDPRyr_FWD_CPLX_dummy,0.0,1.5057790669263736e-41
DHQS_REV_g.2936.peg.368-MONOMER_mod_cobalt2(1)_mod_nad(1),0.0,-1.9104338723866374e-07
DHQS_FWD_g.2936.peg.368-MONOMER_mod_cobalt2(1)_mod_nad(1),0.0,6.14937624332191e-40
DHQTi_REV_g.2936.peg.853-MONOMER,0.0,-1.5578065081494582e-07
DHQTi_FWD_g.2936.peg.853-MONOMER,0.0,-2.2486360294187723e-40
DMATT_REV_g.2936.peg.703-MONOMER_mod_mn2(1),0.0,-1.8391314409304372e-07
DMATT_FWD_g.2936.peg.703-MONOMER_mod_mn2(1),4.1083009151789243e-05,1.3021636974401653e-39
DMATT_REV_g.2936.peg.703-MONOMER_mod_mg2(1),0.0,-1.8393188200332352e-07
DMATT_FWD_g.2936.peg.703-MONOMER_mod_mg2(1),0.0,-1.8737910279819265e-11
DMLARGAH_REV_g.2936.peg.402-MONOMER,0.0,1.2341953778727673e-40
DMLARGAH_FWD_g.2936.peg.402-MONOMER,0.0,-1.2341953778727673e-40
DMLARGAH_REV_g.2936.peg.79-MONOMER,0.0,-9.054071405550371e-08
DMLARGAH_FWD_g.2936.peg.79-MONOMER,0.0,-9.054071405550371e-08
DMPPS_REV_g.2936.peg.66-MONOMER_mod_nadph(1)_mod_nadh(1)_mod_fad(1)_mod_cobalt2(1),0.0,-2.2129088769390957e-07
DMPPS_FWD_g.2936.peg.66-MONOMER_mod_nadph(1)_mod_nadh(1)_mod_fad(1)_mod_cobalt2(1),0.0,-6.457864268459589e-37
DMPPS2r_REV_g.2936.peg.66-MONOMER_mod_nadph(1)_mod_nadh(1)_mod_fad(1)_mod_cobalt2(1),0.0,-2.2129088769390957e-07
DMPPS2r_FWD_g.2936.peg.66-MONOMER_mod_nadph(1)_mod_nadh(1)_mod_fad(1)_mod_cobalt2(1),4.1083009151789243e-05,-1.5771524545392153e-39
DMQMT_REV_CPLX_dummy,0.0,-1.9441715871611355e-07
DMQMT_FWD_CPLX_dummy,0.0,4.038721631046956e-41
DMQMT2_REV_g.2936.peg.1042-MONOMER,0.0,-1.694670121573258e-40
DMQMT2_FWD_g.2936.peg.1042-MONOMER,0.0,-1.708344812502621e-07
DPCOAK_REV_679192.3.peg.800-MONOMER,0.0,-1.7136392657002717e-07
DPCOAK_FWD_679192.3.peg.800-MONOMER,0.00018060282806182438,-2.4240021039810573e-39
DPGM_REV_g.2936.peg.162-MONOMER_mod_mg2(1),0.0,-1.2216301089008455e-40
DPGM_FWD_g.2936.peg.162-MONOMER_mod_mg2(1),0.0,-2.185807150791984e-07
DPRr_REV_679192.3.peg.143-MONOMER,0.0,-1.8758802604332578e-07
DPRr_FWD_679192.3.peg.143-MONOMER,0.0,-1.3412876886563238e-40
DRBK_REV_g.2936.peg.659-MONOMER_mod_k(1)_mod_mg2(1),0.0,-2.2149270197006608e-07
DRBK_FWD_g.2936.peg.659-MONOMER_mod_k(1)_mod_mg2(1),0.0,0.0
DRIBabc_REV_g.2936.peg.318-MONOMER,0.0,4.0716204045903234e-07
DRIBabc_FWD_g.2936.peg.318-MONOMER,0.0,-6.042535073424524e-07
DRPAr_REV_g.2936.peg.53-MONOMER,0.0,-3.0094985890589663e-41
DRPAr_FWD_g.2936.peg.53-MONOMER,0.0,-1.7141179930791287e-07
DTMPK_REV_g.2936.peg.220-MONOMER_mod_mg2(1),0.0,-1.74844169315488e-07
DTMPK_FWD_g.2936.peg.220-MONOMER_mod_mg2(1),0.0013925111732921156,3.2706209409107024e-41
DURIK1_REV_g.2936.peg.1034-MONOMER_mod_mg2(1),0.0,-1.6751097582613427e-07
DURIK1_FWD_g.2936.peg.1034-MONOMER_mod_mg2(1),0.0007986653864750464,4.123873322977043e-41
DURIPP_REV_g.2936.peg.617-MONOMER,0.0,-5.276872625929471e-09
DURIPP_FWD_g.2936.peg.617-MONOMER,0.0,-2.8109014236107074e-07
DURIPP_REV_g.2936.peg.277-MONOMER,0.0007986653864750464,-4.0175585565493963e-36
DURIPP_FWD_g.2936.peg.277-MONOMER,0.0,-2.758132697351413e-07
DUTPDP_REV_g.2936.peg.913-MONOMER_mod_zn2(1),0.0,7.524916920194639e-07
DUTPDP_FWD_g.2936.peg.913-MONOMER_mod_zn2(1),0.0,-9.633568111300895e-07
DUTPDP_REV_g.2936.peg.737-MONOMER,0.0,7.657293485304962e-07
DUTPDP_FWD_g.2936.peg.737-MONOMER,0.0,-9.501191546190571e-07
DXPRIr_REV_g.2936.peg.1120-MONOMER_mod_mn2(1),0.0,-2.376862736726551e-07
DXPRIr_FWD_g.2936.peg.1120-MONOMER_mod_mn2(1),0.0,-1.1464298213243511e-12
DXPRIr_REV_g.2936.peg.1120-MONOMER_mod_cobalt2(1),0.0,-2.376851272428338e-07
DXPRIr_FWD_g.2936.peg.1120-MONOMER_mod_cobalt2(1),0.00045191310066968165,9.423234965374029e-40
DXPRIr_REV_g.2936.peg.1120-MONOMER_mod_mg2(1),0.0,-2.376950537909631e-07
DXPRIr_FWD_g.2936.peg.1120-MONOMER_mod_mg2(1),0.0,-9.926548129301204e-12
DXPS_REV_679192.3.peg.1192-MONOMER_mod_thmpp(1),0.0,-2.665707568226963e-07
DXPS_FWD_679192.3.peg.1192-MONOMER_mod_thmpp(1),0.00045191310066968165,-6.259502577107602e-41
E4PD_REV_679192.3.peg.1031-MONOMER,0.0,-2.7214643616897376e-07
E4PD_FWD_679192.3.peg.1031-MONOMER,0.0,-1.1869899931590112e-40
EAR100x_REV_CPLX_dummy,0.0,-1.9441715871611355e-07
EAR100x_FWD_CPLX_dummy,0.0,1.8082527445494615e-39
EAR10M12_REV_CPLX_dummy,0.0,-1.9441715871611355e-07
EAR10M12_FWD_CPLX_dummy,0.0018912969634743413,1.3552011602337364e-40
EAR11M12x_REV_CPLX_dummy,0.0,-1.9441715871611355e-07
EAR11M12x_FWD_CPLX_dummy,0.0018912969634743413,-3.874827309748846e-39
EAR120x_REV_CPLX_dummy,0.0,-1.9441715871611355e-07
EAR120x_FWD_CPLX_dummy,0.0,-9.47180009049718e-40
EAR121x_REV_CPLX_dummy,0.0,6.046196785172126e-07
EAR121x_FWD_CPLX_dummy,0.0,-7.990368372333262e-07
EAR12M14x_REV_CPLX_dummy,0.0,-1.9441715871611355e-07
EAR12M14x_FWD_CPLX_dummy,0.0018912969634743413,-3.874827309748846e-39
EAR13M14x_REV_CPLX_dummy,0.0,-1.9441715871611355e-07
EAR13M14x_FWD_CPLX_dummy,0.0018912969634743413,-1.1193945561496665e-39
EAR140x_REV_CPLX_dummy,0.0,-1.9441715871611355e-07
EAR140x_FWD_CPLX_dummy,0.0,4.305363677498718e-40
EAR141x_REV_CPLX_dummy,0.0,6.046196785172126e-07
EAR141x_FWD_CPLX_dummy,0.0,-7.990368372333262e-07
EAR14M16_REV_CPLX_dummy,0.0,-1.9441715871611355e-07
EAR14M16_FWD_CPLX_dummy,0.0018912969634743413,1.0992187188562528e-39
EAR15M16_REV_CPLX_dummy,0.0,-1.9441715871611355e-07
EAR15M16_FWD_CPLX_dummy,0.0018912969634743413,1.0992187188562528e-39
EAR160x_REV_CPLX_dummy,0.0,-1.9441715871611355e-07
EAR160x_FWD_CPLX_dummy,0.0,4.305363677498718e-40
EAR161x_REV_CPLX_dummy,0.0,-1.9441715871611355e-07
EAR161x_FWD_CPLX_dummy,0.0,-7.749654619497692e-40
EAR180x_REV_CPLX_dummy,0.0,-1.9441715871611355e-07
EAR180x_FWD_CPLX_dummy,0.0,-1.6360381974495128e-39
EAR181x_REV_CPLX_dummy,0.0,-1.9441715871611355e-07
EAR181x_FWD_CPLX_dummy,0.0,-7.749654619497692e-40
EAR40x_REV_CPLX_dummy,0.0,2.8554364375134868e-06
EAR40x_FWD_CPLX_dummy,0.0,-3.0498535962296e-06
EAR4M6_REV_CPLX_dummy,0.0,-1.9441715871611355e-07
EAR4M6_FWD_CPLX_dummy,0.0018912969634743413,1.3552011602337364e-40
EAR5M6_REV_CPLX_dummy,0.0,-1.9441715871611355e-07
EAR5M6_FWD_CPLX_dummy,0.0018912969634743413,-8.281784868095055e-40
EAR60x_REV_CPLX_dummy,0.0,-1.9441715871611355e-07
EAR60x_FWD_CPLX_dummy,0.0,-9.47180009049718e-40
EAR6M8x_REV_CPLX_dummy,0.0,-1.9441715871611355e-07
EAR6M8x_FWD_CPLX_dummy,0.0018912969634743413,-1.2141125570546383e-38
EAR7M8_REV_CPLX_dummy,0.0,-1.9441715871611355e-07
EAR7M8_FWD_CPLX_dummy,0.0018912969634743413,1.0992187188562528e-39
EAR80x_REV_CPLX_dummy,0.0,-1.9441715871611355e-07
EAR80x_FWD_CPLX_dummy,0.0,-2.5832182064992303e-40
EAR8M10x_REV_CPLX_dummy,0.0,-1.9441715871611355e-07
EAR8M10x_FWD_CPLX_dummy,0.0018912969634743413,-2.497110932949256e-39
EAR9M10x_REV_CPLX_dummy,0.0,-1.9441715871611355e-07
EAR9M10x_FWD_CPLX_dummy,0.0018912969634743413,-1.2141125570546383e-38
EDA_R_REV_679192.3.peg.1336-MONOMER,0.0,-4.786384201128344e-41
EDA_R_FWD_679192.3.peg.1336-MONOMER,0.0,-2.5104708003188e-07
EHGLAT_REV_g.2936.peg.147-MONOMER,0.0,-2.0048619161698617e-07
EHGLAT_FWD_g.2936.peg.147-MONOMER,0.0,0.0
EHGLAT_REV_g.2936.peg.1326-MONOMER_mod_pydx5p(1),0.0,-2.1578422695465218e-07
EHGLAT_FWD_g.2936.peg.1326-MONOMER_mod_pydx5p(1),0.0,-1.5298035337666032e-08
ENO_REV_679192.3.peg.214-MONOMER_mod_mg2(4),0.0,-2.4560967823241285e-07
ENO_FWD_679192.3.peg.214-MONOMER_mod_mg2(4),0.7226714693662,6.014324040022028e-41
ETOHt_REV_CPLX_dummy,0.27676979924643413,0.0
ETOHt_FWD_CPLX_dummy,0.0,-1.9441715871611355e-07
FACOAL140_REV_g.2936.peg.734-MONOMER,0.0,1.9648615385484483e-40
FACOAL140_FWD_g.2936.peg.734-MONOMER,0.0,-2.1350857571369083e-07
FACOAL160_REV_g.2936.peg.734-MONOMER,0.0,2.5262505495622904e-40
FACOAL160_FWD_g.2936.peg.734-MONOMER,0.0,-2.1350857571369083e-07
FACOAL161_REV_g.2936.peg.734-MONOMER,0.0,-1.9648615385484483e-40
FACOAL161_FWD_g.2936.peg.734-MONOMER,0.0,-2.1350857571369083e-07
FACOAL180_REV_g.2936.peg.734-MONOMER,0.0,-2.1350857571369083e-07
FACOAL180_FWD_g.2936.peg.734-MONOMER,0.0,9.262918681728398e-40
FACOAL181_REV_g.2936.peg.734-MONOMER,0.0,-1.9648615385484483e-40
FACOAL181_FWD_g.2936.peg.734-MONOMER,0.0,-2.1350857571369083e-07
FACOALAI15_REV_g.2936.peg.734-MONOMER,0.0,2.5262505495622904e-40
FACOALAI15_FWD_g.2936.peg.734-MONOMER,0.0,-2.1350857571369083e-07
FACOALAI17_REV_g.2936.peg.734-MONOMER,0.0,-6.455973626659187e-40
FACOALAI17_FWD_g.2936.peg.734-MONOMER,0.0,-2.1350857571369083e-07
FACOALI14_REV_g.2936.peg.734-MONOMER,0.0,7.01736263767303e-40
FACOALI14_FWD_g.2936.peg.734-MONOMER,0.0,-2.1350857571369083e-07
FACOALI15_REV_g.2936.peg.734-MONOMER,0.0,7.01736263767303e-40
FACOALI15_FWD_g.2936.peg.734-MONOMER,0.0,-2.1350857571369083e-07
FACOALI16_REV_g.2936.peg.734-MONOMER,0.0,-1.9648615385484483e-40
FACOALI16_FWD_g.2936.peg.734-MONOMER,0.0,-2.1350857571369083e-07
FACOALI17_REV_g.2936.peg.734-MONOMER,0.0,-6.455973626659187e-40
FACOALI17_FWD_g.2936.peg.734-MONOMER,0.0,-2.1350857571369083e-07
FBA_REV_679192.3.peg.669-MONOMER,0.0,-1.853933212448647e-07
FBA_FWD_679192.3.peg.669-MONOMER,0.0,-1.206654442363929e-09
FBA_REV_679192.3.peg.59-MONOMER,0.0,-1.8418666680250076e-07
FBA_FWD_679192.3.peg.59-MONOMER,0.2852668545996256,-3.9500688022943644e-41
FBA2_REV_g.2936.peg.434-MONOMER,0.0,-1.8418666680250076e-07
FBA2_FWD_g.2936.peg.434-MONOMER,0.14898579,-3.49538501603413e-41
FBA3_REV_g.2936.peg.434-MONOMER,0.0,-1.8418666680250076e-07
FBA3_FWD_g.2936.peg.434-MONOMER,0.006682322713847503,-3.394163337498363e-41
FBA3_REV_g.2936.peg.1376-MONOMER,0.0,-1.853933212448647e-07
FBA3_FWD_g.2936.peg.1376-MONOMER,0.0,-1.206654442363929e-09
FE2DH_REV_g.2936.peg.1344-MONOMER,0.0,-5.266146243750328e-08
FE2DH_FWD_g.2936.peg.1344-MONOMER,0.0,-1.0463724332870418e-07
FE2abc_REV_g.2936.peg.705-MONOMER,0.0,-2.400998501150163e-07
FE2abc_FWD_g.2936.peg.705-MONOMER,4.11767828490258e-12,2.275403532709073e-40
FE3abc_REV_CPLX_dummy,0.0,-1.9441715871611355e-07
FE3abc_FWD_CPLX_dummy,0.0,-1.4291027604456323e-40
FERO_REV_g.2936.peg.1344-MONOMER,0.0,1.1684900031378493e-07
FERO_FWD_g.2936.peg.1344-MONOMER,0.0,-2.741477060799924e-07
FK_REV_g.2936.peg.1090-MONOMER_mod_mg2(1),0.0,-2.240678718175139e-07
FK_FWD_g.2936.peg.1090-MONOMER_mod_mg2(1),0.0,-1.1886807724634472e-40
FLVRx_REV_g.2936.peg.1199-MONOMER,0.0,-2.181535842540431e-07
FLVRx_FWD_g.2936.peg.1199-MONOMER,0.0,1.815955261520048e-40
FMNAT_REV_679192.3.peg.1080-MONOMER,0.0,-1.8906433721788867e-07
FMNAT_FWD_679192.3.peg.1080-MONOMER,0.00018060285350317013,1.0972340981915755e-40
FOLR3_REV_CPLX_dummy,0.0005418084841854731,2.4354814814668763e-40
FOLR3_FWD_CPLX_dummy,0.0,-1.9441715871611355e-07
FOLt_REV_CPLX_dummy,0.0,-1.9441715871611355e-07
FOLt_FWD_CPLX_dummy,0.0005418084841854731,-1.3234649604460017e-41
FORt2r_REV_CPLX_dummy,1.7084470689236047,1.3234649604460017e-41
FORt2r_FWD_CPLX_dummy,0.0,-1.9441715871611355e-07
FRD2_REV_g.2936.peg.1059-MONOMER,0.0,-2.2114308540523097e-07
FRD2_FWD_g.2936.peg.1059-MONOMER,0.0,-6.620795499696922e-10
FRD2_REV_g.2936.peg.1035-MONOMER,0.0,-2.2336059567512681e-07
FRD2_FWD_g.2936.peg.1035-MONOMER,0.0,-2.8795898198655393e-09
FRD2_REV_g.2936.peg.64-MONOMER,0.0,-2.261138155680769e-07
FRD2_FWD_g.2936.peg.64-MONOMER,0.0,-5.632809712815638e-09
FRD2_REV_g.2936.peg.489-MONOMER,0.0,-2.2048100585526128e-07
FRD2_FWD_g.2936.peg.489-MONOMER,0.0,-2.0914049511997705e-41
FRD2_REV_g.2936.peg.842-MONOMER,0.0,-2.3151129457773745e-07
FRD2_FWD_g.2936.peg.842-MONOMER,0.0,-1.1030288722476163e-08
FRD3_REV_g.2936.peg.1059-MONOMER,0.0,-2.2114308540523097e-07
FRD3_FWD_g.2936.peg.1059-MONOMER,0.0,-6.620795499696922e-10
FRD3_REV_g.2936.peg.1035-MONOMER,0.0,-2.2336059567512681e-07
FRD3_FWD_g.2936.peg.1035-MONOMER,0.0,-2.8795898198655393e-09
FRD3_REV_g.2936.peg.64-MONOMER,0.0,-2.261138155680769e-07
FRD3_FWD_g.2936.peg.64-MONOMER,0.0,-5.632809712815638e-09
FRD3_REV_g.2936.peg.489-MONOMER,0.0,-2.2048100585526128e-07
FRD3_FWD_g.2936.peg.489-MONOMER,0.0,2.0914049511997705e-41
FRD3_REV_g.2936.peg.842-MONOMER,0.0,-2.3151129457773745e-07
FRD3_FWD_g.2936.peg.842-MONOMER,0.0,-1.1030288722476163e-08
FRD7_REV_CPLX_dummy,0.0,-1.9441715871611355e-07
FRD7_FWD_CPLX_dummy,2.1760766212836267e-23,-1.7500757117532077e-41
FRTT_REV_g.2936.peg.421-MONOMER,0.0,-1.616587542082969e-07
FRTT_FWD_g.2936.peg.421-MONOMER,0.0,4.699008209934437e-40
FRUK_REV_679192.3.peg.965-MONOMER,0.0,-1.4494977318034484e-07
FRUK_FWD_679192.3.peg.965-MONOMER,0.0,-4.394187242142151e-08
FRUP_REV_g.2936.peg.1303-MONOMER,0.0,1.1966648637387178e-06
FRUP_FWD_g.2936.peg.1303-MONOMER,0.0,-1.372725260471542e-06
FRUpts_REV_g.2936.peg.1229-MONOMER,0.0,-2.190341423939031e-07
FRUpts_FWD_g.2936.peg.1229-MONOMER,0.14898579,2.7257792295103285e-41
FT_REV_g.2936.peg.1128-MONOMER_mod_mg2(1),0.0,-2.1004734320856117e-07
FT_FWD_g.2936.peg.1128-MONOMER_mod_mg2(1),0.0,-1.6292287705164756e-40
FTHFCL_REV_g.2936.peg.177-MONOMER,0.0,-1.6385239552894003e-07
FTHFCL_FWD_g.2936.peg.177-MONOMER,0.0,4.968769999001383e-40
FTHFL_REV_g.2936.peg.378-MONOMER,0.0,-2.1744580040045236e-07
FTHFL_FWD_g.2936.peg.378-MONOMER,0.0007605805851601021,-2.385492362938408e-36
FUM_REV_CPLX_dummy,2.1760766212836267e-23,-8.568479511282229e-41
FUM_FWD_CPLX_dummy,0.0,-1.9441715871611355e-07
G16BPSi_REV_g.2936.peg.1029-MONOMER_mod_mg2(1),0.0,-2.6797320956217823e-07
G16BPSi_FWD_g.2936.peg.1029-MONOMER_mod_mg2(1),0.003943968878571767,1.8931551744825942e-41
G1PACT_REV_679192.3.peg.468-MONOMER_mod_mg2(1),0.0,-2.105198788402671e-07
G1PACT_FWD_679192.3.peg.468-MONOMER_mod_mg2(1),0.0,-3.7272004554879914e-08
G1PACT_REV_679192.3.peg.50-MONOMER,0.0,-1.7324787428538717e-07
G1PACT_FWD_679192.3.peg.50-MONOMER,0.0029579766589288253,-3.121853332468604e-37
G1PPT_REV_g.2936.peg.452-MONOMER_mod_mg2(1),0.003943968878571767,1.8646721706653213e-41
G1PPT_FWD_g.2936.peg.452-MONOMER_mod_mg2(1),0.0,-1.931471361565218e-07
G3PAT120_REV_g.2936.peg.536-MONOMER,0.0,-1.6914995825224594e-07
G3PAT120_FWD_g.2936.peg.536-MONOMER,0.0,-1.2153462651583721e-39
G3PAT140_REV_g.2936.peg.536-MONOMER,0.0,-1.6914995825224594e-07
G3PAT140_FWD_g.2936.peg.536-MONOMER,0.0,-6.75876201288945e-40
G3PAT141_REV_g.2936.peg.536-MONOMER,0.0,-1.6914995825224594e-07
G3PAT141_FWD_g.2936.peg.536-MONOMER,0.0,7.292077590950233e-40
G3PAT160_REV_g.2936.peg.536-MONOMER,0.0,-1.6914995825224594e-07
G3PAT160_FWD_g.2936.peg.536-MONOMER,0.0,-6.75876201288945e-40
G3PAT161_REV_g.2936.peg.536-MONOMER,0.0,-1.6914995825224594e-07
G3PAT161_FWD_g.2936.peg.536-MONOMER,0.0,-4.472474255782809e-40
G3PAT180_REV_g.2936.peg.536-MONOMER,0.0,-1.6914995825224594e-07
G3PAT180_FWD_g.2936.peg.536-MONOMER,0.0007813164451300137,-8.479710404719488e-40
G3PAT181_REV_g.2936.peg.536-MONOMER,0.0,-1.6914995825224594e-07
G3PAT181_FWD_g.2936.peg.536-MONOMER,0.0,-4.472474255782809e-40
G3PATAI15_REV_g.2936.peg.536-MONOMER,0.0,-1.6914995825224594e-07
G3PATAI15_FWD_g.2936.peg.536-MONOMER,0.0,5.026969069244559e-40
G3PATAI17_REV_g.2936.peg.536-MONOMER,0.0,-1.6914995825224594e-07
G3PATAI17_FWD_g.2936.peg.536-MONOMER,0.0009456484817371707,-6.617371776505362e-40
G3PATI14_REV_g.2936.peg.536-MONOMER,0.0,-1.6914995825224594e-07
G3PATI14_FWD_g.2936.peg.536-MONOMER,0.0,1.233030149059986e-40
G3PATI15_REV_g.2936.peg.536-MONOMER,0.0,-1.6914995825224594e-07
G3PATI15_FWD_g.2936.peg.536-MONOMER,0.0,1.233030149059986e-40
G3PATI16_REV_g.2936.peg.536-MONOMER,0.0,-1.6914995825224594e-07
G3PATI16_FWD_g.2936.peg.536-MONOMER,0.0,1.233030149059986e-40
G3PATI17_REV_g.2936.peg.536-MONOMER,0.0,-1.6914995825224594e-07
G3PATI17_FWD_g.2936.peg.536-MONOMER,0.0009456484817371707,7.585767646237854e-40
G3PCT_REV_g.2936.peg.1319-MONOMER,0.0,-2.071526165134627e-07
G3PCT_FWD_g.2936.peg.1319-MONOMER,0.011831906635715301,2.5816904582391394e-36
G3PD1_REV_g.2936.peg.926-MONOMER,0.012756057060364926,-2.6636151818672444e-40
G3PD1_FWD_g.2936.peg.926-MONOMER,0.0,-2.2738794953797294e-07
G3PD2_REV_g.2936.peg.926-MONOMER,0.003506424985497261,6.437817338958304e-37
G3PD2_FWD_g.2936.peg.926-MONOMER,0.0,-2.2738794953797294e-07
G5SADs_REV_CPLX_dummy,0.0,-1.9441715871611355e-07
G5SADs_FWD_CPLX_dummy,0.0,2.8561598370940764e-41
G6PDA_REV_g.2936.peg.1001-MONOMER,0.0,-2.2004617492372191e-07
G6PDA_FWD_g.2936.peg.1001-MONOMER,0.0,-5.7834673666962597e-08
G6PI_REV_g.2936.peg.1169-MONOMER,0.0,-1.0240177640226157e-07
G6PI_FWD_g.2936.peg.1169-MONOMER,0.0,-1.0240177640226157e-07
G6PI3_REV_g.2936.peg.1169-MONOMER,0.0,-2.0480355280452314e-07
G6PI3_FWD_g.2936.peg.1169-MONOMER,3.354600356787584e-23,1.8646335753821696e-41
GALTpts_REV_g.2936.peg.1229-MONOMER,0.0,-2.190341423939031e-07
GALTpts_FWD_g.2936.peg.1229-MONOMER,0.0,2.7257792295103285e-41
GALUi_REV_CPLX_dummy,0.0,-1.9441715871611355e-07
GALUi_FWD_CPLX_dummy,0.003943968878571767,1.1741850531130581e-35
GAMpts_REV_g.2936.peg.1229-MONOMER,0.0,-2.190341423939031e-07
GAMpts_FWD_g.2936.peg.1229-MONOMER,0.0029579766589288253,7.904759765579952e-40
GAPD_REV_679192.3.peg.1031-MONOMER,0.0,-2.7214643616897376e-07
GAPD_FWD_679192.3.peg.1031-MONOMER,0.7226714693662,-2.7741617926116514e-36
GCALDt_REV_CPLX_dummy,0.0,0.0
GCALDt_FWD_CPLX_dummy,0.0,-1.9441715871611355e-07
GF6PTA_REV_CPLX_dummy,0.0,1.7831432998643643e-07
GF6PTA_FWD_CPLX_dummy,0.0,-3.7273148870255e-07
GGTT_REV_g.2936.peg.421-MONOMER,0.0,-1.616587542082969e-07
GGTT_FWD_g.2936.peg.421-MONOMER,0.0,-3.132672139956291e-41
GK1_REV_g.2936.peg.1337-MONOMER_mod_mg2(1),0.0,-1.9801979798942575e-07
GK1_FWD_g.2936.peg.1337-MONOMER_mod_mg2(1),0.006772663633912155,-3.873656039886028e-36
GK2_REV_g.2936.peg.1337-MONOMER_mod_mg2(1),0.0,-1.0081121863136897e-07
GK2_FWD_g.2936.peg.1337-MONOMER_mod_mg2(1),0.0,-9.720857935805678e-08
GLCP_REV_g.2936.peg.1133-MONOMER,0.0,-2.3673086047536699e-07
GLCP_FWD_g.2936.peg.1133-MONOMER,8.308697115835211e-23,6.190600501214218e-36
GLCP_REV_g.2936.peg.448-MONOMER_mod_pydx5p(1),0.0,-2.612919810477404e-07
GLCP_FWD_g.2936.peg.448-MONOMER_mod_pydx5p(1),0.0,-2.4561120572373395e-08
GLCS1_REV_g.2936.peg.91-MONOMER,0.0,1.4231538875897743e-07
GLCS1_FWD_g.2936.peg.91-MONOMER,0.0,-3.5741170662511266e-07
GLCabc_REV_g.2936.peg.1063-MONOMER,0.0,1.0054824214560851e-06
GLCabc_FWD_g.2936.peg.1063-MONOMER,0.0,-1.204937139374665e-06
GLCabc_REV_g.2936.peg.1058-MONOMER,0.0,1.0133193181069302e-06
GLCabc_FWD_g.2936.peg.1058-MONOMER,0.0,-1.19710024272382e-06
GLCpts_REV_CPLX_GLCpts-0,0.0,-1.9531068764236432e-07
GLCpts_FWD_CPLX_GLCpts-0,0.0,-3.7260758243988086e-08
GLCpts_REV_g.2936.peg.1370-MONOMER,0.0,-1.5804992939837624e-07
GLCpts_FWD_g.2936.peg.1370-MONOMER,0.14898579,-7.967088692197395e-42
GLCpts_REV_g.2936.peg.1022-MONOMER,0.0,-1.868096915797227e-07
GLCpts_FWD_g.2936.peg.1022-MONOMER,0.0,-2.8759762181346476e-08
GLGC_REV_CPLX_GLGC-0,0.0,-2.3432029973359294e-07
GLGC_FWD_CPLX_GLGC-0,0.0,-2.2089226413023825e-40
GLNt2r_REV_CPLX_dummy,0.0,-1.9441715871611355e-07
GLNt2r_FWD_CPLX_dummy,0.0050387057462814985,1.7007542173401034e-41
GLUDy_REV_679192.3.peg.464-MONOMER,0.004475449979709319,-1.905181416421759e-40
GLUDy_FWD_679192.3.peg.464-MONOMER,0.0,-2.068326356189805e-07
GLUFORT_REV_g.2936.peg.869-MONOMER_mod_mg2(1)_mod_k(1),0.0,5.1807303353069e-41
GLUFORT_FWD_g.2936.peg.869-MONOMER_mod_mg2(1)_mod_k(1),0.0,-1.8931688777826654e-07
GLUN_REV_g.2936.peg.1268-MONOMER,0.0,8.093286137632598e-08
GLUN_FWD_g.2936.peg.1268-MONOMER,0.0,-3.0790145605590114e-07
GLUPRT_REV_CPLX_dummy,0.0,9.902638475670637e-07
GLUPRT_FWD_CPLX_dummy,0.0,-1.184681006283177e-06
GLUTRS_REV_g.2936.peg.760-MONOMER_mod_mg2(1)_mod_zn2(1),0.0,-2.1196806693470698e-07
GLUTRS_FWD_g.2936.peg.760-MONOMER_mod_mg2(1)_mod_zn2(1),0.0,5.460177896714164e-41
GLUt2r_REV_CPLX_dummy,0.0,-1.9441715871611355e-07
GLUt2r_FWD_CPLX_dummy,0.008900698331620216,4.4286180867346314e-41
GLYASN1c_REV_g.2936.peg.472-MONOMER_mod_fe2(2),3.470375590944553e-23,1.694348055725891e-40
GLYASN1c_FWD_g.2936.peg.472-MONOMER_mod_fe2(2),0.0,-1.847082848205204e-07
GLYASNabc_REV_g.2936.peg.1293-MONOMER,0.0,2.317641372636162e-07
GLYASNabc_FWD_g.2936.peg.1293-MONOMER,0.0,-4.289151815397311e-07
GLYASNabc_REV_g.2936.peg.1152-MONOMER,0.0,2.3579339300310998e-07
GLYASNabc_FWD_g.2936.peg.1152-MONOMER,0.0,-4.248859258002373e-07
GLYASNabc_REV_g.2936.peg.1072-MONOMER,0.0,2.1667711990456846e-07
GLYASNabc_FWD_g.2936.peg.1072-MONOMER,0.0,-4.440021988987788e-07
GLYASNabc_REV_g.2936.peg.1304-MONOMER,0.0,2.3614407382321975e-07
GLYASNabc_FWD_g.2936.peg.1304-MONOMER,0.0,-4.245352449801275e-07
GLYASP1c_REV_g.2936.peg.472-MONOMER_mod_fe2(2),3.792120679222297e-23,9.063775651342267e-41
GLYASP1c_FWD_g.2936.peg.472-MONOMER_mod_fe2(2),0.0,-1.847082848205204e-07
GLYASPabc_REV_g.2936.peg.1293-MONOMER,0.0,3.3657078330076127e-07
GLYASPabc_FWD_g.2936.peg.1293-MONOMER,0.0,-5.337218275768762e-07
GLYASPabc_REV_g.2936.peg.1152-MONOMER,0.0,3.406000390402551e-07
GLYASPabc_FWD_g.2936.peg.1152-MONOMER,0.0,-5.296925718373824e-07
GLYASPabc_REV_g.2936.peg.1072-MONOMER,0.0,3.2148376594171354e-07
GLYASPabc_FWD_g.2936.peg.1072-MONOMER,0.0,-5.488088449359239e-07
GLYASPabc_REV_g.2936.peg.1304-MONOMER,0.0,3.4095071986036483e-07
GLYASPabc_FWD_g.2936.peg.1304-MONOMER,0.0,-5.293418910172726e-07
GLYCYSabc_REV_g.2936.peg.1293-MONOMER,0.0,-1.9277110771651133e-07
GLYCYSabc_FWD_g.2936.peg.1293-MONOMER,0.0,-4.379936559603581e-09
GLYCYSabc_REV_g.2936.peg.1152-MONOMER,0.0,-1.8874185197701754e-07
GLYCYSabc_FWD_g.2936.peg.1152-MONOMER,0.0,-3.5068082010978786e-10
GLYCYSabc_REV_g.2936.peg.1072-MONOMER,0.0,-2.0785812507555903e-07
GLYCYSabc_FWD_g.2936.peg.1072-MONOMER,0.0,-1.94669539186513e-08
GLYCYSabc_REV_g.2936.peg.1304-MONOMER,0.0,-1.8839117115690774e-07
GLYCYSabc_FWD_g.2936.peg.1304-MONOMER,0.0,-3.1433173353568033e-40
GLYCt_REV_CPLX_dummy,0.0,-1.9441715871611355e-07
GLYCt_FWD_CPLX_dummy,0.14957177733384752,0.0
GLYGLN1c_REV_g.2936.peg.472-MONOMER_mod_fe2(2),3.470375590944553e-23,0.0
GLYGLN1c_FWD_g.2936.peg.472-MONOMER_mod_fe2(2),0.0,-1.847082848205204e-07
GLYGLNabc_REV_g.2936.peg.1293-MONOMER,0.0,2.317641372636162e-07
GLYGLNabc_FWD_g.2936.peg.1293-MONOMER,0.0,-4.289151815397311e-07
GLYGLNabc_REV_g.2936.peg.1152-MONOMER,0.0,2.3579339300310998e-07
GLYGLNabc_FWD_g.2936.peg.1152-MONOMER,0.0,-4.248859258002373e-07
GLYGLNabc_REV_g.2936.peg.1072-MONOMER,0.0,2.1667711990456846e-07
GLYGLNabc_FWD_g.2936.peg.1072-MONOMER,0.0,-4.440021988987788e-07
GLYGLNabc_REV_g.2936.peg.1304-MONOMER,0.0,2.3614407382321975e-07
GLYGLNabc_FWD_g.2936.peg.1304-MONOMER,0.0,-4.245352449801275e-07
GLYGLU1c_REV_g.2936.peg.472-MONOMER_mod_fe2(2),0.0,-1.105092190953595e-41
GLYGLU1c_FWD_g.2936.peg.472-MONOMER_mod_fe2(2),0.0,-1.847082848205204e-07
GLYGLUabc_REV_g.2936.peg.1293-MONOMER,0.0,2.317641372636162e-07
GLYGLUabc_FWD_g.2936.peg.1293-MONOMER,0.0,-4.289151815397311e-07
GLYGLUabc_REV_g.2936.peg.1152-MONOMER,0.0,2.3579339300310998e-07
GLYGLUabc_FWD_g.2936.peg.1152-MONOMER,0.0,-4.248859258002373e-07
GLYGLUabc_REV_g.2936.peg.1072-MONOMER,0.0,2.1667711990456846e-07
GLYGLUabc_FWD_g.2936.peg.1072-MONOMER,0.0,-4.440021988987788e-07
GLYGLUabc_REV_g.2936.peg.1304-MONOMER,0.0,2.3614407382321975e-07
GLYGLUabc_FWD_g.2936.peg.1304-MONOMER,0.0,-4.245352449801275e-07
GLYLEUHYDROc_REV_g.2936.peg.472-MONOMER_mod_fe2(2),0.0,-1.847082848205204e-07
GLYLEUHYDROc_FWD_g.2936.peg.472-MONOMER_mod_fe2(2),0.0,3.4608090736917575e-41
GLYLEUPEPT1tc_REV_g.2936.peg.1293-MONOMER,0.0,-1.9277110771651133e-07
GLYLEUPEPT1tc_FWD_g.2936.peg.1293-MONOMER,0.0,-4.379936559603581e-09
GLYLEUPEPT1tc_REV_g.2936.peg.1152-MONOMER,0.0,-1.8874185197701754e-07
GLYLEUPEPT1tc_FWD_g.2936.peg.1152-MONOMER,0.0,-3.5068082010978786e-10
GLYLEUPEPT1tc_REV_g.2936.peg.1072-MONOMER,0.0,-2.0785812507555903e-07
GLYLEUPEPT1tc_FWD_g.2936.peg.1072-MONOMER,0.0,-1.94669539186513e-08
GLYLEUPEPT1tc_REV_g.2936.peg.1304-MONOMER,0.0,-1.8839117115690774e-07
GLYLEUPEPT1tc_FWD_g.2936.peg.1304-MONOMER,0.0,-1.4228614688067384e-41
GLYMET1c_REV_g.2936.peg.472-MONOMER_mod_fe2(2),3.470375590944553e-23,-2.7347669839953307e-41
GLYMET1c_FWD_g.2936.peg.472-MONOMER_mod_fe2(2),0.0,-1.847082848205204e-07
GLYMETabc_REV_g.2936.peg.1293-MONOMER,0.0,2.317641372636162e-07
GLYMETabc_FWD_g.2936.peg.1293-MONOMER,0.0,-4.289151815397311e-07
GLYMETabc_REV_g.2936.peg.1152-MONOMER,0.0,2.3579339300310998e-07
GLYMETabc_FWD_g.2936.peg.1152-MONOMER,0.0,-4.248859258002373e-07
GLYMETabc_REV_g.2936.peg.1072-MONOMER,0.0,2.1667711990456846e-07
GLYMETabc_FWD_g.2936.peg.1072-MONOMER,0.0,-4.440021988987788e-07
GLYMETabc_REV_g.2936.peg.1304-MONOMER,0.0,2.3614407382321975e-07
GLYMETabc_FWD_g.2936.peg.1304-MONOMER,0.0,-4.245352449801275e-07
GLYPHEHYc_REV_g.2936.peg.472-MONOMER_mod_fe2(2),3.470375590944553e-23,-1.1339473117299339e-41
GLYPHEHYc_FWD_g.2936.peg.472-MONOMER_mod_fe2(2),0.0,-1.847082848205204e-07
GLYPHEabc_REV_g.2936.peg.1293-MONOMER,0.0,2.317641372636162e-07
GLYPHEabc_FWD_g.2936.peg.1293-MONOMER,0.0,-4.289151815397311e-07
GLYPHEabc_REV_g.2936.peg.1152-MONOMER,0.0,2.3579339300310998e-07
GLYPHEabc_FWD_g.2936.peg.1152-MONOMER,0.0,-4.248859258002373e-07
GLYPHEabc_REV_g.2936.peg.1072-MONOMER,0.0,2.1667711990456846e-07
GLYPHEabc_FWD_g.2936.peg.1072-MONOMER,0.0,-4.440021988987788e-07
GLYPHEabc_REV_g.2936.peg.1304-MONOMER,0.0,2.3614407382321975e-07
GLYPHEabc_FWD_g.2936.peg.1304-MONOMER,0.0,-4.245352449801275e-07
GLYPROPRO1c_REV_g.2936.peg.472-MONOMER_mod_fe2(2),3.470375590944553e-23,6.785888587641487e-41
GLYPROPRO1c_FWD_g.2936.peg.472-MONOMER_mod_fe2(2),0.0,-1.847082848205204e-07
GLYPROabc_REV_g.2936.peg.1293-MONOMER,0.0,2.317641372636162e-07
GLYPROabc_FWD_g.2936.peg.1293-MONOMER,0.0,-4.289151815397311e-07
GLYPROabc_REV_g.2936.peg.1152-MONOMER,0.0,2.3579339300310998e-07
GLYPROabc_FWD_g.2936.peg.1152-MONOMER,0.0,-4.248859258002373e-07
GLYPROabc_REV_g.2936.peg.1072-MONOMER,0.0,2.1667711990456846e-07
GLYPROabc_FWD_g.2936.peg.1072-MONOMER,0.0,-4.440021988987788e-07
GLYPROabc_REV_g.2936.peg.1304-MONOMER,0.0,2.3614407382321975e-07
GLYPROabc_FWD_g.2936.peg.1304-MONOMER,0.0,-4.245352449801275e-07
GLYTYR1c_REV_g.2936.peg.472-MONOMER_mod_fe2(2),3.470375590944553e-23,0.0
GLYTYR1c_FWD_g.2936.peg.472-MONOMER_mod_fe2(2),0.0,-1.847082848205204e-07
GLYTYRabc_REV_g.2936.peg.1293-MONOMER,0.0,2.317641372636162e-07
GLYTYRabc_FWD_g.2936.peg.1293-MONOMER,0.0,-4.289151815397311e-07
GLYTYRabc_REV_g.2936.peg.1152-MONOMER,0.0,2.3579339300310998e-07
GLYTYRabc_FWD_g.2936.peg.1152-MONOMER,0.0,-4.248859258002373e-07
GLYTYRabc_REV_g.2936.peg.1072-MONOMER,0.0,2.1667711990456846e-07
GLYTYRabc_FWD_g.2936.peg.1072-MONOMER,0.0,-4.440021988987788e-07
GLYTYRabc_REV_g.2936.peg.1304-MONOMER,0.0,2.3614407382321975e-07
GLYTYRabc_FWD_g.2936.peg.1304-MONOMER,0.0,-4.245352449801275e-07
GLYt2r_REV_CPLX_dummy,0.0,-1.9441715871611355e-07
GLYt2r_FWD_CPLX_dummy,0.007649254552253189,-4.914886369875841e-41
GMPR_REV_g.2936.peg.603-MONOMER,0.0,-2.710207524763509e-07
GMPR_FWD_g.2936.peg.603-MONOMER,1.6502051955927127e-23,-3.4306110865384304e-36
GMPS2_REV_679192.3.peg.1143-MONOMER_mod_mg2(1),0.0,1.0060816244497131e-06
GMPS2_FWD_679192.3.peg.1143-MONOMER_mod_mg2(1),0.0,-1.261150248808145e-06
GNNUC_REV_g.2936.peg.920-MONOMER,0.0,7.340907051315066e-07
GNNUC_FWD_g.2936.peg.920-MONOMER,0.0,-9.226129964963026e-07
GNNUC_REV_g.2936.peg.642-MONOMER,0.0,7.338824545562892e-07
GNNUC_FWD_g.2936.peg.642-MONOMER,0.0,-9.228212470715202e-07
GPDDA1_REV_g.2936.peg.626-MONOMER,0.0,-2.218490496921152e-07
GPDDA1_FWD_g.2936.peg.626-MONOMER,0.0,-4.76141259507265e-41
GPDDA2_REV_g.2936.peg.626-MONOMER,0.0,-2.218490496921152e-07
GPDDA2_FWD_g.2936.peg.626-MONOMER,0.0,-4.76141259507265e-41
GPDDA4_REV_g.2936.peg.626-MONOMER,0.0,-2.218490496921152e-07
GPDDA4_FWD_g.2936.peg.626-MONOMER,0.0,-4.76141259507265e-41
GRTT_REV_g.2936.peg.703-MONOMER_mod_mn2(1),0.0,-1.8391314409304372e-07
GRTT_FWD_g.2936.peg.703-MONOMER_mod_mn2(1),4.1083009151789243e-05,-1.098370860061445e-39
GRTT_REV_g.2936.peg.703-MONOMER_mod_mg2(1),0.0,-1.8393188200332352e-07
GRTT_FWD_g.2936.peg.703-MONOMER_mod_mg2(1),0.0,-1.8737910279819265e-11
GTHOXti3_REV_CPLX_dummy,0.0,-1.9441715871611355e-07
GTHOXti3_FWD_CPLX_dummy,9.030141403091219e-05,0.0
GTHRD_REV_CPLX_dummy,9.030141403091219e-05,-1.0540453468484616e-40
GTHRD_FWD_CPLX_dummy,0.0,-1.9441715871611355e-07
GTPDPK_REV_g.2936.peg.57-MONOMER_mod_mn2(1),0.0,-2.3437456798772692e-07
GTPDPK_FWD_g.2936.peg.57-MONOMER_mod_mn2(1),0.0,6.641263846392045e-36
GUAD_REV_g.2936.peg.475-MONOMER,0.0,-1.9395109318780423e-07
GUAD_FWD_g.2936.peg.475-MONOMER,0.0,-1.3678830167690487e-10
GUAD_REV_g.2936.peg.249-MONOMER,0.0,-1.938143048861273e-07
GUAD_FWD_g.2936.peg.249-MONOMER,0.0,-3.490427938545174e-41
GUAPRT_REV_g.2936.peg.782-MONOMER,0.0,-2.3448374581858386e-07
GUAPRT_FWD_g.2936.peg.782-MONOMER,0.0015646156937499148,3.0996117598424374e-36
GUAt_REV_CPLX_dummy,0.0,-1.9441715871611355e-07
GUAt_FWD_CPLX_dummy,0.0015646156937499148,0.0
GUAt2_REV_CPLX_dummy,0.0,1.6929742189853363e-08
GUAt2_FWD_CPLX_dummy,0.0,-2.113469009059669e-07
H202D_REV_g.2936.peg.898-MONOMER,0.0,-2.0140000578416217e-07
H202D_FWD_g.2936.peg.898-MONOMER,0.0,3.3590534729803365e-40
H2Ot_REV_CPLX_dummy,0.0,-1.9441715871611355e-07
H2Ot_FWD_CPLX_dummy,1.628806026641623,0.0
HACD1_REV_g.2936.peg.441-MONOMER,0.0,-1.904166604442314e-07
HACD1_FWD_g.2936.peg.441-MONOMER,0.0,-6.445780015514635e-37
HACD2_REV_g.2936.peg.441-MONOMER,0.0,-1.904166604442314e-07
HACD2_FWD_g.2936.peg.441-MONOMER,0.0,8.82620842874796e-41
HACD3_REV_g.2936.peg.441-MONOMER,0.0,-1.904166604442314e-07
HACD3_FWD_g.2936.peg.441-MONOMER,0.0,8.82620842874796e-41
HACD4_REV_g.2936.peg.441-MONOMER,0.0,-1.904166604442314e-07
HACD4_FWD_g.2936.peg.441-MONOMER,0.0,8.82620842874796e-41
HACD5_REV_g.2936.peg.441-MONOMER,0.0,-1.904166604442314e-07
HACD5_FWD_g.2936.peg.441-MONOMER,0.0,8.82620842874796e-41
HACD6_REV_g.2936.peg.441-MONOMER,0.0,-1.904166604442314e-07
HACD6_FWD_g.2936.peg.441-MONOMER,0.0,8.82620842874796e-41
HACD7_REV_g.2936.peg.441-MONOMER,0.0,-1.904166604442314e-07
HACD7_FWD_g.2936.peg.441-MONOMER,0.0,8.82620842874796e-41
HACD9_REV_g.2936.peg.441-MONOMER,0.0,8.82620842874796e-41
HACD9_FWD_g.2936.peg.441-MONOMER,0.0,-1.904166604442314e-07
HADPCOADH3_REV_g.2936.peg.441-MONOMER,0.0,3.0779067063651585e-07
HADPCOADH3_FWD_g.2936.peg.441-MONOMER,0.0,-4.982073310807472e-07
HDG3PACT_REV_g.2936.peg.536-MONOMER,0.0,-1.6914995825224594e-07
HDG3PACT_FWD_g.2936.peg.536-MONOMER,0.0,7.585767646237854e-40
HEMEti_REV_CPLX_dummy,0.0,-1.9441715871611355e-07
HEMEti_FWD_CPLX_dummy,0.00018060282806182438,-2.8582055208912646e-41
HEX1_REV_g.2936.peg.1088-MONOMER,0.0,-1.8610587878267924e-07
HEX1_FWD_g.2936.peg.1088-MONOMER,0.06282738650360316,1.0013846021007851e-40
HEX10_REV_g.2936.peg.444-MONOMER,0.0,-1.8853254904308752e-07
HEX10_FWD_g.2936.peg.444-MONOMER,0.0,0.0
HEXTT_REV_g.2936.peg.421-MONOMER,0.0,6.445017485024013e-08
HEXTT_FWD_g.2936.peg.421-MONOMER,0.0,-2.2610892905853703e-07
HEXb_REV_g.2936.peg.1088-MONOMER,0.0,-1.8610587878267924e-07
HEXb_FWD_g.2936.peg.1088-MONOMER,0.0,-4.5517481913672056e-41
HG2abc_REV_g.2936.peg.1157-MONOMER,0.0,-2.3570989732506529e-07
HG2abc_FWD_g.2936.peg.1157-MONOMER,0.0,-4.2368284928768376e-10
HG2abc_REV_g.2936.peg.194-MONOMER,0.0,-2.352862144757776e-07
HG2abc_FWD_g.2936.peg.194-MONOMER,0.0,1.2179851222826768e-40
HIBD_REV_g.2936.peg.441-MONOMER,0.0,3.0779067063651585e-07
HIBD_FWD_g.2936.peg.441-MONOMER,0.0,-4.982073310807472e-07
HISt2r_REV_CPLX_dummy,0.0,-1.9441715871611355e-07
HISt2r_FWD_CPLX_dummy,0.002629161888541441,2.0458118291873415e-41
HXPRT_REV_g.2936.peg.782-MONOMER,0.0,-2.3448374581858386e-07
HXPRT_FWD_g.2936.peg.782-MONOMER,-1.6502051955927127e-23,-1.4808648867669847e-41
HYXNti_REV_g.2936.peg.474-MONOMER,0.0,1.8137292658931456e-07
HYXNti_FWD_g.2936.peg.474-MONOMER,0.0,-3.874638070313043e-07
IHDUDPG_REV_CPLX_dummy,0.0,-1.9441715871611355e-07
IHDUDPG_FWD_CPLX_dummy,0.00016433203660715697,-2.1552827810753313e-39
IHDUDPMG_REV_CPLX_dummy,0.0,-1.9441715871611355e-07
IHDUDPMG_FWD_CPLX_dummy,0.00016433203660715697,2.6012033564702273e-39
IHPDCOATA_REV_CPLX_dummy,0.0,-1.9441715871611355e-07
IHPDCOATA_FWD_CPLX_dummy,0.0018912969634743413,-2.0637268754238e-39
ILETA_REV_CPLX_dummy,0.0,-1.9441715871611355e-07
ILETA_FWD_CPLX_dummy,0.0018912969634743413,9.265818944939563e-40
ILEt2r_REV_g.2936.peg.1162-MONOMER,0.0,-2.0439070190763754e-07
ILEt2r_FWD_g.2936.peg.1162-MONOMER,0.010866199708503669,-1.0749732447730911e-41
IMPD_REV_679192.3.peg.1197-MONOMER,0.0,8.9518819662544e-08
IMPD_FWD_679192.3.peg.1197-MONOMER,0.0,-3.8950810843435666e-07
INSH_REV_g.2936.peg.920-MONOMER,0.0,1.009903974866648e-06
INSH_FWD_g.2936.peg.920-MONOMER,0.0,-1.198426266231444e-06
INSH_REV_g.2936.peg.642-MONOMER,0.0,1.0096957242914304e-06
INSH_FWD_g.2936.peg.642-MONOMER,0.0,-1.1986345168066613e-06
INSt_REV_CPLX_dummy,0.0,6.617324802230009e-41
INSt_FWD_CPLX_dummy,0.0,-1.9441715871611355e-07
IPDPS_REV_g.2936.peg.66-MONOMER_mod_nadph(1)_mod_nadh(1)_mod_fad(1)_mod_cobalt2(1),0.0,-2.2129088769390957e-07
IPDPS_FWD_g.2936.peg.66-MONOMER_mod_nadph(1)_mod_nadh(1)_mod_fad(1)_mod_cobalt2(1),0.0,-6.446151446715761e-37
IPDPS2_REV_g.2936.peg.66-MONOMER_mod_nadph(1)_mod_nadh(1)_mod_fad(1)_mod_cobalt2(1),0.0,-2.2129088769390957e-07
IPDPS2_FWD_g.2936.peg.66-MONOMER_mod_nadph(1)_mod_nadh(1)_mod_fad(1)_mod_cobalt2(1),0.0004108300915178924,-4.301324876016042e-40
IVCOATA_REV_CPLX_dummy,0.0,-1.9441715871611355e-07
IVCOATA_FWD_CPLX_dummy,0.0018912969634743413,1.6782909079953742e-40
KDOCT2_REV_g.2936.peg.1274-MONOMER_mod_mg2(1)_mod_k(1),0.0,-1.8129834310097134e-07
KDOCT2_FWD_g.2936.peg.1274-MONOMER_mod_mg2(1)_mod_k(1),0.0,3.0557458609087165e-41
Kt3r_REV_g.2936.peg.410-MONOMER,0.0,-1.621049585121901e-08
Kt3r_FWD_g.2936.peg.410-MONOMER,0.0,-1.8950534768556604e-07
Kt3r_REV_g.2936.peg.358-MONOMER,8.85882749909054e-09,0.0
Kt3r_FWD_g.2936.peg.358-MONOMER,0.0,-1.7329485183434702e-07
L2A6ODs_REV_CPLX_dummy,0.0,-1.9441715871611355e-07
L2A6ODs_FWD_CPLX_dummy,0.0,-1.2376692627407665e-40
LACLi_REV_g.2936.peg.53-MONOMER,0.0,-1.7141179930791287e-07
LACLi_FWD_g.2936.peg.53-MONOMER,0.27676979924643413,0.0
LACZ_REV_g.2936.peg.104-MONOMER,0.0,-2.143611144367887e-07
LACZ_FWD_g.2936.peg.104-MONOMER,0.0,-1.6345476924070073e-41
LARGNAT_REV_679192.3.peg.299-MONOMER,0.0,-1.9770476642712198e-07
LARGNAT_FWD_679192.3.peg.299-MONOMER,0.0,-3.2610148335404587e-09
LARGNAT_REV_679192.3.peg.777-MONOMER,0.0,-1.944437515935815e-07
LARGNAT_FWD_679192.3.peg.777-MONOMER,0.0,-9.970555532746276e-40
LCADi_REV_g.2936.peg.1250-MONOMER_mod_mg2(1),0.0,-2.988327417649575e-07
LCADi_FWD_g.2936.peg.1250-MONOMER_mod_mg2(1),0.0,1.9768967833853294e-40
LDH_L_REV_g.2936.peg.228-MONOMER,0.27676979924643413,-2.3852542113516546e-40
LDH_L_FWD_g.2936.peg.228-MONOMER,0.0,-2.253818062566141e-07
LEUt2r_REV_g.2936.peg.1162-MONOMER,0.0,-2.0439070190763754e-07
LEUt2r_FWD_g.2936.peg.1162-MONOMER,0.013120150539065695,1.170620054227194e-41
LLEUDr_REV_CPLX_dummy,0.0,-1.9441715871611355e-07
LLEUDr_FWD_CPLX_dummy,0.0018912969634743413,8.380041761113941e-40
LPLIPAL1A120_REV_g.2936.peg.519-MONOMER,0.0,-1.8604954717830247e-07
LPLIPAL1A120_FWD_g.2936.peg.519-MONOMER,0.0,-2.0916723799161736e-40
LPLIPAL1A140_REV_g.2936.peg.519-MONOMER,0.0,9.279977834032167e-07
LPLIPAL1A140_FWD_g.2936.peg.519-MONOMER,0.0,-1.1140473305815192e-06
LPLIPAL1A141_REV_g.2936.peg.519-MONOMER,0.0,-1.8604954717830247e-07
LPLIPAL1A141_FWD_g.2936.peg.519-MONOMER,0.0,5.079775779796422e-40
LPLIPAL1A160_REV_g.2936.peg.519-MONOMER,0.0,1.0252063627612736e-06
LPLIPAL1A160_FWD_g.2936.peg.519-MONOMER,0.0,-1.211255909939576e-06
LPLIPAL1A161_REV_g.2936.peg.519-MONOMER,0.0,-1.8604954717830247e-07
LPLIPAL1A161_FWD_g.2936.peg.519-MONOMER,0.0,5.079775779796422e-40
LPLIPAL1A180_REV_g.2936.peg.519-MONOMER,0.0,1.131960650618119e-06
LPLIPAL1A180_FWD_g.2936.peg.519-MONOMER,0.0,-1.3180101977964214e-06
LPLIPAL1A181_REV_g.2936.peg.519-MONOMER,0.0,-1.8604954717830247e-07
LPLIPAL1A181_FWD_g.2936.peg.519-MONOMER,0.0,5.079775779796422e-40
LPLIPAL1E120_REV_g.2936.peg.519-MONOMER,0.0,-1.8604954717830247e-07
LPLIPAL1E120_FWD_g.2936.peg.519-MONOMER,0.0,2.988103399880248e-41
LPLIPAL1E140_REV_g.2936.peg.519-MONOMER,0.0,-1.8604954717830247e-07
LPLIPAL1E140_FWD_g.2936.peg.519-MONOMER,0.0,-1.2948448066147742e-40
LPLIPAL1E141_REV_g.2936.peg.519-MONOMER,0.0,-1.8604954717830247e-07
LPLIPAL1E141_FWD_g.2936.peg.519-MONOMER,0.0,-1.2948448066147742e-40
LPLIPAL1E160_REV_g.2936.peg.519-MONOMER,0.0,-1.8604954717830247e-07
LPLIPAL1E160_FWD_g.2936.peg.519-MONOMER,0.0,-1.9920689332534987e-41
LPLIPAL1E161_REV_g.2936.peg.519-MONOMER,0.0,-1.8604954717830247e-07
LPLIPAL1E161_FWD_g.2936.peg.519-MONOMER,0.0,-7.669465393025971e-40
LPLIPAL1E180_REV_g.2936.peg.519-MONOMER,0.0,-1.8604954717830247e-07
LPLIPAL1E180_FWD_g.2936.peg.519-MONOMER,0.0,-4.980172333133747e-41
LPLIPAL1E181_REV_g.2936.peg.519-MONOMER,0.0,-1.8604954717830247e-07
LPLIPAL1E181_FWD_g.2936.peg.519-MONOMER,0.0,-7.669465393025971e-40
LPLIPAL1G120_REV_g.2936.peg.519-MONOMER,0.0,-1.8604954717830247e-07
LPLIPAL1G120_FWD_g.2936.peg.519-MONOMER,0.0,2.988103399880248e-41
LPLIPAL1G140_REV_g.2936.peg.519-MONOMER,0.0,-1.8604954717830247e-07
LPLIPAL1G140_FWD_g.2936.peg.519-MONOMER,0.0,2.988103399880248e-41
LPLIPAL1G141_REV_g.2936.peg.519-MONOMER,0.0,-1.8604954717830247e-07
LPLIPAL1G141_FWD_g.2936.peg.519-MONOMER,0.0,-1.2948448066147742e-40
LPLIPAL1G160_REV_g.2936.peg.519-MONOMER,0.0,-1.8604954717830247e-07
LPLIPAL1G160_FWD_g.2936.peg.519-MONOMER,0.0,-1.9920689332534987e-41
LPLIPAL1G161_REV_g.2936.peg.519-MONOMER,0.0,-1.8604954717830247e-07
LPLIPAL1G161_FWD_g.2936.peg.519-MONOMER,0.0,-1.2948448066147742e-40
LPLIPAL1G180_REV_g.2936.peg.519-MONOMER,0.0,-1.8604954717830247e-07
LPLIPAL1G180_FWD_g.2936.peg.519-MONOMER,0.0,-1.2948448066147742e-40
LPLIPAL1G181_REV_g.2936.peg.519-MONOMER,0.0,-1.8604954717830247e-07
LPLIPAL1G181_FWD_g.2936.peg.519-MONOMER,0.0,-1.2948448066147742e-40
LPLIPAL2A120_REV_g.2936.peg.519-MONOMER,0.0,-1.8604954717830247e-07
LPLIPAL2A120_FWD_g.2936.peg.519-MONOMER,0.0,-8.246993198541708e-41
LPLIPAL2A140_REV_g.2936.peg.519-MONOMER,0.0,-1.8604954717830247e-07
LPLIPAL2A140_FWD_g.2936.peg.519-MONOMER,0.0,1.924298412993065e-40
LPLIPAL2A141_REV_g.2936.peg.519-MONOMER,0.0,-1.8604954717830247e-07
LPLIPAL2A141_FWD_g.2936.peg.519-MONOMER,0.0,6.87249433211809e-40
LPLIPAL2A160_REV_g.2936.peg.519-MONOMER,0.0,-1.8604954717830247e-07
LPLIPAL2A160_FWD_g.2936.peg.519-MONOMER,0.0,-2.748997732847236e-40
LPLIPAL2A161_REV_g.2936.peg.519-MONOMER,0.0,-1.8604954717830247e-07
LPLIPAL2A161_FWD_g.2936.peg.519-MONOMER,0.0,-6.322694785548642e-40
LPLIPAL2A180_REV_g.2936.peg.519-MONOMER,0.0,-1.8604954717830247e-07
LPLIPAL2A180_FWD_g.2936.peg.519-MONOMER,0.0,-1.0995990931388942e-40
LPLIPAL2A181_REV_g.2936.peg.519-MONOMER,0.0,-1.8604954717830247e-07
LPLIPAL2A181_FWD_g.2936.peg.519-MONOMER,0.0,-6.322694785548642e-40
LPLIPAL2E120_REV_g.2936.peg.519-MONOMER,0.0,-1.8604954717830247e-07
LPLIPAL2E120_FWD_g.2936.peg.519-MONOMER,0.0,2.988103399880248e-41
LPLIPAL2E140_REV_g.2936.peg.519-MONOMER,0.0,-1.8604954717830247e-07
LPLIPAL2E140_FWD_g.2936.peg.519-MONOMER,0.0,-1.2948448066147742e-40
LPLIPAL2E141_REV_g.2936.peg.519-MONOMER,0.0,-1.8604954717830247e-07
LPLIPAL2E141_FWD_g.2936.peg.519-MONOMER,0.0,-1.2948448066147742e-40
LPLIPAL2E160_REV_g.2936.peg.519-MONOMER,0.0,-1.8604954717830247e-07
LPLIPAL2E160_FWD_g.2936.peg.519-MONOMER,0.0,-1.9920689332534987e-41
LPLIPAL2E161_REV_g.2936.peg.519-MONOMER,0.0,-1.8604954717830247e-07
LPLIPAL2E161_FWD_g.2936.peg.519-MONOMER,0.0,-7.669465393025971e-40
LPLIPAL2E180_REV_g.2936.peg.519-MONOMER,0.0,-1.8604954717830247e-07
LPLIPAL2E180_FWD_g.2936.peg.519-MONOMER,0.0,-4.980172333133747e-41
LPLIPAL2E181_REV_g.2936.peg.519-MONOMER,0.0,-1.8604954717830247e-07
LPLIPAL2E181_FWD_g.2936.peg.519-MONOMER,0.0,-7.669465393025971e-40
LPLIPAL2G120_REV_g.2936.peg.519-MONOMER,0.0,-1.8604954717830247e-07
LPLIPAL2G120_FWD_g.2936.peg.519-MONOMER,0.0,2.988103399880248e-41
LPLIPAL2G140_REV_g.2936.peg.519-MONOMER,0.0,-1.8604954717830247e-07
LPLIPAL2G140_FWD_g.2936.peg.519-MONOMER,0.0,2.988103399880248e-41
LPLIPAL2G141_REV_g.2936.peg.519-MONOMER,0.0,-1.8604954717830247e-07
LPLIPAL2G141_FWD_g.2936.peg.519-MONOMER,0.0,-1.2948448066147742e-40
LPLIPAL2G160_REV_g.2936.peg.519-MONOMER,0.0,-1.8604954717830247e-07
LPLIPAL2G160_FWD_g.2936.peg.519-MONOMER,0.0,-1.9920689332534987e-41
LPLIPAL2G161_REV_g.2936.peg.519-MONOMER,0.0,-1.8604954717830247e-07
LPLIPAL2G161_FWD_g.2936.peg.519-MONOMER,0.0,-1.2948448066147742e-40
LPLIPAL2G180_REV_g.2936.peg.519-MONOMER,0.0,-1.8604954717830247e-07
LPLIPAL2G180_FWD_g.2936.peg.519-MONOMER,0.0,-1.2948448066147742e-40
LPLIPAL2G181_REV_g.2936.peg.519-MONOMER,0.0,-1.8604954717830247e-07
LPLIPAL2G181_FWD_g.2936.peg.519-MONOMER,0.0,-1.2948448066147742e-40
LYSt2r_REV_CPLX_dummy,0.0,-1.9441715871611355e-07
LYSt2r_FWD_CPLX_dummy,0.00999320157834011,-2.3363798953636824e-35
L_LACD2_REV_g.2936.peg.228-MONOMER,0.0,-2.253818062566141e-07
L_LACD2_FWD_g.2936.peg.228-MONOMER,2.1760766212836267e-23,0.0
L_LACD3_REV_g.2936.peg.228-MONOMER,0.0,-2.1234988268704022e-07
L_LACD3_FWD_g.2936.peg.228-MONOMER,0.0,-1.3031923569573864e-08
L_LACDr_REV_g.2936.peg.228-MONOMER,0.0,0.0
L_LACDr_FWD_g.2936.peg.228-MONOMER,0.0,-2.253818062566141e-07
L_LACt2r_REV_CPLX_dummy,0.0,-2.6469299208920035e-41
L_LACt2r_FWD_CPLX_dummy,0.0,-1.9441715871611355e-07
MALACPS_REV_CPLX_dummy,0.0,-1.9441715871611355e-07
MALACPS_FWD_CPLX_dummy,0.0028369454452115118,-1.1148014384872403e-39
MALT6PH_REV_CPLX_dummy,0.0,-1.9441715871611355e-07
MALT6PH_FWD_CPLX_dummy,0.06677135538217492,-2.8561598370940764e-41
MALTabc_REV_g.2936.peg.1063-MONOMER,0.0,9.08342968319599e-07
MALTabc_FWD_g.2936.peg.1063-MONOMER,0.0,-1.1077976862381788e-06
MALTabc_REV_g.2936.peg.1058-MONOMER,0.0,9.161798649704441e-07
MALTabc_FWD_g.2936.peg.1058-MONOMER,0.0,-1.0999607895873337e-06
MALTpts_REV_CPLX_MALTpts-0,0.0,-2.584413748592283e-07
MALTpts_FWD_CPLX_MALTpts-0,0.06677135538217492,-4.2503250720001613e-41
MANpts_REV_g.2936.peg.1229-MONOMER,0.0,-2.190341423939031e-07
MANpts_FWD_g.2936.peg.1229-MONOMER,0.0,-8.177337688530985e-41
MCLOR_REV_g.2936.peg.228-MONOMER,0.0,1.3251412285286969e-40
MCLOR_FWD_g.2936.peg.228-MONOMER,0.0,-2.253818062566141e-07
MCOATA_REV_CPLX_dummy,0.0,-1.2697893001479069e-40
MCOATA_FWD_CPLX_dummy,0.0,-1.9441715871611355e-07
MDH_REV_CPLX_dummy,2.1760766212836267e-23,3.444290941998974e-40
MDH_FWD_CPLX_dummy,0.0,-1.9441715871611355e-07
MECDPDH2_REV_g.2936.peg.938-MONOMER_mod_mn2(1),0.0,-1.9518948819501736e-07
MECDPDH2_FWD_g.2936.peg.938-MONOMER_mod_mn2(1),0.00045191310066968165,-2.593226363122986e-36
MECDPS_REV_g.2936.peg.884-MONOMER_mod_mn2(1),0.0,-2.0987739154055253e-07
MECDPS_FWD_g.2936.peg.884-MONOMER_mod_mn2(1),0.00045191310066968165,3.4026529056576056e-40
MEPCT_REV_CPLX_dummy,0.0,-1.9441715871611355e-07
MEPCT_FWD_CPLX_dummy,0.00045191310066968165,7.432009589914935e-41
METALA1c_REV_g.2936.peg.472-MONOMER_mod_fe2(2),0.0,-2.7347669839953307e-41
METALA1c_FWD_g.2936.peg.472-MONOMER_mod_fe2(2),0.0,-1.847082848205204e-07
METALAabc_REV_g.2936.peg.1293-MONOMER,0.0,2.317641372636162e-07
METALAabc_FWD_g.2936.peg.1293-MONOMER,0.0,-4.289151815397311e-07
METALAabc_REV_g.2936.peg.1152-MONOMER,0.0,2.3579339300310998e-07
METALAabc_FWD_g.2936.peg.1152-MONOMER,0.0,-4.248859258002373e-07
METALAabc_REV_g.2936.peg.1072-MONOMER,0.0,2.1667711990456846e-07
METALAabc_FWD_g.2936.peg.1072-MONOMER,0.0,-4.440021988987788e-07
METALAabc_REV_g.2936.peg.1304-MONOMER,0.0,2.3614407382321975e-07
METALAabc_FWD_g.2936.peg.1304-MONOMER,0.0,-4.245352449801275e-07
METAT_REV_g.2936.peg.1318-MONOMER_mod_cs(4)_mod_ni2(1),0.0,-2.7796456799770574e-07
METAT_FWD_g.2936.peg.1318-MONOMER_mod_cs(4)_mod_ni2(1),0.0,-2.822143362993767e-11
METAT_REV_g.2936.peg.1318-MONOMER_mod_tl(4)_mod_zn2(1),0.0,-2.779363538639735e-07
METAT_FWD_g.2936.peg.1318-MONOMER_mod_tl(4)_mod_zn2(1),0.0,-7.299897730358101e-15
METAT_REV_g.2936.peg.1318-MONOMER_mod_cs(4)_mod_zn2(1),0.0,-2.779645492838745e-07
METAT_FWD_g.2936.peg.1318-MONOMER_mod_cs(4)_mod_zn2(1),0.0,-2.8202719798702357e-11
METAT_REV_g.2936.peg.1318-MONOMER_mod_k(4)_mod_cd2(1),0.0,-2.779363465640758e-07
METAT_FWD_g.2936.peg.1318-MONOMER_mod_k(4)_mod_cd2(1),0.0,3.636938853997663e-31
METAT_REV_g.2936.peg.1318-MONOMER_mod_nh4(4)_mod_ca2(1),0.0,-2.779560566711582e-07
METAT_FWD_g.2936.peg.1318-MONOMER_mod_nh4(4)_mod_ca2(1),0.0,-1.9710107082455127e-11
METAT_REV_g.2936.peg.1318-MONOMER_mod_nh4(4)_mod_cobalt2(1),0.0,-2.779526914821952e-07
METAT_FWD_g.2936.peg.1318-MONOMER_mod_nh4(4)_mod_cobalt2(1),0.0,-1.6344918119422033e-11
METAT_REV_g.2936.peg.1318-MONOMER_mod_nh4(4)_mod_mn2(1),0.0,-2.779534127521453e-07
METAT_FWD_g.2936.peg.1318-MONOMER_mod_nh4(4)_mod_mn2(1),0.0,-1.7066188069531573e-11
METAT_REV_g.2936.peg.1318-MONOMER_mod_na1(4)_mod_zn2(1),0.0,-2.7794795367390064e-07
METAT_FWD_g.2936.peg.1318-MONOMER_mod_na1(4)_mod_zn2(1),0.0,-1.1607109824861957e-11
METAT_REV_g.2936.peg.1318-MONOMER_mod_k(4)_mod_mg2(1),0.0,-2.7794374805740216e-07
METAT_FWD_g.2936.peg.1318-MONOMER_mod_k(4)_mod_mg2(1),0.0,-7.401493326387497e-12
METAT_REV_g.2936.peg.1318-MONOMER_mod_tl(4)_mod_ca2(1),0.0,-2.7794088727099093e-07
METAT_FWD_g.2936.peg.1318-MONOMER_mod_tl(4)_mod_ca2(1),0.0,-4.5407069151465104e-12
METAT_REV_g.2936.peg.1318-MONOMER_mod_nh4(4)_mod_zn2(1),0.0,-2.7795152481520007e-07
METAT_FWD_g.2936.peg.1318-MONOMER_mod_nh4(4)_mod_zn2(1),0.0,-1.517825112428403e-11
METAT_REV_g.2936.peg.1318-MONOMER_mod_k(4)_mod_ni2(1),0.0,-2.779363465640758e-07
METAT_FWD_g.2936.peg.1318-MONOMER_mod_k(4)_mod_ni2(1),0.0,3.4627996381430683e-41
METAT_REV_g.2936.peg.1318-MONOMER_mod_na1(4)_mod_mg2(1),0.0,-2.77955362214085e-07
METAT_FWD_g.2936.peg.1318-MONOMER_mod_na1(4)_mod_mg2(1),0.0,-1.9015650009190816e-11
METAT_REV_g.2936.peg.1318-MONOMER_mod_na1(4)_mod_ni2(1),0.0,-2.779479613749772e-07
METAT_FWD_g.2936.peg.1318-MONOMER_mod_na1(4)_mod_ni2(1),0.0,-1.1614810901393845e-11
METAT_REV_g.2936.peg.1318-MONOMER_mod_cs(4)_mod_mn2(1),0.0,-2.7796643923435167e-07
METAT_FWD_g.2936.peg.1318-MONOMER_mod_cs(4)_mod_mn2(1),0.0,-3.009267027590174e-11
METAT_REV_g.2936.peg.1318-MONOMER_mod_cs(4)_mod_cobalt2(1),0.0,-2.779657171958011e-07
METAT_FWD_g.2936.peg.1318-MONOMER_mod_cs(4)_mod_cobalt2(1),0.0,-2.937063172534005e-11
METAT_REV_g.2936.peg.1318-MONOMER_mod_na1(4)_mod_ca2(1),0.0,-2.779524841972171e-07
METAT_FWD_g.2936.peg.1318-MONOMER_mod_na1(4)_mod_ca2(1),0.0,-1.61376331413269e-11
METAT_REV_g.2936.peg.1318-MONOMER_mod_cs(4)_mod_cd2(1),0.0,-2.7796453584707394e-07
METAT_FWD_g.2936.peg.1318-MONOMER_mod_cs(4)_mod_cd2(1),0.0,-2.8189282998146616e-11
METAT_REV_g.2936.peg.1318-MONOMER_mod_k(4)_mod_cobalt2(1),0.0,-2.779375117799955e-07
METAT_FWD_g.2936.peg.1318-MONOMER_mod_k(4)_mod_cobalt2(1),0.0,-1.1652159197316053e-12
METAT_REV_g.2936.peg.1318-MONOMER_mod_cs(4)_mod_ca2(1),0.0,-2.7796908599957364e-07
METAT_FWD_g.2936.peg.1318-MONOMER_mod_cs(4)_mod_ca2(1),0.0,-3.2739435497831936e-11
METAT_REV_g.2936.peg.1318-MONOMER_mod_k(4)_mod_mn2(1),0.0,-2.779382321540717e-07
METAT_FWD_g.2936.peg.1318-MONOMER_mod_k(4)_mod_mn2(1),0.0,-1.885589995922284e-12
METAT_REV_g.2936.peg.1318-MONOMER_mod_na1(4)_mod_cd2(1),0.0,-2.7794794814441265e-07
METAT_FWD_g.2936.peg.1318-MONOMER_mod_na1(4)_mod_cd2(1),0.0,-1.1601580336843166e-11
METAT_REV_g.2936.peg.1318-MONOMER_mod_nh4(4)_mod_ni2(1),0.0,-2.779515348858972e-07
METAT_FWD_g.2936.peg.1318-MONOMER_mod_nh4(4)_mod_ni2(1),0.0,-1.5188321821373383e-11
METAT_REV_g.2936.peg.1318-MONOMER_mod_na1(4)_mod_mn2(1),0.0,-2.779498410586925e-07
METAT_FWD_g.2936.peg.1318-MONOMER_mod_na1(4)_mod_mn2(1),0.0,-1.3494494616695841e-11
METAT_REV_g.2936.peg.1318-MONOMER_mod_tl(4)_mod_mg2(1),0.0,-2.7794376710835946e-07
METAT_FWD_g.2936.peg.1318-MONOMER_mod_tl(4)_mod_mg2(1),0.0,-7.42054428366336e-12
METAT_REV_g.2936.peg.1318-MONOMER_mod_k(4)_mod_zn2(1),0.0,-2.779363465640758e-07
METAT_FWD_g.2936.peg.1318-MONOMER_mod_k(4)_mod_zn2(1),0.00019090659688853533,2.116824379130134e-31
METAT_REV_g.2936.peg.1318-MONOMER_mod_nh4(4)_mod_mg2(1),0.0,-2.779589355232858e-07
METAT_FWD_g.2936.peg.1318-MONOMER_mod_nh4(4)_mod_mg2(1),0.0,-2.2588959210038363e-11
METAT_REV_g.2936.peg.1318-MONOMER_mod_tl(4)_mod_cd2(1),0.0,-2.779363465640758e-07
METAT_FWD_g.2936.peg.1318-MONOMER_mod_tl(4)_mod_cd2(1),0.0,-1.4242751349309643e-31
METAT_REV_g.2936.peg.1318-MONOMER_mod_tl(4)_mod_mn2(1),0.0,-2.7793824244686704e-07
METAT_FWD_g.2936.peg.1318-MONOMER_mod_tl(4)_mod_mn2(1),0.0,-1.895882791265086e-12
METAT_REV_g.2936.peg.1318-MONOMER_mod_tl(4)_mod_ni2(1),0.0,-2.7793636403236826e-07
METAT_FWD_g.2936.peg.1318-MONOMER_mod_tl(4)_mod_ni2(1),0.0,-1.746829248551837e-14
METAT_REV_g.2936.peg.1318-MONOMER_mod_cs(4)_mod_mg2(1),0.0,-2.7797196789763584e-07
METAT_FWD_g.2936.peg.1318-MONOMER_mod_cs(4)_mod_mg2(1),0.0,-3.562133356002886e-11
METAT_REV_g.2936.peg.1318-MONOMER_mod_nh4(4)_mod_cd2(1),0.0,-2.7795151758429076e-07
METAT_FWD_g.2936.peg.1318-MONOMER_mod_nh4(4)_mod_cd2(1),0.0,-1.5171020214969564e-11
METAT_REV_g.2936.peg.1318-MONOMER_mod_na1(4)_mod_cobalt2(1),0.0,-2.779491199995097e-07
METAT_FWD_g.2936.peg.1318-MONOMER_mod_na1(4)_mod_cobalt2(1),0.0,-1.2773435433898466e-11
METAT_REV_g.2936.peg.1318-MONOMER_mod_k(4)_mod_ca2(1),0.0,-2.7794087275558865e-07
METAT_FWD_g.2936.peg.1318-MONOMER_mod_k(4)_mod_ca2(1),0.0,-4.526191512846061e-12
METAT_REV_g.2936.peg.1318-MONOMER_mod_tl(4)_mod_cobalt2(1),0.0,-2.77937520930131e-07
METAT_FWD_g.2936.peg.1318-MONOMER_mod_tl(4)_mod_cobalt2(1),0.0,-1.1743660552409613e-12
METDabc_REV_CPLX_METDabc-0,0.0,-2.1168177922658536e-07
METDabc_FWD_CPLX_METDabc-0,0.0,2.2981648322604394e-40
METFR_REV_CPLX_dummy,0.00018060282806182438,-1.0540453468484616e-40
METFR_FWD_CPLX_dummy,0.0,-1.9441715871611355e-07
METSOX1abc_REV_CPLX_METDabc-0,0.0,3.939231261247801e-08
METSOX1abc_FWD_CPLX_METDabc-0,0.0,-2.510740918390634e-07
METSOX2abc_REV_CPLX_METDabc-0,0.0,-2.1168177922658536e-07
METSOX2abc_FWD_CPLX_METDabc-0,0.0,2.2981648322604394e-40
METSOXR1r_REV_g.2936.peg.1078-MONOMER,2.1378903160850773e-23,-2.2985327367496354e-35
METSOXR1r_FWD_g.2936.peg.1078-MONOMER,0.0,-2.27548269051754e-07
METabc_REV_CPLX_METDabc-0,0.0,5.281998131046081e-07
METabc_FWD_CPLX_METDabc-0,0.0,-7.398815923311934e-07
METt2r_REV_CPLX_dummy,0.0,-1.9441715871611355e-07
METt2r_FWD_CPLX_dummy,0.003926652533165857,-1.3514276188855722e-41
MG2abc_REV_CPLX_dummy,0.0,-1.9441715871611355e-07
MG2abc_FWD_CPLX_dummy,0.000117893806358162,-9.461624002798829e-42
MK8t_REV_CPLX_dummy,0.00018060282806182438,0.0
MK8t_FWD_CPLX_dummy,0.0,-1.9441715871611355e-07
MNLpts_REV_g.2936.peg.1229-MONOMER,0.0,-2.190341423939031e-07
MNLpts_FWD_g.2936.peg.1229-MONOMER,0.0,2.7257792295103285e-41
MNabc_REV_CPLX_MNabc-0,0.0,-2.643990594666637e-07
MNabc_FWD_CPLX_MNabc-0,8.76948557553273e-09,-3.957997329334317e-40
MTAN_REV_g.2936.peg.535-MONOMER,0.0,-2.080577869965606e-07
MTAN_FWD_g.2936.peg.535-MONOMER,0.0,-1.5706628482063384e-41
MTHFC_REV_g.2936.peg.1199-MONOMER,0.0,-3.5389192679536755e-10
MTHFC_FWD_g.2936.peg.1199-MONOMER,0.0,-2.1779969232724774e-07
MTHFC_REV_g.2936.peg.378-MONOMER,0.00018060282806182438,2.3893906243833076e-36
MTHFC_FWD_g.2936.peg.378-MONOMER,0.0,-2.1744580040045236e-07
MTHFD_REV_g.2936.peg.1199-MONOMER,0.0,-1.1868212768964778e-08
MTHFD_FWD_g.2936.peg.1199-MONOMER,0.0,-2.0628537148507832e-07
MTHFD2_REV_CPLX_dummy,0.00018060282806182438,2.5832182064992303e-40
MTHFD2_FWD_CPLX_dummy,0.0,-1.9441715871611355e-07
NACASPAH_REV_g.2936.peg.1040-MONOMER,0.0,-1.639601538165374e-07
NACASPAH_FWD_g.2936.peg.1040-MONOMER,0.0,-1.0296465176601541e-40
NACt2r_REV_CPLX_dummy,0.0,-1.9441715871611355e-07
NACt2r_FWD_CPLX_dummy,0.02098321750805249,0.0
NADK_REV_g.2936.peg.942-MONOMER_mod_mg2(1),0.0,-2.8302034078242066e-07
NADK_FWD_g.2936.peg.942-MONOMER_mod_mg2(1),2.544134576428095e-11,6.589655944617765e-41
NADK2_REV_g.2936.peg.942-MONOMER_mod_mg2(1),0.0,-1.8581176142436385e-07
NADK2_FWD_g.2936.peg.942-MONOMER_mod_mg2(1),0.0,-9.720857935805678e-08
NADN_REV_CPLX_dummy,0.0,1.7516555253133175e-06
NADN_FWD_CPLX_dummy,0.0,-1.946072684029431e-06
NADS1_REV_679192.3.peg.661-MONOMER,0.0,1.6341142416991175e-06
NADS1_FWD_679192.3.peg.661-MONOMER,0.0,-1.8610828363786926e-06
NADS2_REV_g.2936.peg.1268-MONOMER,0.0,1.828531400415231e-06
NADS2_FWD_g.2936.peg.1268-MONOMER,0.0,-2.055499995094806e-06
NAPRT_REV_g.2936.peg.1366-MONOMER,0.0,-2.141525642041064e-07
NAPRT_FWD_g.2936.peg.1366-MONOMER,0.0,-1.72878389431706e-40
NAt3_1_REV_g.2936.peg.184-MONOMER,0.0,3.177927840608684e-41
NAt3_1_FWD_g.2936.peg.184-MONOMER,0.0,-1.9963565725996214e-07
NDPK1_REV_CPLX_dummy,0.0,-1.9441715871611355e-07
NDPK1_FWD_CPLX_dummy,0.23690439787257375,-5.43465648283703e-41
NDPK2_REV_CPLX_dummy,0.0,-1.9441715871611355e-07
NDPK2_FWD_CPLX_dummy,0.021835729772742257,3.1165872411496116e-41
NDPK3_REV_CPLX_dummy,0.0,-1.9441715871611355e-07
NDPK3_FWD_CPLX_dummy,0.022779670323702775,1.0388624137165371e-41
NDPK4_REV_CPLX_dummy,0.0,-1.9441715871611355e-07
NDPK4_FWD_CPLX_dummy,0.0013925111732921156,-1.0388624137165371e-41
NDPK5_REV_CPLX_dummy,0.0,-1.9441715871611355e-07
NDPK5_FWD_CPLX_dummy,0.0007986653864750464,1.7660661033181132e-40
NDPK6_REV_CPLX_dummy,0.0,-9.720857935805678e-08
NDPK6_FWD_CPLX_dummy,0.0,-9.720857935805678e-08
NDPK7_REV_CPLX_dummy,0.0,-1.9441715871611355e-07
NDPK7_FWD_CPLX_dummy,0.0007986653864750464,-7.27203689601576e-41
NDPK8_REV_CPLX_dummy,0.0,-1.9441715871611355e-07
NDPK8_FWD_CPLX_dummy,0.0,1.0388624137165371e-41
NDPK9_REV_CPLX_dummy,0.0,-9.720857935805678e-08
NDPK9_FWD_CPLX_dummy,0.0,-9.720857935805678e-08
NH4tb_REV_CPLX_dummy,1.3019155312590376,0.0
NH4tb_FWD_CPLX_dummy,0.0,-1.9441715871611355e-07
NMNAT_REV_g.2936.peg.1019-MONOMER,0.0,-1.7076065674059955e-07
NMNAT_FWD_g.2936.peg.1019-MONOMER,0.00018060287894451591,3.9231637221297036e-40
NMNP_REV_g.2936.peg.795-MONOMER,0.0,-2.026354365582637e-07
NMNP_FWD_g.2936.peg.795-MONOMER,0.021163820386997007,0.0
NMNPH_REV_g.2936.peg.379-MONOMER,0.0,-1.8906433721788867e-07
NMNPH_FWD_g.2936.peg.379-MONOMER,0.02098321750805249,-3.4928195629167803e-40
NNAM_REV_g.2936.peg.1040-MONOMER,0.0,-1.639601538165374e-07
NNAM_FWD_g.2936.peg.1040-MONOMER,0.02098321750805249,-3.8137656162267687e-41
NNATr_REV_679192.3.peg.660-MONOMER,0.0,-1.7076065674059955e-07
NNATr_FWD_679192.3.peg.660-MONOMER,0.0,-3.2273047654192995e-40
NNDMBRT_REV_CPLX_dummy,0.0,-1.9441715871611355e-07
NNDMBRT_FWD_CPLX_dummy,0.0,-2.2296028769744804e-40
NNDPR_REV_g.2936.peg.238-MONOMER,0.0,-1.673367346880932e-07
NNDPR_FWD_g.2936.peg.238-MONOMER,0.0,-5.789666556258999e-40
NP1_r_REV_g.2936.peg.617-MONOMER,0.0,-5.276872625929471e-09
NP1_r_FWD_g.2936.peg.617-MONOMER,0.0,-2.8109014236107074e-07
NP1_r_REV_g.2936.peg.277-MONOMER,0.0,2.327252090614893e-41
NP1_r_FWD_g.2936.peg.277-MONOMER,0.0,-2.758132697351413e-07
NT5C_REV_g.2936.peg.624-MONOMER,0.0,1.3686142168770412e-06
NT5C_FWD_g.2936.peg.624-MONOMER,0.0,-1.5723470046840107e-06
NTD1_REV_g.2936.peg.624-MONOMER,0.0,9.244852769915069e-07
NTD1_FWD_g.2936.peg.624-MONOMER,0.0,-1.1282180647984763e-06
NTD10_REV_g.2936.peg.624-MONOMER,0.0,1.1778695674309416e-06
NTD10_FWD_g.2936.peg.624-MONOMER,0.0,-1.381602355237911e-06
NTD11_REV_g.2936.peg.624-MONOMER,0.0,1.1029665379491387e-06
NTD11_FWD_g.2936.peg.624-MONOMER,0.0,-1.3066993257561083e-06
NTD2_REV_g.2936.peg.624-MONOMER,0.0,9.268143082502648e-07
NTD2_FWD_g.2936.peg.624-MONOMER,0.0,-1.1305470960572342e-06
NTD3_REV_g.2936.peg.624-MONOMER,0.0,9.379383684364965e-07
NTD3_FWD_g.2936.peg.624-MONOMER,0.0,-1.1416711562434658e-06
NTD4_REV_g.2936.peg.624-MONOMER,0.0,9.268143082502648e-07
NTD4_FWD_g.2936.peg.624-MONOMER,0.0,-1.1305470960572342e-06
NTD5_REV_g.2936.peg.624-MONOMER,0.0,9.244852769915069e-07
NTD5_FWD_g.2936.peg.624-MONOMER,0.0,-1.1282180647984763e-06
NTD5_a_REV_g.2936.peg.624-MONOMER,0.0,7.461976204694954e-07
NTD5_a_FWD_g.2936.peg.624-MONOMER,0.0,-9.499304082764649e-07
NTD6_REV_g.2936.peg.624-MONOMER,0.0,7.789307924036732e-07
NTD6_FWD_g.2936.peg.624-MONOMER,0.0,-9.826635802106426e-07
NTD7_REV_g.2936.peg.624-MONOMER,0.0,4.656912459240381e-07
NTD7_FWD_g.2936.peg.624-MONOMER,0.0,-6.694240337310075e-07
NTD8_REV_g.2936.peg.624-MONOMER,0.0,1.7654446110786311e-06
NTD8_FWD_g.2936.peg.624-MONOMER,0.0,-1.9691773988856006e-06
NTD9_REV_g.2936.peg.624-MONOMER,0.0,1.37877980768428e-06
NTD9_FWD_g.2936.peg.624-MONOMER,0.0,-1.5825125954912494e-06
NTPP7_REV_CPLX_dummy,0.0,1.0443562352272336e-06
NTPP7_FWD_CPLX_dummy,0.0,-1.238773393943347e-06
NTRARy_REV_g.2936.peg.603-MONOMER,0.0,-2.710207524763509e-07
NTRARy_FWD_g.2936.peg.603-MONOMER,0.0,2.1585479457240332e-40
O2t_REV_CPLX_dummy,0.0,-4.236968784516249e-41
O2t_FWD_CPLX_dummy,0.0,-1.9441715871611355e-07
OAACLi_REV_g.2936.peg.176-MONOMER,0.0,4.0532268787512175e-08
OAACLi_FWD_g.2936.peg.176-MONOMER,0.0,-1.8050998470859763e-07
OAACLi_REV_g.2936.peg.119-MONOMER,0.0,1.6874996376696227e-08
OAACLi_FWD_g.2936.peg.119-MONOMER,0.0,-2.0416725711941358e-07
OBTFL_REV_g.2936.peg.607-MONOMER_mod_glycyl(1),0.0,-5.844109747883867e-07
OBTFL_FWD_g.2936.peg.607-MONOMER_mod_glycyl(1),2.0514187083794138e-22,-8.096662762828612e-40
OCBT_REV_g.2936.peg.160-MONOMER,0.14601465226149304,-2.2474743862580495e-40
OCBT_FWD_g.2936.peg.160-MONOMER,0.0,-1.9211964902923087e-07
OCDCAt2_REV_CPLX_dummy,0.0,-1.9441715871611355e-07
OCDCAt2_FWD_CPLX_dummy,0.004399578335471539,-1.3234649604460017e-41
OHPHM_REV_g.2936.peg.1042-MONOMER,0.0,-1.708344812502621e-07
OHPHM_FWD_g.2936.peg.1042-MONOMER,0.0,1.694670121573258e-40
OIVD1r_REV_CPLX_dummy,0.0,-1.9441715871611355e-07
OIVD1r_FWD_CPLX_dummy,0.0018912969634743413,-1.6360381974495128e-39
OIVD2_REV_CPLX_dummy,0.0,-1.9441715871611355e-07
OIVD2_FWD_CPLX_dummy,0.0,8.610727354997435e-41
OIVD3_REV_CPLX_dummy,0.0,-1.9441715871611355e-07
OIVD3_FWD_CPLX_dummy,0.0018912969634743413,-4.047041856848794e-39
OMBZLM_REV_CPLX_dummy,0.0,-1.9441715871611355e-07
OMBZLM_FWD_CPLX_dummy,0.0,4.038721631046956e-41
OMMBLHX3_REV_CPLX_dummy,0.0,3.6660673184571333e-06
OMMBLHX3_FWD_CPLX_dummy,0.0,-3.860484477173247e-06
OMPHHX3_REV_CPLX_dummy,0.0,4.528254886195097e-06
OMPHHX3_FWD_CPLX_dummy,0.0,-4.7226720449112104e-06
OPHHX3_REV_CPLX_dummy,0.0,4.5164635474621716e-06
OPHHX3_FWD_CPLX_dummy,0.0,-4.7108807061782845e-06
ORNDC_REV_g.2936.peg.937-MONOMER,0.0,-1.9797851302992984e-07
ORNDC_FWD_g.2936.peg.937-MONOMER,0.00018060282806182438,2.730026504304613e-41
ORNTA_REV_CPLX_dummy,0.0,1.1979332866747063e-06
ORNTA_FWD_CPLX_dummy,0.0,-1.3923504453908199e-06
ORNTAC_REV_679192.3.peg.1170-MONOMER,0.0,-2.118496758952074e-40
ORNTAC_FWD_679192.3.peg.1170-MONOMER,0.0,-2.0647477848830448e-07
P5CD_REV_CPLX_dummy,0.0,-1.9441715871611355e-07
P5CD_FWD_CPLX_dummy,0.0,-4.4286180867346314e-41
PAAI17P_REV_CPLX_dummy,0.0,-1.9441715871611355e-07
PAAI17P_FWD_CPLX_dummy,0.00016433203660715697,1.1147001531475932e-39
PAI17P_REV_CPLX_dummy,0.0,-1.9441715871611355e-07
PAI17P_FWD_CPLX_dummy,0.00016433203660715697,-7.145513802228161e-40
PAPA180_REV_CPLX_dummy,0.0,3.08855606993498e-06
PAPA180_FWD_CPLX_dummy,0.0,-3.282973228651094e-06
PAPPT2_REV_g.2936.peg.616-MONOMER,0.0,-1.9232427125274817e-07
PAPPT2_FWD_g.2936.peg.616-MONOMER,0.0,-2.2836281414208105e-39
PAPPT3_REV_g.2936.peg.616-MONOMER,0.0,-1.9232427125274817e-07
PAPPT3_FWD_g.2936.peg.616-MONOMER,0.0,-7.977869740807766e-39
PBt_REV_g.2936.peg.1157-MONOMER,0.0,-2.3570989732506529e-07
PBt_FWD_g.2936.peg.1157-MONOMER,0.0,-4.2368284928768376e-10
PBt_REV_g.2936.peg.194-MONOMER,0.0,-2.352862144757776e-07
PBt_FWD_g.2936.peg.194-MONOMER,0.0,1.2179851222826768e-40
PEPCK_REV_g.2936.peg.176-MONOMER,0.0,1.3774084814556896e-07
PEPCK_FWD_g.2936.peg.176-MONOMER,0.0,-2.777185640666544e-07
PEPCK_REV_g.2936.peg.119-MONOMER,0.0,1.14083575734753e-07
PEPCK_FWD_g.2936.peg.119-MONOMER,0.0,-3.0137583647747035e-07
PEPGLY_REV_g.2936.peg.139-MONOMER,0.0,-2.4249382071887933e-07
PEPGLY_FWD_g.2936.peg.139-MONOMER,0.0,2.6606249466557978e-39
PEPGLY_REV_g.2936.peg.663-MONOMER,0.0,-2.4421614193545935e-07
PEPGLY_FWD_g.2936.peg.663-MONOMER,0.0,-1.7223212165799797e-09
PETHCT_REV_g.2936.peg.1019-MONOMER,0.0,-1.7076065674059955e-07
PETHCT_FWD_g.2936.peg.1019-MONOMER,0.0,2.4380092675796686e-40
PFK_REV_679192.3.peg.797-MONOMER,0.0,-1.8949267461360866e-07
PFK_FWD_679192.3.peg.797-MONOMER,0.09231691970353625,8.933301687552417e-38
PFK(ppi)_REV_679192.3.peg.687-MONOMER,0.0,-2.1816860978873883e-07
PFK(ppi)_FWD_679192.3.peg.687-MONOMER,0.19294993489608933,-3.0065658533356657e-40
PFK_2_REV_g.2936.peg.1029-MONOMER_mod_mg2(1),0.0,-2.4602054068984605e-07
PFK_2_FWD_g.2936.peg.1029-MONOMER_mod_mg2(1),0.0,-2.1952668872332182e-08
PFK_2_REV_g.2936.peg.1090-MONOMER_mod_mg2(1),0.0,-2.240678718175139e-07
PFK_2_FWD_g.2936.peg.1090-MONOMER_mod_mg2(1),0.0,8.915105793475854e-41
PFK_3_REV_g.2936.peg.1029-MONOMER_mod_mg2(1),0.0,-2.6797320956217823e-07
PFK_3_FWD_g.2936.peg.1029-MONOMER_mod_mg2(1),0.006682322713847503,4.961203391829836e-40
PFL_REV_g.2936.peg.686-MONOMER,0.0,-1.7843232860059866e-07
PFL_FWD_g.2936.peg.686-MONOMER,1.4324378502623305,5.927302087104481e-40
PFL_REV_g.2936.peg.607-MONOMER_mod_glycyl(1),0.0,-3.814216516944927e-07
PFL_FWD_g.2936.peg.607-MONOMER_mod_glycyl(1),0.0,-2.02989323093894e-07
PGAMT_REV_679192.3.peg.523-MONOMER,0.0029579766589288253,-4.5120508050274753e-41
PGAMT_FWD_679192.3.peg.523-MONOMER,0.0,-2.066131136576464e-07
PGCDr_REV_CPLX_dummy,0.0,-1.9441715871611355e-07
PGCDr_FWD_CPLX_dummy,2.0059091872377643e-36,-3.444290941998974e-40
PGI_REV_679192.3.peg.702-MONOMER,0.0,-2.0480355280452314e-07
PGI_FWD_679192.3.peg.702-MONOMER,0.2785845318857781,-2.9628154599531415e-40
PGK_REV_679192.3.peg.216-MONOMER,0.7187275004876282,-9.285611330582877e-41
PGK_FWD_679192.3.peg.216-MONOMER,0.0,-1.990086640860375e-07
PGM_REV_679192.3.peg.286-MONOMER,0.7226714693662,5.405751177593174e-41
PGM_FWD_679192.3.peg.286-MONOMER,0.0,-1.7903767695426285e-07
PGMT_REV_g.2936.peg.106-MONOMER,0.0,-4.9081146860490555e-08
PGMT_FWD_g.2936.peg.106-MONOMER,0.0,-1.2508694971047386e-07
PGMT2_REV_g.2936.peg.106-MONOMER,0.0,-1.741680965709644e-07
PGMT2_FWD_g.2936.peg.106-MONOMER,0.0,1.2586791607796684e-41
PGPGT_REV_CPLX_dummy,0.0,1.3398648413562106e-38
PGPGT_FWD_CPLX_dummy,0.0,-1.9441715871611355e-07
PGPP180_REV_CPLX_dummy,0.0,-1.9441715871611355e-07
PGPP180_FWD_CPLX_dummy,0.0005859873338475102,-7.145513802228161e-40
PGPPAI17_REV_CPLX_dummy,0.0,-1.9441715871611355e-07
PGPPAI17_FWD_CPLX_dummy,0.0005859873338475102,2.029325919832798e-39
PGPPI17_REV_CPLX_dummy,0.0,-1.9441715871611355e-07
PGPPI17_FWD_CPLX_dummy,0.0005859873338475102,3.858577453203207e-39
PGSA120_REV_g.2936.peg.328-MONOMER_mod_mg2(1),0.0,-1.682908738463168e-07
PGSA120_FWD_g.2936.peg.328-MONOMER_mod_mg2(1),0.0,2.988872169555446e-40
PGSA140_REV_g.2936.peg.328-MONOMER_mod_mg2(1),0.0,-1.682908738463168e-07
PGSA140_FWD_g.2936.peg.328-MONOMER_mod_mg2(1),0.0,2.988872169555446e-40
PGSA141_REV_g.2936.peg.328-MONOMER_mod_mg2(1),0.0,-1.682908738463168e-07
PGSA141_FWD_g.2936.peg.328-MONOMER_mod_mg2(1),0.0,-3.6072595149807107e-40
PGSA160_REV_g.2936.peg.328-MONOMER_mod_mg2(1),0.0,-1.682908738463168e-07
PGSA160_FWD_g.2936.peg.328-MONOMER_mod_mg2(1),0.0,2.988872169555446e-40
PGSA161_REV_g.2936.peg.328-MONOMER_mod_mg2(1),0.0,-1.682908738463168e-07
PGSA161_FWD_g.2936.peg.328-MONOMER_mod_mg2(1),0.0,-3.6072595149807107e-40
PGSA180_REV_g.2936.peg.328-MONOMER_mod_mg2(1),0.0,-1.682908738463168e-07
PGSA180_FWD_g.2936.peg.328-MONOMER_mod_mg2(1),0.0005859873338475102,5.153227878543872e-41
PGSA181_REV_g.2936.peg.328-MONOMER_mod_mg2(1),0.0,-1.682908738463168e-07
PGSA181_FWD_g.2936.peg.328-MONOMER_mod_mg2(1),0.0,2.988872169555446e-40
PGSAAI15_REV_g.2936.peg.328-MONOMER_mod_mg2(1),0.0,-1.682908738463168e-07
PGSAAI15_FWD_g.2936.peg.328-MONOMER_mod_mg2(1),0.0,-3.6072595149807107e-40
PGSAAI17_REV_g.2936.peg.328-MONOMER_mod_mg2(1),0.0,-1.682908738463168e-07
PGSAAI17_FWD_g.2936.peg.328-MONOMER_mod_mg2(1),0.0005859873338475102,-6.08080889668177e-40
PGSAI14_REV_g.2936.peg.328-MONOMER_mod_mg2(1),0.0,-1.682908738463168e-07
PGSAI14_FWD_g.2936.peg.328-MONOMER_mod_mg2(1),0.0,-3.6072595149807107e-40
PGSAI15_REV_g.2936.peg.328-MONOMER_mod_mg2(1),0.0,-1.682908738463168e-07
PGSAI15_FWD_g.2936.peg.328-MONOMER_mod_mg2(1),0.0,-3.6072595149807107e-40
PGSAI16_REV_g.2936.peg.328-MONOMER_mod_mg2(1),0.0,-1.682908738463168e-07
PGSAI16_FWD_g.2936.peg.328-MONOMER_mod_mg2(1),0.0,-3.6072595149807107e-40
PGSAI17_REV_g.2936.peg.328-MONOMER_mod_mg2(1),0.0,-1.682908738463168e-07
PGSAI17_FWD_g.2936.peg.328-MONOMER_mod_mg2(1),0.0005859873338475102,7.111454472390544e-40
PHETA1_REV_g.2936.peg.1326-MONOMER_mod_pydx5p(1),0.0,1.0979510408915449e-40
PHETA1_FWD_g.2936.peg.1326-MONOMER_mod_pydx5p(1),0.0,-2.3108226229231822e-07
PHEt2r_REV_CPLX_dummy,0.0,-1.9441715871611355e-07
PHEt2r_FWD_CPLX_dummy,0.005192835412269128,0.0
PHPB2i_REV_g.2936.peg.441-MONOMER,0.0,-1.904166604442314e-07
PHPB2i_FWD_g.2936.peg.441-MONOMER,0.0,-2.0579476962341171e-41
PIabc_REV_CPLX_dummy,0.0,1.7892651957784163e-06
PIabc_FWD_CPLX_dummy,0.0,-1.98368235449453e-06
PIt7ir_REV_g.2936.peg.843-MONOMER,0.0,1.1697183920672227e-06
PIt7ir_FWD_g.2936.peg.843-MONOMER,0.0,-1.38721122589779e-06
PLPS_REV_CPLX_dummy,0.0,-1.9441715871611355e-07
PLPS_FWD_CPLX_dummy,0.00018060282806182438,1.7007542173401034e-41
PMANM_REV_g.2936.peg.162-MONOMER_mod_mg2(1),0.0,0.0
PMANM_FWD_g.2936.peg.162-MONOMER_mod_mg2(1),0.0,-2.185807150791984e-07
PMTCOATA_REV_CPLX_dummy,0.0,1.6782909079953742e-40
PMTCOATA_FWD_CPLX_dummy,0.0,-1.9441715871611355e-07
PNP_REV_g.2936.peg.617-MONOMER,0.0,-2.8109014236107074e-07
PNP_FWD_g.2936.peg.617-MONOMER,0.0,-5.276872625929471e-09
PNP_REV_g.2936.peg.277-MONOMER,0.0,-2.758132697351413e-07
PNP_FWD_g.2936.peg.277-MONOMER,0.02098321750805249,1.6290764634304253e-40
PNTK_REV_679192.3.peg.583-MONOMER,0.0,-1.8155793369889362e-07
PNTK_FWD_679192.3.peg.583-MONOMER,0.00018060282806182438,2.8791565633912105e-39
PNTOabc_REV_CPLX_dummy,0.0,-1.9441715871611355e-07
PNTOabc_FWD_CPLX_dummy,0.00018060282806182438,-2.8582055208912646e-41
POR4_REV_g.2936.peg.779-MONOMER_mod_thmpp(1),0.0,7.554590174167445e-40
POR4_FWD_g.2936.peg.779-MONOMER_mod_thmpp(1),0.0,-2.632259938920333e-07
PPA_REV_g.2936.peg.510-MONOMER,0.0,8.196622476782633e-07
PPA_FWD_g.2936.peg.510-MONOMER,0.0,-1.0368541831104553e-06
PPA_REV_g.2936.peg.935-MONOMER,0.0,8.199744617450234e-07
PPA_FWD_g.2936.peg.935-MONOMER,0.0,-1.0365419690436953e-06
PPAKr_REV_g.2936.peg.292-MONOMER_mod_mg2(1),-2.0514187083794138e-22,1.9078156022651227e-41
PPAKr_FWD_g.2936.peg.292-MONOMER_mod_mg2(1),0.0,-1.9843872962320792e-07
PPAt2_REV_CPLX_dummy,0.0,-1.9441715871611355e-07
PPAt2_FWD_CPLX_dummy,2.0514187083794138e-22,1.3234649604460017e-41
PPCDC_REV_679192.3.peg.582-MONOMER,0.0,-1.3997771592108547e-07
PPCDC_FWD_679192.3.peg.582-MONOMER,0.00018060282806182438,-3.638053307822577e-40
PPCDC_REV_679192.3.peg.581-MONOMER_mod_fmn(1),0.0,-2.4457114076489815e-07
PPCDC_FWD_679192.3.peg.581-MONOMER_mod_fmn(1),0.0,-1.0459342484381269e-07
PPCDC_REV_679192.3.peg.581-MONOMER_mod_mg2(1),0.0,-2.4461056709669523e-07
PPCDC_FWD_679192.3.peg.581-MONOMER_mod_mg2(1),0.0,-1.0463285117560975e-07
PPCKr_REV_679192.3.peg.1183-MONOMER,0.00636674694318366,-8.734804215603615e-40
PPCKr_FWD_679192.3.peg.1183-MONOMER,0.0,-2.210422534961098e-07
PPDK_REV_g.2936.peg.1321-MONOMER,0.0,1.2694870264740468e-07
PPDK_FWD_g.2936.peg.1321-MONOMER,0.0,-3.7143390831752536e-07
PPIACPT_REV_g.2936.peg.741-MONOMER,0.0,-9.047481229887423e-09
PPIACPT_FWD_g.2936.peg.741-MONOMER,0.0,-1.7881027567796516e-07
PPM_REV_g.2936.peg.106-MONOMER,0.0,-1.741680965709644e-07
PPM_FWD_g.2936.peg.106-MONOMER,0.021792186663354248,0.0
PPNCL3_REV_679192.3.peg.582-MONOMER,0.0,-1.3997771592108547e-07
PPNCL3_FWD_679192.3.peg.582-MONOMER,0.00018060282806182438,-9.009731893046536e-41
PPNCL3_REV_679192.3.peg.581-MONOMER_mod_fmn(1),0.0,-2.4457114076489815e-07
PPNCL3_FWD_679192.3.peg.581-MONOMER_mod_fmn(1),0.0,-1.0459342484381269e-07
PPNCL3_REV_679192.3.peg.581-MONOMER_mod_mg2(1),0.0,-2.4461056709669523e-07
PPNCL3_FWD_679192.3.peg.581-MONOMER_mod_mg2(1),0.0,-1.0463285117560975e-07
PPTT_REV_g.2936.peg.421-MONOMER,0.0,-1.616587542082969e-07
PPTT_FWD_g.2936.peg.421-MONOMER,0.0,-4.499785677862749e-40
PREN_REV_CPLX_dummy,0.0,-1.9441715871611355e-07
PREN_FWD_CPLX_dummy,0.0,7.333662301493495e-40
PROt2r_REV_CPLX_dummy,0.0,-1.9441715871611355e-07
PROt2r_FWD_CPLX_dummy,0.003068337108926108,1.0060057009999474e-41
PRPPS_REV_g.2936.peg.399-MONOMER_mod_mg2(1)_mod_pi(1),0.0,-1.9044065987281717e-07
PRPPS_FWD_g.2936.peg.399-MONOMER_mod_mg2(1)_mod_pi(1),0.0,-1.7100268157998467e-11
PRPPS_REV_g.2936.peg.399-MONOMER_mod_mn2(1)_mod_pi(1),0.0,-1.9042355960465915e-07
PRPPS_FWD_g.2936.peg.399-MONOMER_mod_mn2(1)_mod_pi(1),0.0015646156937499148,-3.562796219476262e-41
PSCVT_REV_679192.3.peg.138-MONOMER,0.0,-8.97671251059946e-40
PSCVT_FWD_679192.3.peg.138-MONOMER,0.0,-2.0178168218946797e-07
PSD120_REV_CPLX_dummy,0.0,-1.9441715871611355e-07
PSD120_FWD_CPLX_dummy,0.0,1.8580023974787337e-41
PSD140_REV_CPLX_dummy,0.0,-1.9441715871611355e-07
PSD140_FWD_CPLX_dummy,0.0,1.8580023974787337e-41
PSD160_REV_CPLX_dummy,0.0,-1.9441715871611355e-07
PSD160_FWD_CPLX_dummy,0.0,1.8580023974787337e-41
PSD180_REV_CPLX_dummy,0.0,-1.9441715871611355e-07
PSD180_FWD_CPLX_dummy,0.00019532911128250342,7.432009589914935e-41
PSD181_REV_CPLX_dummy,0.0,-1.9441715871611355e-07
PSD181_FWD_CPLX_dummy,0.0,1.8580023974787337e-41
PSDAI17_REV_CPLX_dummy,0.0,-1.9441715871611355e-07
PSDAI17_FWD_CPLX_dummy,0.00019532911128250342,6.6888086309234415e-40
PSDI17_REV_CPLX_dummy,0.0,-1.9441715871611355e-07
PSDI17_FWD_CPLX_dummy,0.00019532911128250342,6.6888086309234415e-40
PSERT_REV_679192.3.peg.832-MONOMER,0.0,-1.955076810219662e-07
PSERT_FWD_679192.3.peg.832-MONOMER,3.4781414129547465e-36,3.798965113977215e-40
PSP_L_REV_679192.3.peg.594-MONOMER,0.0,8.914247601930076e-07
PSP_L_FWD_679192.3.peg.594-MONOMER,0.0,-1.0706130012333362e-06
PSSA120_REV_CPLX_dummy,0.0,1.1346191706686548e-06
PSSA120_FWD_CPLX_dummy,0.0,-1.3290363293847684e-06
PSSA140_REV_CPLX_dummy,0.0,1.1346191706686548e-06
PSSA140_FWD_CPLX_dummy,0.0,-1.3290363293847684e-06
PSSA160_REV_CPLX_dummy,0.0,1.1346191706686548e-06
PSSA160_FWD_CPLX_dummy,0.0,-1.3290363293847684e-06
PSSA180_REV_CPLX_dummy,0.0,-1.9441715871611355e-07
PSSA180_FWD_CPLX_dummy,0.00019532911128250342,5.489366346618467e-41
PSSA181_REV_CPLX_dummy,0.0,1.1346191706686548e-06
PSSA181_FWD_CPLX_dummy,0.0,-1.3290363293847684e-06
PSSAAI17_REV_CPLX_dummy,0.0,-1.9441715871611355e-07
PSSAAI17_FWD_CPLX_dummy,0.00019532911128250342,-1.1161711571457551e-39
PSSAI17_REV_CPLX_dummy,0.0,-1.9441715871611355e-07
PSSAI17_FWD_CPLX_dummy,0.00019532911128250342,-2.2872359777576947e-39
PTA2_REV_g.2936.peg.1117-MONOMER,0.0,-2.988576841222821e-07
PTA2_FWD_g.2936.peg.1117-MONOMER,2.0514187083794138e-22,-2.801397777086653e-37
PTAr_REV_g.2936.peg.1117-MONOMER,0.0,-2.988576841222821e-07
PTAr_FWD_g.2936.peg.1117-MONOMER,1.4323168190486133,-2.6430305714481753e-36
PTPAT_REV_679192.3.peg.644-MONOMER_mod_mg2(1),0.0,-2.541069808434378e-07
PTPAT_FWD_679192.3.peg.644-MONOMER_mod_mg2(1),0.00018060282806182438,3.2253537080510184e-40
PUNP1_REV_g.2936.peg.617-MONOMER,0.0,-2.8109014236107074e-07
PUNP1_FWD_g.2936.peg.617-MONOMER,0.0,-5.276872625929471e-09
PUNP1_REV_g.2936.peg.277-MONOMER,0.0,-2.758132697351413e-07
PUNP1_FWD_g.2936.peg.277-MONOMER,1.030376882671096e-05,-8.928037195225915e-37
PUNP2_REV_g.2936.peg.617-MONOMER,0.0,-2.8109014236107074e-07
PUNP2_FWD_g.2936.peg.617-MONOMER,0.0,-5.276872625929471e-09
PUNP2_REV_g.2936.peg.277-MONOMER,0.0,-2.758132697351413e-07
PUNP2_FWD_g.2936.peg.277-MONOMER,0.0007986653864750464,2.327252090614893e-41
PUNP3_REV_g.2936.peg.617-MONOMER,0.0,-2.8109014236107074e-07
PUNP3_FWD_g.2936.peg.617-MONOMER,0.0,-5.276872625929471e-09
PUNP3_REV_g.2936.peg.277-MONOMER,0.0,-2.758132697351413e-07
PUNP3_FWD_g.2936.peg.277-MONOMER,0.0,2.327252090614893e-41
PUNP4_REV_g.2936.peg.617-MONOMER,0.0,-2.641604001712174e-07
PUNP4_FWD_g.2936.peg.617-MONOMER,0.0,-2.2206614815782832e-08
PUNP4_REV_g.2936.peg.277-MONOMER,0.0,-2.588835275452879e-07
PUNP4_FWD_g.2936.peg.277-MONOMER,0.0,-1.6929742189853363e-08
PUNP5_REV_g.2936.peg.617-MONOMER,0.0,-5.276872625929471e-09
PUNP5_FWD_g.2936.peg.617-MONOMER,0.0,-2.8109014236107074e-07
PUNP5_REV_g.2936.peg.277-MONOMER,1.6502051955927127e-23,2.094526881553404e-40
PUNP5_FWD_g.2936.peg.277-MONOMER,0.0,-2.758132697351413e-07
PUNP6_REV_g.2936.peg.617-MONOMER,0.0,-2.8109014236107074e-07
PUNP6_FWD_g.2936.peg.617-MONOMER,0.0,-5.276872625929471e-09
PUNP6_REV_g.2936.peg.277-MONOMER,0.0,-2.758132697351413e-07
PUNP6_FWD_g.2936.peg.277-MONOMER,0.0,2.327252090614893e-41
PUNP7_REV_g.2936.peg.617-MONOMER,0.0,-2.8109014236107074e-07
PUNP7_FWD_g.2936.peg.617-MONOMER,0.0,-5.276872625929471e-09
PUNP7_REV_g.2936.peg.277-MONOMER,0.0,-2.758132697351413e-07
PUNP7_FWD_g.2936.peg.277-MONOMER,0.0,2.094526881553404e-40
PYK_REV_g.2936.peg.1297-MONOMER_mod_mg2(1)_mod_k(1),0.0,-2.971758370458169e-07
PYK_FWD_g.2936.peg.1297-MONOMER_mod_mg2(1)_mod_k(1),0.0,-4.591563218841403e-12
PYK_REV_g.2936.peg.1297-MONOMER_mod_mn2(1)_mod_k(1),0.0,-2.971712454825981e-07
PYK_FWD_g.2936.peg.1297-MONOMER_mod_mn2(1)_mod_k(1),0.34860381038191257,8.664710517577184e-36
PYNP2r_REV_g.2936.peg.1246-MONOMER,0.0,-1.8015816775438815e-07
PYNP2r_FWD_g.2936.peg.1246-MONOMER,0.0007986653864750464,1.901892900097102e-36
PYNP2r_REV_g.2936.peg.546-MONOMER,0.0,-2.3066322946974344e-07
PYNP2r_FWD_g.2936.peg.546-MONOMER,0.0,-5.050506171535529e-08
Q8abc_REV_CPLX_dummy,0.0,-1.9441715871611355e-07
Q8abc_FWD_CPLX_dummy,0.0,8.574616562673794e-41
RB5PE_REV_CPLX_dummy,0.0,0.0
RB5PE_FWD_CPLX_dummy,0.0,-1.9441715871611355e-07
RBFK_REV_679192.3.peg.1080-MONOMER,0.0,-1.8906433721788867e-07
RBFK_FWD_679192.3.peg.1080-MONOMER,0.00018060285350317013,7.0821473610547155e-40
RBK_REV_g.2936.peg.659-MONOMER_mod_k(1)_mod_mg2(1),0.0,-2.2149270197006608e-07
RBK_FWD_g.2936.peg.659-MONOMER_mod_k(1)_mod_mg2(1),-3.352750919083006e-23,-3.041645449343028e-41
RBP4E_REV_g.2936.peg.647-MONOMER_mod_zn2(1),0.0,-2.4787345597314106e-07
RBP4E_FWD_g.2936.peg.647-MONOMER_mod_zn2(1),0.0,0.0
RDH1_REV_g.2936.peg.1107-MONOMER,0.0,-2.0015593296835255e-07
RDH1_FWD_g.2936.peg.1107-MONOMER,0.0,-1.9942175804742696e-40
RDH1_REV_g.2936.peg.1127-MONOMER_mod_fe2(1),0.0,-4.0783682205766234e-07
RDH1_FWD_g.2936.peg.1127-MONOMER_mod_fe2(1),0.0,-2.0768088908930982e-07
RHC_REV_CPLX_dummy,0.0,7.506003840362432e-07
RHC_FWD_CPLX_dummy,0.0,-9.450175427523567e-07
RHCCE_REV_CPLX_dummy,0.0,5.901942236235348e-07
RHCCE_FWD_CPLX_dummy,0.0,-7.846113823396484e-07
RIBABCte_REV_g.2936.peg.318-MONOMER,0.0,7.808528684855627e-07
RIBABCte_FWD_g.2936.peg.318-MONOMER,0.0,-9.779443353689828e-07
RIBFLVt2r_REV_g.2936.peg.672-MONOMER,0.0,-1.699393155218503e-07
RIBFLVt2r_FWD_g.2936.peg.672-MONOMER,0.0003612056815649945,6.332837104345906e-41
RIBabc_REV_g.2936.peg.318-MONOMER,0.0,9.07248030594866e-07
RIBabc_FWD_g.2936.peg.318-MONOMER,0.0,-1.104339497478286e-06
RNDR1_REV_g.2936.peg.851-MONOMER,0.0,-1.717451944946175e-07
RNDR1_FWD_g.2936.peg.851-MONOMER,0.0,-8.736355395557169e-08
RNDR1_REV_g.2936.peg.1130-MONOMER,0.0,-1.4927040214547207e-07
RNDR1_FWD_g.2936.peg.1130-MONOMER,0.0,-6.488876160642624e-08
RNDR1_REV_g.2936.peg.967-MONOMER,0.0,-1.956543391493341e-07
RNDR1_FWD_g.2936.peg.967-MONOMER,0.0,-1.1127269861028828e-07
RNDR2_REV_g.2936.peg.851-MONOMER,0.0,-2.3663395610104375e-07
RNDR2_FWD_g.2936.peg.851-MONOMER,0.0,-2.2474792349145443e-08
RNDR2_REV_g.2936.peg.1130-MONOMER,0.0,-2.141591637518983e-07
RNDR2_FWD_g.2936.peg.1130-MONOMER,0.0007986653864750464,-2.2603564391111987e-34
RNDR2_REV_g.2936.peg.967-MONOMER,0.0,-2.6054310075576033e-07
RNDR2_FWD_g.2936.peg.967-MONOMER,0.0,-4.6383937003862043e-08
RNDR3_REV_g.2936.peg.851-MONOMER,0.0,7.051379110132374e-07
RNDR3_FWD_g.2936.peg.851-MONOMER,0.0,-9.642466594634267e-07
RNDR3_REV_g.2936.peg.1130-MONOMER,0.0,7.276127033623829e-07
RNDR3_FWD_g.2936.peg.1130-MONOMER,0.0,-9.417718671142812e-07
RNDR3_REV_g.2936.peg.967-MONOMER,0.0,6.812287663585209e-07
RNDR3_FWD_g.2936.peg.967-MONOMER,0.0,-9.881558041181432e-07
RNDR4_REV_g.2936.peg.851-MONOMER,0.0,-6.96489877267751e-08
RNDR4_FWD_g.2936.peg.851-MONOMER,0.0,-1.894597607234141e-07
RNDR4_REV_g.2936.peg.1130-MONOMER,0.0,-4.717419537762965e-08
RNDR4_FWD_g.2936.peg.1130-MONOMER,0.0,-1.6698496837426865e-07
RNDR4_REV_g.2936.peg.967-MONOMER,0.0,-9.355813238149169e-08
RNDR4_FWD_g.2936.peg.967-MONOMER,0.0,-2.133689053781307e-07
RNTR1_REV_g.2936.peg.609-MONOMER,0.0,-3.108265333374195e-07
RNTR1_FWD_g.2936.peg.609-MONOMER,0.0,-3.202773408226014e-08
RNTR1_REV_g.2936.peg.961-MONOMER,0.0,-2.787987992551594e-07
RNTR1_FWD_g.2936.peg.961-MONOMER,0.0013925111732921156,-1.842252838087873e-34
RNTR2_REV_g.2936.peg.609-MONOMER,0.0,-2.78506715585789e-07
RNTR2_FWD_g.2936.peg.609-MONOMER,0.0,-6.434755183389068e-08
RNTR2_REV_g.2936.peg.961-MONOMER,0.0,-2.464789815035288e-07
RNTR2_FWD_g.2936.peg.961-MONOMER,0.0,-3.231981775163054e-08
RNTR3_REV_g.2936.peg.609-MONOMER,0.0,6.632651515284922e-07
RNTR3_FWD_g.2936.peg.609-MONOMER,0.0,-1.006119418948172e-06
RNTR3_REV_g.2936.peg.961-MONOMER,0.0,6.952928856107524e-07
RNTR3_FWD_g.2936.peg.961-MONOMER,0.0,-9.740916848659119e-07
RNTR4_REV_g.2936.peg.609-MONOMER,0.0,-1.431316785346355e-08
RNTR4_FWD_g.2936.peg.609-MONOMER,0.0,-3.2854109956621613e-07
RNTR4_REV_g.2936.peg.961-MONOMER,0.0,1.771456622879659e-08
RNTR4_FWD_g.2936.peg.961-MONOMER,0.0,-2.9651336548395596e-07
RPE_REV_g.2936.peg.1045-MONOMER,0.0,-1.740793333372436e-07
RPE_FWD_g.2936.peg.1045-MONOMER,0.0,-3.0371240251527257e-09
RPE_REV_g.2936.peg.168-MONOMER_mod_cobalt2(1),0.0,-1.7104220931209087e-07
RPE_FWD_g.2936.peg.168-MONOMER_mod_cobalt2(1),0.013364645427695006,0.0
RPI_REV_CPLX_dummy,0.0,-1.9441715871611355e-07
RPI_FWD_CPLX_dummy,0.01354524825575683,1.0197771003322247e-41
RZ5PP_REV_CPLX_dummy,0.0,-1.9441715871611355e-07
RZ5PP_FWD_CPLX_dummy,0.0,-2.8582055208912646e-41
SADH_REV_g.2936.peg.594-MONOMER,0.0,-2.0296440340650323e-07
SADH_FWD_g.2936.peg.594-MONOMER,0.0,3.279791172743794e-41
SALCpts_REV_g.2936.peg.1229-MONOMER,0.0,-2.190341423939031e-07
SALCpts_FWD_g.2936.peg.1229-MONOMER,0.0,0.0
SBTpts_REV_g.2936.peg.1229-MONOMER,0.0,-2.190341423939031e-07
SBTpts_FWD_g.2936.peg.1229-MONOMER,0.0,0.0
SERt2r_REV_CPLX_dummy,0.0,-1.9441715871611355e-07
SERt2r_FWD_CPLX_dummy,1.0,1.829788782206156e-41
SGAT_REV_g.2936.peg.536-MONOMER,0.0,-1.596042497534573e-07
SGAT_FWD_g.2936.peg.536-MONOMER,0.0,-9.545708498788632e-09
SHEMEabc_REV_CPLX_dummy,0.0,-1.9441715871611355e-07
SHEMEabc_FWD_CPLX_dummy,0.00018060282806182438,-1.4291027604456323e-40
SHK3Dr_REV_g.2936.peg.67-MONOMER,0.0,-3.877284795385831e-40
SHK3Dr_FWD_g.2936.peg.67-MONOMER,0.0,-2.010924979555826e-07
SHKK_REV_679192.3.peg.140-MONOMER,0.0,-2.391406293424485e-07
SHKK_FWD_679192.3.peg.140-MONOMER,0.0,-1.9546335457259175e-39
SO4t2_REV_CPLX_dummy,0.0,-2.6469299208920035e-41
SO4t2_FWD_CPLX_dummy,0.0,-1.9441715871611355e-07
SPMDAT1_REV_g.2936.peg.925-MONOMER,0.0,-1.689705381104176e-07
SPMDAT1_FWD_g.2936.peg.925-MONOMER,0.0,2.083985209599394e-40
SPMDAT2_REV_g.2936.peg.925-MONOMER,0.0,1.6661972115838051e-06
SPMDAT2_FWD_g.2936.peg.925-MONOMER,0.0,-1.8351677496942227e-06
SPMDabc_REV_CPLX_dummy,0.0,-1.9441715871611355e-07
SPMDabc_FWD_CPLX_dummy,0.00018060282806182438,5.430590489693403e-40
STCOATA_REV_CPLX_dummy,0.0,-1.0675428785684541e-07
STCOATA_FWD_CPLX_dummy,0.0,-8.766287085926814e-08
SUCCt2r_REV_CPLX_dummy,0.0,-1.001894419028971e-07
SUCCt2r_FWD_CPLX_dummy,0.0,-9.422771681321646e-08
SUCD1_REV_g.2936.peg.1059-MONOMER,0.0,-6.620795499696922e-10
SUCD1_FWD_g.2936.peg.1059-MONOMER,0.0,-2.2114308540523097e-07
SUCD1_REV_g.2936.peg.1035-MONOMER,0.0,-2.8795898198655393e-09
SUCD1_FWD_g.2936.peg.1035-MONOMER,0.0,-2.2336059567512681e-07
SUCD1_REV_g.2936.peg.64-MONOMER,0.0,-5.632809712815638e-09
SUCD1_FWD_g.2936.peg.64-MONOMER,0.0,-2.261138155680769e-07
SUCD1_REV_g.2936.peg.489-MONOMER,0.0,3.3770151485793636e-40
SUCD1_FWD_g.2936.peg.489-MONOMER,0.0,-2.2048100585526128e-07
SUCD1_REV_g.2936.peg.842-MONOMER,0.0,-1.1030288722476163e-08
SUCD1_FWD_g.2936.peg.842-MONOMER,0.0,-2.3151129457773745e-07
SUCD4_REV_CPLX_dummy,0.0,-1.1024050292763064e-07
SUCD4_FWD_CPLX_dummy,0.0,-8.417665578848291e-08
SUCDi_REV_g.2936.peg.1059-MONOMER,0.0,-1.3694003119543556e-08
SUCDi_FWD_g.2936.peg.1059-MONOMER,0.0,-2.0811116183565711e-07
SUCDi_REV_g.2936.peg.1035-MONOMER,0.0,-1.5911513389439403e-08
SUCDi_FWD_g.2936.peg.1035-MONOMER,0.0,-2.1032867210555296e-07
SUCDi_REV_g.2936.peg.64-MONOMER,0.0,-1.86647332823895e-08
SUCDi_FWD_g.2936.peg.64-MONOMER,0.0,-2.1308189199850306e-07
SUCDi_REV_g.2936.peg.489-MONOMER,0.0,-1.3031923569573864e-08
SUCDi_FWD_g.2936.peg.489-MONOMER,0.0,-2.074490822856874e-07
SUCDi_REV_g.2936.peg.842-MONOMER,0.0,-2.4062212292050027e-08
SUCDi_FWD_g.2936.peg.842-MONOMER,0.0,-2.1847937100816357e-07
SUCpts_REV_g.2936.peg.1229-MONOMER,0.0,-2.190341423939031e-07
SUCpts_FWD_g.2936.peg.1229-MONOMER,0.0,0.0
SUDPDGT_REV_CPLX_dummy,0.0,-1.9441715871611355e-07
SUDPDGT_FWD_CPLX_dummy,0.00016433203660715697,-7.432009589914935e-41
SUDPMGT_REV_CPLX_dummy,0.0,-1.9441715871611355e-07
SUDPMGT_FWD_CPLX_dummy,0.00016433203660715697,-7.432009589914935e-41
TALA_REV_CPLX_dummy,0.0,-1.364488468323416e-07
TALA_FWD_CPLX_dummy,0.0,-5.796831188377198e-08
TDCOATA_REV_CPLX_dummy,0.0,-9.720857935805678e-08
TDCOATA_FWD_CPLX_dummy,0.0,-9.720857935805678e-08
TDG3PACT_REV_g.2936.peg.536-MONOMER,0.0,-1.6914995825224594e-07
TDG3PACT_FWD_g.2936.peg.536-MONOMER,0.0,-2.743788297575394e-40
TECA1S180_REV_CPLX_dummy,0.0,-1.9441715871611355e-07
TECA1S180_FWD_CPLX_dummy,0.00016433203660715697,2.7648283724246075e-39
TECA1SAI17_REV_CPLX_dummy,0.0,-1.9441715871611355e-07
TECA1SAI17_FWD_CPLX_dummy,0.00016433203660715697,2.0366431220740935e-39
TECA1SI17_REV_CPLX_dummy,0.0,-1.9441715871611355e-07
TECA1SI17_FWD_CPLX_dummy,0.00016433203660715697,-1.4791262897744814e-40
TECA2S180_REV_CPLX_dummy,0.0,-1.9441715871611355e-07
TECA2S180_FWD_CPLX_dummy,4.1083009151789243e-05,8.590310375228719e-39
TECA2SAI17_REV_CPLX_dummy,0.0,-1.9441715871611355e-07
TECA2SAI17_FWD_CPLX_dummy,4.1083009151789243e-05,-3.060653630379504e-39
TECA2SI17_REV_CPLX_dummy,0.0,-1.9441715871611355e-07
TECA2SI17_FWD_CPLX_dummy,4.1083009151789243e-05,2.7648283724246075e-39
TECA3S180_REV_CPLX_dummy,0.0,-1.9441715871611355e-07
TECA3S180_FWD_CPLX_dummy,4.1083009151789243e-05,1.6790722139306912e-39
TECA3SAI17_REV_CPLX_dummy,0.0,-1.9441715871611355e-07
TECA3SAI17_FWD_CPLX_dummy,4.1083009151789243e-05,-4.2909623244895444e-39
TECA3SI17_REV_CPLX_dummy,0.0,-1.9441715871611355e-07
TECA3SI17_FWD_CPLX_dummy,4.1083009151789243e-05,1.6790722139306912e-39
TECA4S_REV_CPLX_dummy,0.0,-1.9441715871611355e-07
TECA4S_FWD_CPLX_dummy,0.0,1.7282545691230118e-38
TECA5S180_REV_CPLX_dummy,0.0,-1.9441715871611355e-07
TECA5S180_FWD_CPLX_dummy,4.1083009151789243e-05,6.223708311589548e-39
TECA5SAI17_REV_CPLX_dummy,0.0,-1.9441715871611355e-07
TECA5SAI17_FWD_CPLX_dummy,4.1083009151789243e-05,2.3700154320001884e-38
TECA5SI17_REV_CPLX_dummy,0.0,-1.9441715871611355e-07
TECA5SI17_FWD_CPLX_dummy,4.1083009151789243e-05,1.204919031439366e-38
TECAAE_REV_CPLX_dummy,0.0,1.2196790403694702e-38
TECAAE_FWD_CPLX_dummy,0.0,-1.9441715871611355e-07
TECAGE_REV_CPLX_dummy,0.0,-6.1677480239656306e-40
TECAGE_FWD_CPLX_dummy,0.0,-1.9441715871611355e-07
TECAUE_REV_CPLX_dummy,0.0,2.1069311637860333e-40
TECAUE_FWD_CPLX_dummy,0.0,-1.9441715871611355e-07
THIORDXi_REV_g.2936.peg.1091-MONOMER,0.0,-7.88346015693826e-08
THIORDXi_FWD_g.2936.peg.1091-MONOMER,0.0,-1.2778302428609092e-07
THMDt2r_REV_CPLX_dummy,0.0,-1.9441715871611355e-07
THMDt2r_FWD_CPLX_dummy,0.0013925111732921156,-1.3234649604460017e-41
THMt3_REV_CPLX_dummy,0.0,-1.9441715871611355e-07
THMt3_FWD_CPLX_dummy,0.00018060424117235388,-1.3234649604460017e-41
THRD_L_REV_CPLX_dummy,0.0,-2.2958874039497803e-41
THRD_L_FWD_CPLX_dummy,0.0,-1.9441715871611355e-07
THRt2r_REV_CPLX_dummy,0.0,-1.9441715871611355e-07
THRt2r_FWD_CPLX_dummy,0.005734952389709059,-5.063819197646836e-41
THZPSN_REV_g.2936.peg.1026-MONOMER_mod_pydx5p(2),0.0,-2.3488415826502162e-07
THZPSN_FWD_g.2936.peg.1026-MONOMER_mod_pydx5p(2),0.0,-6.093502275256979e-40
TKT1_REV_679192.3.peg.333-MONOMER,0.0,-1.8478734502802843e-07
TKT1_FWD_679192.3.peg.333-MONOMER,0.0,-3.008169325510314e-09
TKT1_REV_679192.3.peg.332-MONOMER_mod_thmpp(1),0.0,-1.8177917570251812e-07
TKT1_FWD_679192.3.peg.332-MONOMER_mod_thmpp(1),0.006682322713847503,3.202021143026931e-41
TKT2_REV_679192.3.peg.333-MONOMER,0.0,-1.8478734502802843e-07
TKT2_FWD_679192.3.peg.333-MONOMER,0.0,-3.008169325510314e-09
TKT2_REV_679192.3.peg.332-MONOMER_mod_thmpp(1),0.0,-1.8177917570251812e-07
TKT2_FWD_679192.3.peg.332-MONOMER_mod_thmpp(1),0.006682322713847503,-1.6688369532974042e-41
TMDK1_REV_g.2936.peg.1034-MONOMER_mod_mg2(1),0.0,-1.6751097582613427e-07
TMDK1_FWD_g.2936.peg.1034-MONOMER_mod_mg2(1),0.0013925111732921156,2.680517659935078e-40
TMDK2_REV_CPLX_dummy,0.0,-8.375548791306714e-08
TMDK2_FWD_CPLX_dummy,0.0,-1.1066167080304642e-07
TMDPK_REV_g.2936.peg.39-MONOMER,0.0,-1.7013499718959173e-07
TMDPK_FWD_g.2936.peg.39-MONOMER,0.00018060424117235388,-2.1568405782972614e-40
TMN_REV_g.2936.peg.1001-MONOMER,0.0,5.5476734420771295e-08
TMN_FWD_g.2936.peg.1001-MONOMER,0.0,-3.333575830114558e-07
TPI_REV_679192.3.peg.215-MONOMER,0.0,-1.7827756456703978e-07
TPI_FWD_679192.3.peg.215-MONOMER,0.4246724852676109,2.05178935673868e-41
TRDRr_REV_g.2936.peg.1374-MONOMER,0.0,-2.503484285008705e-07
TRDRr_FWD_g.2936.peg.1374-MONOMER,0.002191176346766022,1.9202516431011986e-34
TREpts_REV_g.2936.peg.1229-MONOMER,0.0,-2.190341423939031e-07
TREpts_FWD_g.2936.peg.1229-MONOMER,0.0,0.0
TRPt2r_REV_CPLX_dummy,0.0,-1.9441715871611355e-07
TRPt2r_FWD_CPLX_dummy,0.001107004627523521,3.9713331260618e-41
TSULST_REV_g.2936.peg.1026-MONOMER_mod_pydx5p(2),0.0,8.70398267304303e-41
TSULST_FWD_g.2936.peg.1026-MONOMER_mod_pydx5p(2),0.0,-2.3488415826502162e-07
TYRTA_REV_g.2936.peg.147-MONOMER,0.0,-4.1772839732802637e-41
TYRTA_FWD_g.2936.peg.147-MONOMER,0.0,-2.0048619161698617e-07
TYRTA_REV_g.2936.peg.1326-MONOMER_mod_pydx5p(1),0.0,-1.5298035337666032e-08
TYRTA_FWD_g.2936.peg.1326-MONOMER_mod_pydx5p(1),0.0,-2.1578422695465218e-07
TYRt2r_REV_CPLX_dummy,0.0,-1.9441715871611355e-07
TYRt2r_FWD_CPLX_dummy,0.0048441407951174765,1.7801539111238153e-41
UAAGDS_REV_CPLX_dummy,0.0,-1.9441715871611355e-07
UAAGDS_FWD_CPLX_dummy,0.0,1.1147001531475932e-39
UACMAMAT_REV_CPLX_dummy,0.0,3.047123931865123e-39
UACMAMAT_FWD_CPLX_dummy,0.0,-1.9441715871611355e-07
UAG2E_REV_CPLX_dummy,0.0,-2.8179183175844327e-41
UAG2E_FWD_CPLX_dummy,0.0,-1.9441715871611355e-07
UAG4E_REV_CPLX_dummy,0.0,2.656389676618864e-40
UAG4E_FWD_CPLX_dummy,0.0,-1.9441715871611355e-07
UAGCVT_r_REV_g.2936.peg.88-MONOMER,0.0,-2.02238945969548e-07
UAGCVT_r_FWD_g.2936.peg.88-MONOMER,0.0,-3.5186927702008924e-40
UAGDP_REV_679192.3.peg.468-MONOMER_mod_mg2(1),0.0,-2.105198788402671e-07
UAGDP_FWD_679192.3.peg.468-MONOMER_mod_mg2(1),0.0,-3.7272004554879914e-08
UAGDP_REV_679192.3.peg.50-MONOMER,0.0,-1.7324787428538717e-07
UAGDP_FWD_679192.3.peg.50-MONOMER,0.0029579766589288253,-2.5160454904824424e-40
UAGPT2_REV_g.2936.peg.722-MONOMER,0.0,-1.9511050406574723e-07
UAGPT2_FWD_g.2936.peg.722-MONOMER,0.0,2.0350250275929296e-39
UAGPT3_REV_g.2936.peg.722-MONOMER,0.0,-1.9511050406574723e-07
UAGPT3_FWD_g.2936.peg.722-MONOMER,0.0,4.4174933525797744e-39
UAMAGS_REV_g.2936.peg.461-MONOMER_mod_k(1)_mod_mg2(1),0.0,-2.051428836821859e-07
UAMAGS_FWD_g.2936.peg.461-MONOMER_mod_k(1)_mod_mg2(1),0.0,-7.03821893224512e-40
UAMAS_REV_g.2936.peg.1064-MONOMER_mod_mg2(1),0.0,-2.0763781351995224e-07
UAMAS_FWD_g.2936.peg.1064-MONOMER_mod_mg2(1),0.0,3.944529379870909e-40
UAPGR_REV_g.2936.peg.396-MONOMER_mod_fad(1),0.0,-1.870198508159726e-07
UAPGR_FWD_g.2936.peg.396-MONOMER_mod_fad(1),0.0,-1.018760819095253e-39
UDCPDP_REV_g.2936.peg.737-MONOMER,0.0,-1.8438980608856088e-07
UDCPDP_FWD_g.2936.peg.737-MONOMER,0.0,-3.086800205205118e-39
UDCPDPS_REV_g.2936.peg.1128-MONOMER_mod_mg2(1),0.0,-2.1004734320856117e-07
UDCPDPS_FWD_g.2936.peg.1128-MONOMER_mod_mg2(1),4.1083009151789243e-05,5.933678734774646e-40
UDPGP_REV_g.2936.peg.624-MONOMER,0.0,1.137541924652902e-06
UDPGP_FWD_g.2936.peg.624-MONOMER,0.0,-1.3412747124598715e-06
UGMDDS_REV_CPLX_dummy,0.0,-1.9441715871611355e-07
UGMDDS_FWD_CPLX_dummy,0.0,-6.202305980334044e-39
UMPK_REV_679192.3.peg.818-MONOMER,0.0,-1.7611401854156756e-07
UMPK_FWD_679192.3.peg.818-MONOMER,0.014933784235241667,-1.5398408206088794e-36
UPPRT_REV_CPLX_UPPRT-0,0.0,1.86930185710657e-07
UPPRT_FWD_CPLX_UPPRT-0,0.0,-3.868619653580365e-07
UPPRT_REV_g.2936.peg.855-MONOMER,0.0,2.041929780756075e-07
UPPRT_FWD_g.2936.peg.855-MONOMER,0.0,-3.69599172993086e-07
URAt2_REV_g.2936.peg.1316-MONOMER,0.0,5.168857579142037e-07
URAt2_FWD_g.2936.peg.1316-MONOMER,0.0,-7.202435661528284e-07
URIDK3_REV_g.2936.peg.1337-MONOMER_mod_mg2(1),-6.181158878243797e-24,1.9641092474006893e-41
URIDK3_FWD_g.2936.peg.1337-MONOMER_mod_mg2(1),0.0,-1.9801979798942575e-07
URIK1_REV_g.2936.peg.532-MONOMER_mod_mg2(1),0.0,-1.7216903834365018e-07
URIK1_FWD_g.2936.peg.532-MONOMER_mod_mg2(1),0.0020753160363096742,-1.9484573817853575e-36
URIK1_REV_g.2936.peg.1170-MONOMER,0.0,-1.9529518930275565e-07
URIK1_FWD_g.2936.peg.1170-MONOMER,0.0,-2.3126150959105478e-08
URIK10_REV_g.2936.peg.532-MONOMER_mod_mg2(1),0.0,-7.496045898559339e-08
URIK10_FWD_g.2936.peg.532-MONOMER_mod_mg2(1),0.0,-9.720857935805678e-08
URIK11_REV_g.2936.peg.532-MONOMER_mod_mg2(1),0.0,-1.7216903834365018e-07
URIK11_FWD_g.2936.peg.532-MONOMER_mod_mg2(1),0.0,-3.793785323611566e-40
URIK12_REV_g.2936.peg.532-MONOMER_mod_mg2(1),0.0,-7.496045898559339e-08
URIK12_FWD_g.2936.peg.532-MONOMER_mod_mg2(1),0.0,-9.720857935805678e-08
URIK13_REV_g.2936.peg.532-MONOMER_mod_mg2(1),0.0,-7.496045898559339e-08
URIK13_FWD_g.2936.peg.532-MONOMER_mod_mg2(1),0.0,-9.720857935805678e-08
URIK14_REV_g.2936.peg.532-MONOMER_mod_mg2(1),0.0,-7.496045898559339e-08
URIK14_FWD_g.2936.peg.532-MONOMER_mod_mg2(1),0.0,-9.720857935805678e-08
URIK2_REV_g.2936.peg.532-MONOMER_mod_mg2(1),0.0,-7.496045898559339e-08
URIK2_FWD_g.2936.peg.532-MONOMER_mod_mg2(1),0.0,-9.720857935805678e-08
URIK2_REV_g.2936.peg.1170-MONOMER,0.0,-9.808660994469887e-08
URIK2_FWD_g.2936.peg.1170-MONOMER,0.0,-1.2033473031716225e-07
URIK3_REV_g.2936.peg.532-MONOMER_mod_mg2(1),0.0,-1.7216903834365018e-07
URIK3_FWD_g.2936.peg.532-MONOMER_mod_mg2(1),0.0,-5.126736923799414e-41
URIK3_REV_g.2936.peg.1170-MONOMER,0.0,-1.9529518930275565e-07
URIK3_FWD_g.2936.peg.1170-MONOMER,0.0,-2.3126150959105478e-08
URIK4_REV_g.2936.peg.532-MONOMER_mod_mg2(1),0.0,-7.496045898559339e-08
URIK4_FWD_g.2936.peg.532-MONOMER_mod_mg2(1),0.0,-9.720857935805678e-08
URIK5_REV_g.2936.peg.532-MONOMER_mod_mg2(1),0.0,-7.496045898559339e-08
URIK5_FWD_g.2936.peg.532-MONOMER_mod_mg2(1),0.0,-9.720857935805678e-08
URIK6_REV_g.2936.peg.532-MONOMER_mod_mg2(1),0.0,-1.7216903834365018e-07
URIK6_FWD_g.2936.peg.532-MONOMER_mod_mg2(1),-6.181158878243797e-24,-1.0253473847598827e-41
URIK7_REV_g.2936.peg.532-MONOMER_mod_mg2(1),0.0,-7.496045898559339e-08
URIK7_FWD_g.2936.peg.532-MONOMER_mod_mg2(1),0.0,-9.720857935805678e-08
URIK8_REV_g.2936.peg.532-MONOMER_mod_mg2(1),0.0,-7.496045898559339e-08
URIK8_FWD_g.2936.peg.532-MONOMER_mod_mg2(1),0.0,-9.720857935805678e-08
URIK9_REV_g.2936.peg.532-MONOMER_mod_mg2(1),0.0,-7.496045898559339e-08
URIK9_FWD_g.2936.peg.532-MONOMER_mod_mg2(1),0.0,-9.720857935805678e-08
URIt2r_REV_CPLX_dummy,0.0,-1.9441715871611355e-07
URIt2r_FWD_CPLX_dummy,0.0028739814227847207,8.743696250229787e-36
UTPATPT_REV_679192.3.peg.244-MONOMER_mod_mg2(1),0.0,-7.532685094914497e-08
UTPATPT_FWD_679192.3.peg.244-MONOMER_mod_mg2(1),0.0,-9.720857935805678e-08
VALt2r_REV_g.2936.peg.1162-MONOMER,0.0,-2.0439070190763754e-07
VALt2r_FWD_g.2936.peg.1162-MONOMER,0.0077219486364185075,0.0
XPPTr_REV_g.2936.peg.238-MONOMER,0.0,-1.673367346880932e-07
XPPTr_FWD_g.2936.peg.238-MONOMER,0.0,1.3577466628600193e-40
XPPTr_REV_g.2936.peg.782-MONOMER,0.0,-2.0091024025333854e-07
XPPTr_FWD_g.2936.peg.782-MONOMER,0.0,-3.357350556524533e-08
XTSNH_REV_g.2936.peg.920-MONOMER,0.0,7.340907051315066e-07
XTSNH_FWD_g.2936.peg.920-MONOMER,0.0,-9.226129964963026e-07
XTSNH_REV_g.2936.peg.642-MONOMER,0.0,7.338824545562892e-07
XTSNH_FWD_g.2936.peg.642-MONOMER,0.0,-9.228212470715202e-07
XYLI1_REV_g.2936.peg.1169-MONOMER,0.0,0.0
XYLI1_FWD_g.2936.peg.1169-MONOMER,0.0,-2.0480355280452314e-07
XYLI2_REV_g.2936.peg.1169-MONOMER,0.0,-1.3208858737642243e-41
XYLI2_FWD_g.2936.peg.1169-MONOMER,0.0,-2.0480355280452314e-07
YUMPS_REV_CPLX_YUMPS-1,0.0,-7.601460801348067e-09
YUMPS_FWD_CPLX_YUMPS-1,0.0,-2.3102844604836997e-07
YUMPS_REV_CPLX_YUMPS-0,0.0,1.0504165745494851e-40
YUMPS_FWD_CPLX_YUMPS-0,0.0,-2.2342698524702192e-07
ZNabc_REV_CPLX_ZNabc-7,0.0,-2.412084196022576e-07
ZNabc_FWD_CPLX_ZNabc-7,0.0,-1.5202613057769424e-09
ZNabc_REV_CPLX_ZNabc-4,0.0,-2.4017612369613973e-07
ZNabc_FWD_CPLX_ZNabc-4,0.0,-4.879653996590798e-10
ZNabc_REV_CPLX_ZNabc-1,0.0,-2.3968815829648063e-07
ZNabc_FWD_CPLX_ZNabc-1,8.221381682768169e-08,-4.608133530289304e-41
ZNabc_REV_CPLX_ZNabc-2,0.0,-2.414528792579913e-07
ZNabc_FWD_CPLX_ZNabc-2,0.0,-1.7647209615106829e-09
ZNabc_REV_CPLX_ZNabc-0,0.0,-2.4005920350641364e-07
ZNabc_FWD_CPLX_ZNabc-0,0.0,-3.7104520993302033e-10
ZNabc_REV_CPLX_ZNabc-6,0.0,-2.4156571200856326e-07
ZNabc_FWD_CPLX_ZNabc-6,0.0,-1.8775537120826247e-09
ZNabc_REV_CPLX_ZNabc-5,0.0,-2.398061130387516e-07
ZNabc_FWD_CPLX_ZNabc-5,0.0,-1.1795474227097155e-10
ZNabc_REV_CPLX_ZNabc-3,0.0,-2.410946354550485e-07
ZNabc_FWD_CPLX_ZNabc-3,0.0,-1.4064771585678994e-09
dreplication_REV_CPLX_dreplication-1,0.0,-4.586733856884839e-07
dreplication_FWD_CPLX_dreplication-1,0.0,-2.550485851851409e-09
dreplication_REV_CPLX_dreplication-0,0.0,-4.561228998366325e-07
dreplication_FWD_CPLX_dreplication-0,0.0,3.411167591249343e-41
pbiosynthesis_REV_CPLX_pbiosynthesis-2,0.0,-5.230155339048837e-07
pbiosynthesis_FWD_CPLX_pbiosynthesis-2,0.0,3.218668974439109e-41
pbiosynthesis_REV_CPLX_pbiosynthesis-1,0.0,-5.253183804861021e-07
pbiosynthesis_FWD_CPLX_pbiosynthesis-1,0.0,-2.30284658121828e-09
pbiosynthesis_REV_CPLX_pbiosynthesis-0,0.0,-5.468738170165316e-07
pbiosynthesis_FWD_CPLX_pbiosynthesis-0,0.0,-2.3858283111647855e-08
pbiosynthesis_REV_CPLX_pbiosynthesis-3,0.0,-5.253148847051374e-07
pbiosynthesis_FWD_CPLX_pbiosynthesis-3,0.0,-2.299350800253675e-09
r0060_REV_CPLX_r0060-0,0.0,-2.019065207747084e-07
r0060_FWD_CPLX_r0060-0,0.9933548401864181,-2.0213874791028313e-35
r0345_REV_g.2936.peg.2-MONOMER,0.0,-4.098859916699225e-41
r0345_FWD_g.2936.peg.2-MONOMER,0.0,-1.7257169067536357e-07
r0671_REV_g.2936.peg.176-MONOMER,0.0,-4.2806915609338644e-08
r0671_FWD_g.2936.peg.176-MONOMER,0.0,-9.717080031174682e-08
r0671_REV_g.2936.peg.119-MONOMER,0.0,-6.646418802015459e-08
r0671_FWD_g.2936.peg.119-MONOMER,0.0,-1.2082807272256275e-07
r0739_REV_g.2936.peg.1107-MONOMER,0.0,-2.0015593296835255e-07
r0739_FWD_g.2936.peg.1107-MONOMER,0.0,-1.9942175804742696e-40
r0739_REV_g.2936.peg.1127-MONOMER_mod_fe2(1),0.0,-4.0783682205766234e-07
r0739_FWD_g.2936.peg.1127-MONOMER_mod_fe2(1),0.0,-2.0768088908930982e-07
r1667_REV_g.2936.peg.317-MONOMER,0.0,-2.096592311425211e-07
r1667_FWD_g.2936.peg.317-MONOMER,0.14583404943343123,-6.509050652274171e-35
r2137_REV_CPLX_dummy,0.0,0.0
r2137_FWD_CPLX_dummy,0.0,-1.9441715871611355e-07
rtranscription_REV_CPLX_rtranscription-0,0.0,-3.776514749407517e-07
rtranscription_FWD_CPLX_rtranscription-0,0.0,0.0
sink_PGPm1[c]_REV_CPLX_dummy,0.0,0.0
sink_PGPm1[c]_FWD_CPLX_dummy,0.0,-1.9441715871611355e-07
dummy_reaction_REV_SPONT,0.0,1.0
dummy_reaction_FWD_SPONT,0.00022114241829050577,0.0
GAM,0.022746807569785307,-3.888869072128525e-05
ATPM,1.0,-9.425961829819244e-07
DNA_replication,0.004382353119534324,-0.004796584250530386
formation_ribosome,6.869179217807307e-07,-3.0814879110195774e-32
formation_RNAP_g2936peg892MONOMER,8.220773563705099e-08,-1.2161708591806955e-32
formation_RNA_degradosome,5.712162459581005e-12,0.0
formation_rRNA_containing_excision_machinery,4.006458918713621e-13,4.954180580514798e-34
formation_monocistronic_excision_machinery,1.0830483365378399e-12,0.0
CPLX_dummy_mod_2fe2s(1)_to_generic_2fe2s_transfer_complex,0.0,0.0
CPLX_dummy_2fe2s_unloading,0.0,0.0
CPLX_dummy_mod_4fe4s(1)_to_generic_4fe4s_transfer_complex,1.298207265815223e-20,0.0
CPLX_dummy_4fe4s_unloading,0.0,-1.1197138356728744e-34
translocation_g.2936.peg.375_Periplasm,0.0,-2.4791609571461395e-34
translocation_g.2936.peg.228_Membrane,3.126336512406047e-08,-1.5389106530522154e-34
translocation_g.2936.peg.1127_Membrane,0.0,-2.8367529359290384e-34
translocation_g.2936.peg.734_Inner_Membrane,0.0,0.0
translocation_g.2936.peg.1014_Inner_Membrane,2.760408924708204e-43,-2.5028664348366005e-34
translocation_g.2936.peg.292_Membrane,1.1768796344347236e-07,0.0
translocation_g.2936.peg.1304_Inner_Membrane,0.0,0.0
translocation_g.2936.peg.1058_Inner_Membrane,0.0,-3.365861970525935e-34
translocation_g.2936.peg.194_Inner_Membrane,0.0,7.828694479121688e-34
translocation_g.2936.peg.616_Inner_Membrane,0.0,0.0
translocation_g.2936.peg.1348_Inner_Membrane,3.890217034992131e-11,-2.4837043789264218e-34
translocation_g.2936.peg.1274_Inner_Membrane,2.5070595764388087e-10,0.0
translocation_g.2936.peg.53_Membrane,3.554320645812154e-08,0.0
translocation_g.2936.peg.277_Membrane,4.170545026201352e-09,0.0
translocation_g.2936.peg.737_Inner_Membrane,0.0,2.243239422104356e-34
translocation_g.2936.peg.1120_Inner_Membrane,4.287054514225404e-11,0.0
translocation_679192.3.peg.1031_Membrane,9.286797196464785e-08,-1.4177501944556949e-34
translocation_679192.3.peg.1336_Membrane,0.0,-1.4564204537860753e-34
translocation_679192.3.peg.214_Membrane,6.300323842915123e-08,-1.3935771296426403e-34
translocation_g.2936.peg.705_Inner_Membrane,1.9017697964670943e-19,0.0
translocation_g.2936.peg.536_Inner_Membrane,3.541968759193649e-10,0.0
translocation_g.2936.peg.1370_Inner_Membrane,2.43411294626927e-08,-7.546502343802043e-35
translocation_g.2936.peg.474_Inner_Membrane,0.0,2.460845279817983e-34
translocation_g.2936.peg.1162_Inner_Membrane,2.3889461307896515e-09,-2.435968457900812e-34
translocation_g.2936.peg.217_Inner_Membrane,-1.457054308571634e-30,0.0
translocation_g.2936.peg.541_Inner_Membrane,-1.457054308571634e-30,9.540727858443242e-35
translocation_g.2936.peg.607_Membrane,0.0,2.804623953326953e-34
translocation_g.2936.peg.139_Inner_Membrane,0.0,-3.605194376470585e-34
translocation_g.2936.peg.328_Inner_Membrane,2.361312927856923e-10,-1.0897100641984578e-34
translocation_g.2936.peg.779_Inner_Membrane,0.0,7.153838978602543e-34
translocation_g.2936.peg.1297_Membrane,3.418639192757208e-08,-4.245482624038884e-34
translocation_g.2936.peg.1091_Inner_Membrane,4.260023005095019e-10,-7.537450486327888e-35
translocation_g.2936.peg.722_Inner_Membrane,0.0,-1.9153513857341092e-34
translocation_g.2936.peg.586_Membrane,0.0,-6.441775593185534e-35
translocation_g.2936.peg.1316_Inner_Membrane,0.0,0.0
translocation_g.2936.peg.33_Periplasm,3.8076526109459395e-15,1.7524939616018612e-34
translocation_g.2936.peg.831_Inner_Membrane,3.8076526109459395e-15,0.0
translocation_g.2936.peg.549_Membrane,1.9473009400234937e-09,2.4688199745377254e-34
translocation_g.2936.peg.614_Membrane,6.869208891691875e-07,-9.460202342383778e-35
translocation_g.2936.peg.664_Membrane,9.447514782643735e-10,0.0
translocation_g.2936.peg.694_Membrane,2.8611246215650043e-09,0.0
translocation_g.2936.peg.830_Membrane,7.333781773580253e-10,-2.6548624546110666e-34
translocation_g.2936.peg.1116_Membrane,9.214754330495385e-13,3.1611184640811348e-34
translocation_g.2936.peg.1166_Membrane,1.3620974118971362e-13,-1.4985513247755915e-34
translocation_g.2936.peg.1264_Membrane,1.1204727246086804e-08,1.570311830012942e-34
translocation_g.2936.peg.242_Inner_Membrane,1.335486306237872e-13,1.4620438660148917e-34
translocation_g.2936.peg.253_Membrane,7.764533896571683e-11,2.8740381395052266e-34
translocation_g.2936.peg.258_Membrane,6.869179217807307e-07,0.0
translocation_g.2936.peg.294_Inner_Membrane,6.810487059485681e-14,-2.838917168491465e-34
translocation_g.2936.peg.306_Membrane,1.7136487378743016e-11,-2.370437384817416e-34
translocation_g.2936.peg.401_Inner_Membrane,1.5812206024864681e-12,0.0
translocation_g.2936.peg.463_Inner_Membrane,8.927218581071795e-10,0.0
translocation_g.2936.peg.690_Membrane,3.882266948285836e-11,1.1831803611914732e-34
translocation_g.2936.peg.887_Inner_Membrane,1.1204727246086804e-08,0.0
biomass_constituent_demand,0.022746807569785307,-0.004857226437322765
TS_4fe4s_c,-1.3354864360585986e-13,0.0
TS_adocbl_c,-0.00018060282806182438,0.0
